500

0\0_0_147.jpg
400 300
107 6 281 264; 106 6 279 269; 108 5 278 269; 106 6 278 270; 119 21 274 277; 108 5 278 269; 106 6 278 269; 108 6 278 269; 106 6 277 269; 

0\0_0_155.jpg
400 300
144 102 299 254; 142 102 299 252; 142 100 297 246; 146 101 298 257; 142 99 300 249; 145 99 300 251; 144 102 296 256; 142 101 297 242; 144 102 298 256; 

0\0_0_272.jpg
300 400
64 43 209 299; 61 41 206 302; 61 43 204 299; 61 42 204 301; 60 41 206 302; 60 45 205 299; 61 42 203 302; 61 42 203 301; 61 42 203 302; 

0\0_0_280.jpg
400 300
88 44 304 278; 92 36 301 276; 92 38 300 278; 92 38 301 277; 92 46 298 274; 94 38 301 274; 92 38 301 277; 91 38 301 277; 92 38 301 277; 

0\0_0_284.jpg
400 300
40 70 366 221; 25 72 368 226; 28 72 368 222; 28 71 368 225; 29 68 369 222; 26 70 368 215; 27 72 368 214; 27 71 367 214; 27 72 368 214; 

0\0_0_307.jpg
400 300
216 80 346 205; 215 77 346 201; 216 78 346 200; 216 79 344 199; 218 79 341 198; 216 79 345 199; 217 79 344 199; 216 79 345 200; 217 79 344 199; 

0\0_0_355.jpg
400 300
122 21 278 146; 122 20 278 150; 123 19 277 147; 123 21 278 146; 119 17 281 150; 121 16 277 149; 123 20 278 146; 122 19 278 152; 123 20 278 146; 

0\0_0_431.jpg
400 300
6 21 218 270; 0 12 222 273; 1 13 219 272; 1 15 221 269; 1 14 222 270; 0 14 220 272; 0 15 220 270; 266 64 280 178; 0 15 220 247; 

0\0_0_547.jpg
300 400
54 24 254 351; 45 24 258 356; 44 25 256 351; 45 26 256 352; 34 32 273 348; 48 46 254 350; 64 26 248 246; 46 26 256 351; 64 26 249 238; 

0\0_0_579.jpg
300 400
39 190 264 352; 37 189 265 354; 38 189 266 352; 37 190 264 353; 41 182 269 349; 41 189 264 352; 38 190 263 353; 50 203 253 354; 38 190 263 353; 

0\0_0_610.jpg
400 300
76 51 298 149; 77 52 301 146; 78 56 299 146; 76 54 299 146; 78 51 303 147; 76 54 299 142; 76 54 298 146; 76 56 300 139; 76 54 299 148; 

0\0_0_735.jpg
400 300
6 58 242 295; 1 56 244 298; 2 56 243 297; 3 57 244 298; 11 56 251 285; 2 57 243 297; 3 57 242 296; 2 58 243 297; 3 57 242 296; 

0\0_0_77.jpg
400 300
61 122 351 271; 60 121 350 267; 58 125 348 265; 59 122 348 267; 61 141 342 266; 59 124 348 268; 60 122 348 266; 60 122 348 266; 60 122 348 266; 

0\0_0_775.jpg
300 400
82 9 246 393; 81 13 246 389; 82 12 246 389; 82 11 246 394; 72 32 258 394; 85 46 246 353; 83 10 246 392; 84 11 245 392; 83 10 246 392; 

0\0_0_818.jpg
300 400
102 86 268 304; 101 86 269 309; 101 87 268 306; 102 88 267 306; 100 84 259 314; 102 86 268 307; 102 88 267 306; 102 88 267 306; 102 88 267 306; 

0\0_0_840.jpg
400 300
16 62 334 232; 2 61 336 232; 0 63 332 232; 1 62 333 232; 8 62 332 217; 1 62 335 232; 0 64 334 231; 1 59 334 231; 0 64 334 231; 

0\0_0_899.jpg
400 300
123 20 292 184; 122 20 290 185; 125 22 289 185; 122 22 289 184; 114 15 285 185; 125 21 289 182; 122 21 289 184; 123 21 289 184; 122 21 289 184; 

0\0_0_951.jpg
300 400
49 36 217 288; 45 32 217 291; 44 34 216 289; 45 34 218 291; 41 38 211 275; 47 45 215 289; 44 34 217 290; 45 34 216 291; 44 34 217 290; 

0\0_1_1004.jpg
400 300
19 124 284 251; 16 124 283 252; 17 126 284 251; 17 126 284 250; 9 116 289 257; 16 125 283 246; 17 126 283 249; 17 126 282 250; 17 126 282 249; 

0\0_1_1039.jpg
400 300
9 9 179 180; 1 4 182 182; 2 6 182 181; 1 8 181 180; 16 14 181 182; 6 8 176 179; 0 7 181 181; 0 6 181 181; 0 7 181 181; 

0\0_1_1288.jpg
400 300
74 134 307 292; 74 133 308 300; 74 132 305 300; 73 135 305 300; 71 128 319 296; 76 136 303 299; 73 141 221 300; 74 135 305 299; 73 141 221 300; 

0\0_1_1339.jpg
400 300
99 32 279 212; 95 29 278 215; 93 28 279 216; 95 30 281 216; 102 39 274 201; 100 28 276 207; 94 30 279 217; 96 31 279 213; 94 30 276 216; 

0\0_1_1409.jpg
400 300
78 66 244 294; 79 68 242 300; 78 69 241 300; 78 69 241 299; 79 62 242 294; 78 69 240 299; 77 69 241 300; 78 70 241 300; 77 69 241 300; 

0\0_1_1427.jpg
400 300
28 116 351 283; 19 117 353 283; 20 118 353 286; 20 118 352 283; 24 114 345 274; 22 120 351 279; 20 118 352 282; 21 116 351 282; 20 118 352 282; 

0\0_1_1459.jpg
300 400
56 66 257 334; 52 63 260 331; 51 69 256 329; 54 66 256 331; 163 64 264 322; 55 66 259 327; 55 66 253 331; 189 66 254 329; 55 66 254 331; 

0\0_1_1611.jpg
266 400
66 114 171 351; 61 113 176 350; 64 112 173 348; 64 113 172 351; 68 96 174 350; 63 112 170 349; 64 112 171 348; 62 114 170 348; 64 113 171 348; 

0\0_1_1626.jpg
300 400
18 14 256 312; 12 16 254 316; 14 11 252 311; 17 11 253 310; 18 9 269 311; 14 45 252 309; 16 12 252 312; 16 9 252 316; 16 12 252 312; 

0\0_1_1650.jpg
400 300
53 96 348 259; 53 93 348 254; 56 106 346 254; 56 91 346 252; 50 101 351 251; 53 91 347 252; 57 91 347 252; 56 91 346 252; 57 91 347 252; 

0\0_1_1664.jpg
400 300
53 54 254 296; 58 48 252 294; 96 64 252 294; 58 41 252 294; 56 58 271 294; 59 48 252 292; 94 65 251 290; 58 51 252 292; 57 51 251 291; 

0\0_1_1696.jpg
400 300
84 26 281 233; 87 22 283 238; 88 23 281 234; 88 19 282 236; 86 23 296 232; 88 20 282 233; 90 19 282 237; 88 23 282 234; 90 19 282 237; 

0\0_1_1728.jpg
400 300
91 52 300 246; 98 52 302 249; 102 51 304 244; 97 50 302 245; 94 44 315 245; 102 51 303 245; 98 51 301 244; 103 51 302 246; 98 51 301 244; 

0\0_1_1865.jpg
400 300
26 98 168 292; 26 99 165 300; 29 101 165 299; 28 101 165 300; 16 86 168 299; 30 99 165 299; 28 100 165 300; 28 101 164 300; 28 100 165 300; 

0\0_1_1934.jpg
400 300
89 64 371 284; 90 61 385 292; 91 62 364 291; 91 62 382 291; 82 71 374 288; 91 62 365 291; 91 62 382 291; 91 63 364 289; 91 62 382 291; 

0\0_2_2225.jpg
266 400
82 167 199 368; 81 166 194 366; 89 166 197 364; 82 166 198 364; 78 156 198 371; 89 166 198 354; 84 165 199 364; 84 166 198 364; 84 165 198 364; 

0\0_2_2268.jpg
400 300
62 34 334 252; 55 33 338 256; 58 34 336 234; 59 37 336 255; 56 33 333 249; 58 36 337 254; 59 37 336 253; 60 37 337 253; 59 37 336 253; 

0\0_2_2276.jpg
300 400
136 86 281 321; 134 85 278 322; 136 87 278 319; 136 87 277 320; 141 78 276 321; 137 89 278 320; 136 87 276 321; 136 87 278 322; 136 87 276 321; 

0\0_2_2301.jpg
400 300
150 71 304 296; 152 71 311 300; 152 71 308 300; 152 72 308 299; 147 64 311 299; 153 71 308 299; 152 70 270 300; 152 71 308 300; 152 70 308 300; 

0\0_2_2304.jpg
300 400
61 58 279 184; 61 59 281 182; 61 58 278 181; 62 59 279 184; 60 62 273 182; 64 59 278 179; 62 60 279 184; 64 59 279 181; 62 60 279 184; 

0\0_2_2310.jpg
400 300
249 6 392 216; 248 2 399 219; 249 2 398 216; 249 2 399 218; 249 10 392 215; 248 3 397 214; 250 2 398 218; 249 2 398 217; 250 2 398 218; 

0\0_2_2397.jpg
400 300
98 16 339 242; 94 18 338 243; 92 15 336 242; 96 12 334 243; 82 21 348 235; 95 14 335 242; 98 15 334 243; 96 14 334 242; 98 14 334 243; 

0\0_2_2546.jpg
400 300
18 2 191 249; 19 3 192 246; 19 2 189 248; 21 4 190 245; 29 4 198 242; 21 4 190 245; 19 4 189 244; 23 5 190 243; 19 4 189 244; 

0\0_2_2551.jpg
400 300
2 3 258 238; 2 3 261 238; 1 1 256 237; 1 1 257 236; 0 0 256 233; 1 1 256 236; 0 1 256 237; 1 0 256 236; 0 1 256 237; 

0\0_2_2580.jpg
300 400
41 31 282 198; 38 31 282 196; 42 31 281 194; 39 32 281 194; 41 32 279 194; 39 45 282 194; 39 31 281 195; 38 32 281 194; 39 31 281 195; 

0\0_2_2721.jpg
400 300
130 142 338 283; 132 142 339 281; 134 146 332 277; 132 147 339 277; 128 152 332 278; 132 145 335 279; 132 147 339 278; 132 144 340 275; 132 147 339 278; 

0\0_2_2741.jpg
400 300
56 106 275 266; 56 97 274 269; 58 99 271 264; 57 99 274 271; 36 101 272 271; 59 99 272 264; 54 98 274 269; 58 99 274 267; 54 98 274 269; 

0\0_2_2756.jpg
300 400
111 161 231 346; 109 162 232 343; 111 162 229 342; 111 163 229 342; 106 129 242 345; 110 162 231 340; 112 163 229 343; 111 163 230 341; 112 163 229 343; 

0\0_2_2950.jpg
300 400
42 89 265 311; 38 87 266 310; 38 87 268 308; 40 86 265 307; 45 79 268 306; 38 87 266 308; 40 86 266 312; 39 87 265 309; 40 86 266 312; 

0\0_3_3142.jpg
400 300
94 174 301 286; 91 172 299 291; 92 173 298 291; 92 174 298 293; 81 169 307 297; 92 175 300 292; 93 174 298 292; 93 174 298 292; 93 174 298 292; 

0\0_3_3183.jpg
400 300
151 79 360 274; 153 80 358 278; 153 81 359 276; 154 81 360 278; 156 80 351 277; 158 83 356 276; 153 81 359 276; 156 81 358 277; 153 81 359 276; 

0\0_3_3276.jpg
400 300
97 97 265 262; 98 98 274 262; 101 99 274 262; 99 99 274 263; 78 98 303 269; 101 101 269 262; 98 98 274 265; 98 99 274 262; 98 98 274 265; 

0\0_3_3294.jpg
400 300
109 54 270 207; 108 56 273 209; 110 56 278 208; 109 58 272 209; 99 51 279 218; 109 58 273 208; 108 58 271 209; 110 58 271 208; 108 58 271 208; 

0\0_3_3308.jpg
300 400
18 4 296 234; 19 1 296 231; 21 9 296 231; 19 1 296 231; 12 3 294 301; 22 45 295 230; 20 0 296 231; 20 0 242 231; 20 0 296 231; 

0\0_3_3317.jpg
400 300
44 84 141 274; 45 76 138 275; 46 72 138 272; 44 74 138 274; 39 71 139 274; 46 73 137 276; 44 75 137 273; 44 75 138 274; 44 75 137 273; 

0\0_3_3327.jpg
400 300
102 85 268 212; 102 88 267 211; 103 86 266 212; 102 88 266 211; 91 77 268 212; 106 89 266 212; 101 88 266 210; 103 88 268 210; 101 88 266 210; 

0\0_3_3344.jpg
300 400
46 96 259 303; 46 98 260 298; 48 97 259 297; 48 98 259 306; 49 97 257 296; 49 97 261 298; 48 98 259 306; 49 98 259 298; 48 98 259 306; 

0\0_3_3345.jpg
400 300
160 66 378 245; 163 65 382 246; 166 66 378 247; 159 67 381 248; 159 74 379 248; 161 67 381 244; 158 66 384 248; 160 67 379 248; 158 66 384 248; 

0\0_3_3360.jpg
400 266
105 51 318 235; 106 53 317 236; 109 52 318 232; 106 54 317 234; 99 46 328 232; 108 53 318 234; 106 53 318 234; 107 52 318 232; 106 53 318 234; 

0\0_3_3362.jpg
400 300
51 41 173 270; 51 44 173 271; 51 44 172 271; 52 44 173 269; 62 39 166 268; 52 43 172 269; 52 44 173 269; 53 44 173 270; 52 44 173 269; 

0\0_3_3374.jpg
400 300
132 20 382 261; 137 28 379 258; 136 28 381 170; 136 27 381 259; 140 46 391 256; 134 28 380 258; 137 28 379 259; 136 28 379 259; 137 28 379 259; 

0\0_3_3429.jpg
400 300
72 9 322 288; 68 11 320 299; 71 9 320 298; 69 11 321 299; 68 11 325 295; 71 12 320 300; 69 11 320 300; 69 12 321 299; 69 11 320 300; 

0\0_3_3433.jpg
300 400
111 127 269 356; 110 127 280 354; 106 129 276 354; 109 128 268 353; 3 33 110 391; 111 130 276 346; 109 129 266 356; 111 127 262 353; 109 134 264 331; 

0\0_3_3434.jpg
400 300
114 118 314 194; 112 118 315 194; 119 116 314 194; 114 118 316 193; 16 8 377 276; 114 118 321 191; 116 120 317 193; 116 116 316 193; 116 118 317 193; 

0\0_3_3467.jpg
300 400
14 44 243 328; 13 43 244 325; 13 43 241 324; 14 45 244 326; 24 47 246 324; 14 47 242 323; 13 44 244 326; 15 44 242 324; 13 44 244 326; 

0\0_3_3473.jpg
400 300
260 6 388 257; 260 0 389 271; 258 1 389 268; 260 1 388 269; 254 2 383 268; 259 1 388 264; 260 0 388 267; 260 0 386 260; 260 0 387 268; 

0\0_3_3514.jpg
400 300
140 86 280 198; 143 88 278 193; 146 86 278 192; 143 88 277 192; 150 83 279 199; 144 88 276 194; 146 88 278 193; 144 87 278 194; 146 88 278 193; 

0\0_3_3524.jpg
400 300
79 46 307 254; 83 48 302 251; 86 47 302 251; 85 48 301 249; 78 46 304 257; 86 49 301 248; 84 48 301 248; 85 48 301 249; 84 48 301 248; 

0\0_3_3551.jpg
266 400
56 10 256 251; 60 12 262 250; 60 12 261 245; 59 16 262 249; 71 12 260 242; 64 45 259 234; 61 11 261 234; 1 11 262 273; 61 11 261 234; 

0\0_3_3559.jpg
400 300
121 119 391 248; 117 116 393 246; 123 115 394 247; 114 118 394 247; 142 113 385 248; 123 116 392 244; 119 119 393 246; 118 116 392 246; 119 119 393 246; 

0\0_3_3610.jpg
400 300
114 30 262 289; 121 31 260 285; 124 32 258 287; 121 32 260 284; 116 26 255 288; 122 33 261 282; 120 34 258 283; 121 33 261 285; 120 32 258 283; 

0\0_3_3654.jpg
400 266
235 28 352 169; 236 27 352 171; 240 29 348 174; 235 29 352 169; 234 18 354 182; 238 28 351 169; 236 30 352 168; 235 29 352 168; 236 30 352 168; 

0\0_3_3692.jpg
400 266
64 24 308 259; 68 28 306 258; 69 28 305 255; 66 26 304 257; 64 20 308 255; 69 26 305 257; 66 28 304 256; 66 26 305 258; 66 28 304 256; 

0\0_3_3732.jpg
400 300
134 81 334 252; 137 81 335 253; 134 86 334 253; 136 82 334 254; 138 76 335 247; 138 84 334 255; 137 83 332 253; 136 83 334 254; 137 83 332 253; 

0\0_3_3797.jpg
400 266
234 9 389 259; 237 9 391 266; 238 115 391 266; 238 9 389 266; 228 16 396 258; 246 9 389 265; 238 117 390 266; 238 117 391 266; 238 117 390 266; 

0\0_3_3835.jpg
300 400
55 46 182 382; 50 42 182 382; 58 42 182 379; 51 43 181 382; 56 44 182 379; 57 46 182 353; 49 43 181 382; 51 43 181 381; 49 43 181 382; 

0\0_3_3914.jpg
400 300
152 67 366 277; 153 64 367 278; 158 66 368 275; 157 66 366 275; 144 54 374 279; 163 66 367 273; 156 66 365 276; 156 66 366 276; 156 66 365 276; 

0\0_3_3965.jpg
400 266
92 21 299 238; 86 23 300 239; 116 46 271 212; 91 24 299 239; 82 25 296 229; 91 24 298 235; 112 51 276 212; 89 24 298 238; 90 24 296 239; 

0\0_4_4038.jpg
400 300
189 66 373 278; 190 66 381 279; 195 66 380 278; 191 68 380 279; 191 62 379 283; 192 67 379 280; 191 66 380 280; 191 68 381 279; 191 66 380 280; 

0\0_4_4240.jpg
400 300
81 103 324 296; 81 101 325 300; 83 103 321 288; 82 104 322 300; 80 104 347 292; 83 105 322 291; 84 104 322 300; 84 104 323 299; 84 104 322 300; 

0\0_4_4283.jpg
300 400
21 62 237 328; 22 65 233 326; 24 66 232 323; 24 65 232 324; 28 62 230 324; 24 66 232 323; 24 66 231 324; 23 64 231 324; 24 66 231 324; 

0\0_4_4316.jpg
300 400
29 9 219 343; 30 8 218 343; 33 15 218 343; 32 17 218 344; 34 17 218 345; 32 45 219 342; 32 9 218 345; 32 8 217 344; 32 9 218 345; 

0\0_4_4328.jpg
300 400
88 122 212 329; 89 128 212 331; 94 132 211 322; 88 127 211 329; 84 120 219 325; 91 128 211 326; 92 128 201 322; 90 128 211 326; 92 128 211 329; 

0\0_4_4430.jpg
400 300
148 46 369 259; 150 46 370 266; 157 47 369 263; 157 48 369 266; 149 37 371 264; 156 48 368 268; 152 48 369 266; 154 48 370 265; 152 48 369 266; 

0\0_4_4666.jpg
400 300
35 96 374 226; 26 102 374 228; 32 102 374 224; 25 101 374 226; 54 88 368 225; 25 102 373 228; 26 103 374 225; 27 102 376 226; 26 103 374 225; 

0\0_4_4828.jpg
300 400
33 61 229 347; 32 62 227 344; 81 61 221 289; 32 62 228 343; 43 64 236 343; 34 64 228 343; 32 62 226 343; 33 62 227 343; 32 62 226 343; 

0\0_4_4838.jpg
400 300
164 4 351 293; 167 1 350 300; 169 1 349 298; 171 1 349 300; 160 7 350 300; 169 1 350 300; 169 1 351 300; 169 1 349 300; 169 1 351 300; 

0\0_4_4870.jpg
400 300
13 20 206 185; 8 19 202 181; 9 21 202 182; 11 20 199 180; 10 14 195 194; 11 20 199 181; 9 19 199 180; 11 20 199 183; 9 19 199 180; 

0\0_4_4976.jpg
400 300
144 36 348 213; 145 39 345 211; 146 39 342 211; 146 40 342 210; 150 38 342 209; 147 39 339 208; 144 39 341 209; 147 40 342 210; 144 39 341 209; 

0\0_5_5010.jpg
400 300
35 44 264 279; 41 45 261 279; 42 44 254 275; 43 46 261 279; 30 49 262 277; 43 44 262 277; 42 46 261 278; 42 46 204 232; 42 46 261 278; 

0\0_5_5031.jpg
400 300
66 28 268 188; 67 32 262 188; 69 33 262 190; 68 32 260 186; 66 34 261 186; 68 32 261 186; 68 32 259 186; 68 32 260 186; 68 32 259 186; 

0\0_5_5091.jpg
400 300
36 69 249 294; 39 70 251 300; 40 71 281 300; 38 73 249 299; 28 72 248 291; 41 74 249 297; 39 75 281 300; 38 72 279 300; 39 72 280 300; 

0\0_5_5108.jpg
400 300
121 97 284 242; 123 96 285 243; 121 98 285 243; 122 98 284 242; 123 92 285 240; 122 98 284 244; 121 98 283 241; 122 98 170 233; 121 98 283 241; 

0\0_5_5131.jpg
300 400
23 102 174 311; 28 104 178 309; 28 106 176 310; 28 106 178 309; 23 106 181 311; 78 105 138 310; 28 106 177 309; 79 104 137 309; 28 106 177 309; 

0\0_5_5189.jpg
400 300
72 46 345 294; 69 48 344 291; 73 50 343 292; 69 51 342 290; 69 48 343 289; 73 52 343 291; 69 49 342 289; 70 51 341 289; 69 49 342 291; 

0\0_5_5255.jpg
400 300
202 26 361 265; 204 24 357 265; 206 25 361 264; 205 26 358 263; 200 23 358 262; 208 26 358 258; 204 25 356 264; 205 26 359 262; 204 25 356 264; 

0\0_5_5268.jpg
266 400
34 12 186 386; 34 12 185 389; 36 14 180 384; 34 16 182 381; 35 13 181 379; 34 46 183 354; 34 13 181 386; 34 13 182 385; 34 13 181 386; 

0\0_5_5291.jpg
400 300
116 62 312 294; 119 62 309 300; 119 62 308 300; 119 62 308 300; 120 55 302 288; 121 64 309 299; 120 62 309 300; 119 63 309 300; 120 62 309 300; 

0\0_5_5303.jpg
400 300
122 40 324 271; 118 43 326 266; 118 43 326 263; 120 44 326 266; 120 41 328 272; 125 44 324 264; 119 44 324 265; 120 44 326 264; 119 44 324 265; 

0\0_5_5318.jpg
400 266
63 26 322 240; 65 23 323 246; 69 22 323 246; 69 22 322 246; 68 27 323 242; 71 22 322 246; 69 23 322 246; 68 22 322 249; 69 23 322 246; 

0\0_5_5335.jpg
400 300
106 22 338 260; 110 26 340 258; 112 27 337 257; 112 28 334 256; 113 27 336 258; 114 28 338 255; 13 24 339 274; 112 27 338 257; 13 24 339 274; 

0\0_5_5416.jpg
400 300
113 66 299 263; 113 66 292 258; 110 62 289 258; 112 66 291 256; 122 75 288 256; 113 64 293 258; 112 68 290 257; 111 66 292 257; 112 68 290 257; 

0\0_5_5463.jpg
400 266
88 15 256 215; 90 16 258 209; 89 16 256 211; 91 18 258 207; 91 18 254 203; 89 18 259 205; 92 19 255 207; 91 17 260 211; 92 18 255 207; 

0\0_5_5528.jpg
400 300
108 18 372 277; 109 9 372 271; 112 8 371 274; 110 9 371 272; 106 30 376 278; 116 9 371 273; 112 9 369 272; 109 9 371 272; 112 9 369 272; 

0\0_5_5566.jpg
300 400
58 90 257 387; 60 90 256 381; 61 92 254 381; 56 91 254 379; 58 92 259 381; 61 91 255 352; 61 92 253 380; 62 91 254 382; 61 92 253 380; 

0\0_5_5586.jpg
400 300
13 76 389 239; 18 78 389 243; 19 76 386 243; 20 78 387 243; 23 81 384 234; 22 80 387 241; 20 77 386 242; 156 99 264 228; 20 77 386 242; 

0\0_5_5634.jpg
300 400
30 206 269 372; 24 208 275 368; 26 208 268 366; 24 208 270 370; 26 208 270 368; 24 209 262 353; 25 208 271 365; 26 209 272 364; 25 208 271 366; 

0\0_5_5673.jpg
400 300
82 61 374 209; 90 66 374 210; 94 66 373 207; 94 68 373 210; 92 68 378 217; 73 53 376 214; 93 68 373 206; 91 66 372 209; 93 68 373 206; 

0\0_5_5706.jpg
400 300
13 54 262 286; 8 53 254 291; 9 56 254 291; 8 54 253 291; 16 64 249 279; 10 54 253 289; 9 54 252 291; 8 53 252 291; 9 54 252 291; 

0\0_5_5785.jpg
400 300
65 64 173 199; 66 61 172 198; 65 62 171 194; 65 64 170 197; 62 54 186 205; 68 62 169 196; 66 64 169 196; 66 64 171 196; 66 64 169 196; 

0\0_5_5880.jpg
400 300
99 24 182 281; 100 23 179 279; 100 26 178 277; 99 25 178 279; 99 24 182 279; 103 23 178 280; 101 26 178 279; 329 104 369 174; 101 26 178 279; 

0\0_5_5887.jpg
400 300
116 26 361 272; 115 25 362 271; 115 26 360 269; 116 27 361 270; 122 27 371 278; 116 26 361 268; 118 27 361 269; 116 141 241 269; 118 27 361 269; 

0\0_5_5948.jpg
400 300
251 9 338 171; 252 8 338 171; 252 9 337 168; 252 10 336 171; 244 8 339 176; 253 11 336 170; 251 11 336 172; 254 10 337 171; 251 11 336 172; 

0\0_5_5953.jpg
400 300
106 32 354 289; 110 30 353 289; 108 29 351 281; 105 29 352 286; 114 31 374 279; 106 29 353 286; 107 29 352 286; 106 29 352 286; 107 29 352 286; 

0\0_6_6048.jpg
400 300
142 60 336 258; 143 61 336 254; 142 64 334 254; 141 61 334 253; 142 58 334 264; 143 63 332 252; 142 61 335 252; 144 62 335 254; 142 61 335 254; 

0\0_6_6087.jpg
400 300
24 9 199 296; 23 6 198 300; 22 11 196 300; 24 8 198 299; 31 18 203 298; 31 10 198 298; 26 8 198 300; 26 9 198 300; 26 8 199 294; 

0\0_6_6112.jpg
300 400
39 24 152 307; 37 25 151 302; 34 26 152 302; 37 26 152 301; 40 25 151 299; 41 45 150 291; 38 26 151 290; 38 26 151 304; 38 26 151 304; 

0\0_6_6227.jpg
400 300
69 5 281 294; 69 2 276 300; 72 7 274 300; 67 4 274 300; 66 9 278 299; 71 6 276 298; 67 4 275 300; 66 2 276 300; 67 53 274 300; 

0\0_6_6287.jpg
400 300
98 188 380 269; 91 186 387 270; 96 188 385 268; 92 186 386 269; 84 186 398 270; 91 186 387 269; 91 188 388 269; 93 185 387 269; 91 188 388 269; 

0\0_6_6377.jpg
400 266
18 62 372 226; 12 64 373 229; 13 64 372 229; 12 56 374 228; 12 62 378 225; 12 64 374 229; 12 64 373 228; 12 65 372 227; 12 64 373 228; 

0\0_6_6378.jpg
400 300
118 66 265 166; 121 66 264 166; 122 68 264 169; 120 66 270 166; 114 53 273 162; 122 68 268 166; 124 68 264 137; 118 66 264 166; 124 68 264 166; 

0\0_6_6574.jpg
400 300
84 42 370 273; 83 45 367 271; 87 46 367 271; 88 46 366 266; 89 41 362 270; 87 45 368 267; 88 47 366 265; 87 47 366 269; 88 47 366 265; 

0\0_6_6618.jpg
400 300
145 8 377 166; 148 8 376 165; 143 9 378 161; 152 8 370 161; 149 13 384 166; 155 18 372 162; 151 8 369 163; 0 0 128 212; 151 8 369 163; 

0\0_6_6646.jpg
400 300
62 111 189 286; 65 111 189 286; 65 112 189 282; 68 113 190 283; 58 104 198 284; 69 114 190 283; 67 114 190 284; 66 113 189 282; 67 114 190 284; 

0\0_6_6693.jpg
400 266
151 36 393 235; 152 34 398 237; 152 80 396 227; 152 36 398 237; 157 34 394 231; 152 36 399 235; 151 36 398 236; 152 37 398 236; 151 36 398 236; 

0\0_6_6744.jpg
400 300
114 46 299 219; 113 48 297 214; 117 48 298 216; 117 48 297 212; 112 46 299 223; 118 46 299 213; 117 48 296 212; 116 48 297 214; 117 48 296 212; 

0\0_6_6772.jpg
400 300
187 8 368 280; 188 8 376 286; 184 6 373 281; 189 10 365 286; 182 9 372 286; 174 7 361 286; 189 11 375 285; 164 9 374 285; 163 11 375 285; 

0\0_6_6791.jpg
400 266
160 96 282 261; 160 94 280 261; 164 95 281 261; 160 96 281 261; 162 93 281 262; 160 94 279 258; 159 96 281 261; 159 97 281 260; 159 96 281 261; 

0\0_6_6818.jpg
400 300
48 79 378 256; 48 79 378 251; 50 81 376 256; 49 80 377 251; 41 84 391 255; 51 80 376 253; 48 79 376 252; 49 80 376 252; 48 79 376 252; 

0\0_6_6823.jpg
400 300
161 4 396 214; 158 1 400 224; 159 2 400 223; 161 3 399 219; 161 8 400 207; 162 2 399 224; 162 1 399 220; 162 2 400 221; 162 1 399 220; 

0\0_6_6825.jpg
400 300
9 17 270 278; 15 18 272 279; 16 21 273 276; 15 19 271 276; 27 31 271 269; 16 19 272 276; 15 19 270 279; 188 154 271 238; 15 19 270 279; 

0\0_6_6826.jpg
266 400
26 196 191 374; 26 193 191 381; 26 195 191 372; 25 195 190 371; 18 191 202 374; 24 194 191 353; 26 195 191 371; 26 194 190 371; 26 195 191 371; 

0\0_6_6830.jpg
400 266
126 89 312 157; 123 91 312 159; 146 89 307 154; 126 91 312 156; 132 80 312 162; 144 90 313 157; 145 91 312 150; 145 89 296 153; 145 91 312 150; 

0\0_6_6833.jpg
400 300
56 60 354 243; 56 58 353 242; 60 58 353 238; 64 59 350 242; 52 59 359 234; 66 59 178 187; 65 59 276 244; 64 63 177 188; 65 59 276 244; 

0\0_6_6847.jpg
400 300
18 42 266 276; 14 46 266 290; 18 47 266 278; 18 46 265 283; 29 46 250 276; 20 46 264 285; 19 48 265 284; 17 47 266 286; 19 48 265 284; 

0\0_6_6876.jpg
400 266
262 113 363 256; 261 114 362 253; 261 115 362 249; 262 116 362 250; 258 115 365 254; 263 114 362 250; 262 115 361 256; 262 115 362 249; 262 115 361 256; 

0\0_6_6913.jpg
400 300
48 68 333 293; 52 69 334 299; 54 68 331 294; 51 71 334 300; 59 67 335 300; 60 66 334 293; 50 70 334 300; 142 162 334 258; 50 70 334 300; 

0\0_6_6917.jpg
300 400
155 181 253 341; 154 181 252 340; 155 182 249 339; 156 182 250 339; 154 176 253 338; 159 182 250 339; 157 181 250 340; 156 181 249 339; 157 181 250 340; 

0\0_6_6923.jpg
300 400
93 139 272 296; 93 140 272 301; 96 140 269 296; 95 141 271 298; 95 139 266 300; 97 141 270 298; 95 141 272 296; 95 142 271 302; 95 141 272 298; 

0\0_6_6975.jpg
400 300
108 67 299 276; 102 64 299 271; 104 67 301 269; 106 66 301 270; 104 62 289 259; 105 64 299 269; 104 65 300 271; 107 65 301 271; 104 65 300 271; 

0\0_7_7129.jpg
300 400
69 180 228 352; 72 181 227 352; 71 183 226 353; 72 182 224 351; 71 176 224 354; 73 182 226 351; 71 182 225 353; 72 182 225 351; 71 182 225 353; 

0\0_7_7167.jpg
400 300
42 22 231 217; 42 19 230 220; 44 21 229 218; 46 21 228 214; 54 26 234 222; 47 20 228 219; 47 21 231 217; 45 21 228 216; 47 21 231 217; 

0\0_7_7270.jpg
400 300
78 18 328 279; 80 16 322 281; 81 16 322 279; 81 17 321 279; 74 20 324 279; 83 17 321 280; 81 18 321 278; 81 18 320 284; 81 18 321 278; 

0\0_7_7478.jpg
300 400
6 61 138 370; 0 61 138 372; 0 64 137 374; 0 63 136 368; 2 62 138 371; 0 62 138 354; 0 62 136 368; 6 190 94 245; 0 62 136 368; 

0\0_7_7540.jpg
400 300
32 61 248 204; 35 61 251 201; 89 66 246 165; 36 61 251 198; 164 124 247 198; 165 128 251 190; 35 62 251 198; 168 128 250 190; 35 62 251 198; 

0\0_7_7586.jpg
300 400
94 15 234 322; 85 19 233 321; 90 19 234 319; 89 19 233 319; 89 22 232 332; 94 45 234 321; 88 21 232 322; 88 19 234 319; 88 21 232 322; 

0\0_7_7609.jpg
400 300
69 68 386 254; 73 69 385 258; 74 69 385 254; 73 70 384 254; 76 53 389 257; 74 71 382 255; 72 70 382 254; 73 70 384 256; 72 70 382 254; 

0\0_7_7677.jpg
300 400
38 111 236 278; 37 110 235 279; 41 110 234 276; 39 110 234 277; 50 116 234 272; 38 111 234 277; 39 111 234 278; 39 110 234 278; 39 111 234 278; 

0\0_7_7697.jpg
300 400
68 178 289 394; 70 180 291 396; 69 179 290 395; 72 181 290 394; 68 182 293 396; 74 180 291 354; 71 181 290 394; 71 181 290 396; 71 181 290 394; 

0\0_7_7702.jpg
300 400
100 91 208 346; 96 89 207 348; 97 90 208 346; 99 91 207 346; 100 88 208 349; 106 147 214 345; 99 91 206 346; 103 146 207 348; 99 91 206 346; 

0\0_7_7796.jpg
300 400
21 69 212 252; 22 69 212 253; 21 69 212 252; 21 69 211 251; 16 69 212 251; 24 68 211 250; 22 70 211 252; 22 70 211 252; 22 70 211 252; 

0\0_7_7804.jpg
266 400
36 159 248 349; 36 160 248 351; 36 160 245 349; 36 159 245 349; 34 161 249 351; 36 159 245 348; 36 161 245 348; 36 160 246 348; 36 161 245 348; 

0\0_7_7817.jpg
400 300
76 109 213 244; 78 110 212 242; 78 111 211 244; 78 110 211 242; 78 110 211 245; 81 111 212 242; 78 109 211 243; 79 111 211 243; 78 109 211 243; 

0\0_7_7819.jpg
400 300
192 84 314 206; 191 85 312 204; 192 85 312 204; 193 86 312 204; 189 81 312 206; 194 85 311 202; 193 84 312 202; 194 84 312 202; 193 84 312 202; 

0\0_7_7821.jpg
300 400
53 138 231 311; 59 139 229 311; 59 140 228 310; 61 140 228 309; 58 138 229 312; 61 139 226 310; 60 140 228 310; 59 140 229 311; 60 140 228 310; 

0\0_7_7904.jpg
400 300
182 41 384 294; 182 38 383 300; 183 39 382 300; 184 41 383 300; 184 34 374 295; 187 39 380 299; 184 40 382 300; 194 40 362 298; 184 40 382 300; 

0\0_7_7917.jpg
400 300
248 140 385 278; 247 140 382 274; 247 142 382 278; 248 141 381 274; 242 139 381 273; 248 141 382 275; 248 141 381 273; 248 141 381 274; 248 141 381 273; 

0\0_7_7923.jpg
400 300
32 8 181 280; 35 3 178 291; 36 3 177 279; 32 4 178 279; 41 6 186 282; 34 4 178 279; 34 4 178 279; 35 4 177 278; 34 4 178 279; 

0\0_7_7954.jpg
400 300
119 16 351 281; 119 16 348 283; 179 13 345 282; 121 16 348 283; 122 28 346 279; 122 16 347 278; 122 17 348 284; 121 16 348 284; 122 17 348 284; 

0\0_7_7981.jpg
300 400
10 166 198 347; 10 165 195 351; 22 172 194 348; 9 172 194 347; 19 154 195 329; 11 172 192 347; 11 172 194 346; 11 172 190 347; 11 172 194 346; 

0\0_7_7986.jpg
400 300
78 62 301 238; 80 59 307 238; 78 58 307 238; 79 58 309 238; 69 57 304 232; 80 58 309 237; 81 56 301 238; 79 58 309 239; 81 56 309 238; 

0\0_8_8006.jpg
266 400
65 139 253 297; 68 139 251 296; 66 142 251 297; 68 141 250 295; 62 137 258 311; 68 139 251 296; 69 141 249 295; 68 140 250 295; 69 141 249 295; 

0\0_8_8040.jpg
400 300
89 160 204 281; 89 161 201 278; 91 161 198 276; 91 160 200 277; 92 158 199 279; 91 161 199 276; 91 161 199 278; 91 161 200 276; 91 161 199 278; 

0\0_8_8108.jpg
300 400
117 168 283 328; 119 171 282 328; 122 173 283 326; 120 171 281 325; 129 165 282 325; 122 172 281 324; 121 170 281 325; 120 171 282 326; 121 170 281 325; 

0\0_8_8109.jpg
400 300
191 11 391 246; 189 2 398 250; 188 10 399 248; 188 6 398 250; 186 12 400 244; 192 5 397 248; 189 7 399 248; 189 3 398 249; 189 7 399 248; 

0\0_8_8151.jpg
400 300
25 27 279 280; 22 28 278 280; 27 28 274 277; 24 28 277 282; 38 29 281 277; 26 29 278 282; 24 26 278 281; 24 27 277 281; 24 26 278 281; 

0\0_8_8238.jpg
400 300
237 40 338 251; 234 41 336 252; 238 42 336 249; 237 41 335 251; 236 45 342 249; 236 42 336 253; 237 41 334 251; 237 42 334 251; 237 41 334 251; 

0\0_8_8241.jpg
400 300
61 32 340 288; 59 31 344 293; 57 34 344 292; 61 34 343 292; 58 31 344 276; 59 33 343 295; 60 34 343 293; 61 34 344 294; 60 34 343 293; 

0\0_8_8248.jpg
400 300
131 52 276 292; 132 54 276 293; 136 53 276 289; 135 54 276 291; 131 39 272 288; 137 53 278 289; 136 54 276 291; 134 53 277 291; 136 54 276 291; 

0\0_8_8454.jpg
400 300
104 39 289 268; 108 41 288 266; 107 39 288 268; 109 41 287 266; 111 41 291 269; 108 41 286 266; 109 41 287 266; 108 41 287 266; 109 41 287 266; 

0\0_8_8471.jpg
300 400
6 37 204 356; 0 35 202 355; 1 36 201 351; 1 36 201 352; 8 41 208 351; 7 44 201 351; 0 35 202 351; 0 34 202 353; 0 35 202 351; 

0\0_8_8648.jpg
300 400
28 49 259 287; 26 48 258 278; 25 44 257 280; 26 47 257 277; 22 42 268 276; 25 47 269 269; 26 48 256 275; 26 47 258 278; 26 48 256 275; 

0\0_8_8711.jpg
400 300
129 22 375 279; 127 28 372 283; 128 24 372 285; 128 27 372 284; 132 23 371 284; 129 26 373 279; 129 26 372 282; 128 28 372 283; 129 26 372 282; 

0\0_8_8814.jpg
400 300
15 78 344 228; 12 78 344 230; 28 83 342 233; 12 79 342 234; 4 72 374 228; 1 67 388 236; 14 79 342 231; 1 68 388 278; 0 79 342 233; 

0\0_8_8859.jpg
400 300
61 15 216 211; 61 13 217 211; 62 12 216 210; 61 12 216 208; 56 11 218 211; 62 13 217 210; 61 12 216 209; 61 12 215 209; 61 12 216 209; 

0\0_8_8860.jpg
300 400
92 24 232 378; 93 21 238 378; 93 21 239 375; 94 22 239 375; 96 22 238 380; 94 22 240 378; 94 21 232 376; 94 20 239 377; 94 21 232 376; 

0\0_8_8885.jpg
400 300
26 24 250 202; 24 26 252 201; 27 25 253 201; 24 26 250 200; 28 19 252 199; 26 26 252 201; 24 26 251 198; 25 26 180 144; 24 26 251 198; 

0\0_8_8976.jpg
400 300
90 23 299 283; 90 24 302 273; 90 23 301 271; 91 25 299 271; 91 16 298 274; 89 24 299 272; 91 25 300 270; 91 25 299 271; 91 25 300 270; 

0\0_9_9002.jpg
400 300
118 64 270 227; 118 63 271 228; 118 62 271 229; 118 64 268 226; 109 62 274 228; 118 62 270 226; 119 63 269 225; 118 62 268 226; 119 63 269 225; 

0\0_9_9003.jpg
400 300
86 47 241 245; 83 46 241 252; 81 46 306 294; 84 49 238 251; 87 44 302 298; 86 48 306 295; 84 47 304 297; 84 48 304 297; 84 47 304 297; 

0\0_9_9012.jpg
300 400
31 84 285 336; 35 84 282 335; 35 84 300 337; 35 85 282 336; 39 84 286 324; 39 85 281 336; 35 84 300 335; 35 162 212 336; 35 84 300 335; 

0\0_9_9033.jpg
400 300
116 108 258 296; 118 107 257 300; 116 108 257 300; 117 107 257 299; 112 107 254 300; 116 106 257 299; 116 106 257 300; 117 106 257 300; 116 106 257 300; 

0\0_9_9127.jpg
400 300
9 29 241 297; 8 28 241 298; 6 29 239 296; 9 29 238 297; 11 28 243 299; 8 28 241 297; 9 29 238 296; 8 28 239 296; 9 29 238 296; 

0\0_9_9132.jpg
400 300
114 31 205 188; 111 31 204 186; 111 31 202 183; 112 31 204 186; 106 25 203 189; 111 32 202 186; 113 31 206 187; 112 31 202 186; 113 31 204 187; 

0\0_9_9135.jpg
400 266
144 44 382 261; 140 44 388 266; 144 46 386 266; 143 46 385 266; 142 44 387 266; 145 45 384 266; 144 46 385 266; 144 46 359 240; 144 46 385 266; 

0\0_9_9187.jpg
300 400
18 40 282 235; 19 43 282 241; 21 42 282 240; 21 45 281 242; 24 47 282 235; 21 43 281 241; 21 43 282 241; 20 44 281 241; 21 43 282 241; 

0\0_9_9228.jpg
400 266
178 52 289 256; 179 52 291 266; 178 52 290 266; 178 54 289 266; 180 53 292 265; 179 54 288 266; 179 54 289 266; 179 54 289 266; 179 54 289 266; 

0\0_9_9264.jpg
400 300
121 24 294 288; 124 24 298 289; 121 26 297 284; 122 25 299 286; 112 24 291 276; 124 25 299 286; 123 26 299 287; 124 25 252 285; 123 26 299 287; 

0\0_9_9353.jpg
300 400
58 146 226 337; 57 142 225 337; 56 142 224 336; 59 139 224 336; 59 134 228 338; 58 137 227 336; 58 138 225 337; 58 136 226 336; 58 138 225 337; 

0\0_9_9398.jpg
400 300
95 49 356 199; 80 49 366 201; 82 49 363 199; 80 49 363 199; 89 51 368 201; 82 49 364 200; 81 50 364 199; 81 49 364 201; 81 50 364 199; 

0\0_9_9419.jpg
400 300
99 58 297 264; 98 58 294 268; 104 59 292 263; 102 61 292 264; 102 58 293 266; 98 60 294 267; 102 60 291 263; 99 60 293 266; 102 60 291 263; 

0\0_9_9453.jpg
400 300
65 118 303 206; 68 117 306 206; 63 119 302 206; 67 119 303 204; 68 123 302 201; 66 118 302 206; 66 118 302 205; 66 118 302 205; 66 118 302 205; 

0\0_9_9459.jpg
400 296
13 91 223 263; 11 92 224 264; 15 92 222 261; 12 92 222 259; 10 91 227 256; 24 91 224 261; 11 91 222 261; 16 92 222 261; 11 91 222 261; 

0\0_9_9496.jpg
400 300
27 28 219 214; 28 27 219 216; 28 28 216 217; 29 28 218 214; 25 28 216 215; 28 27 216 214; 29 27 216 213; 29 26 218 214; 29 27 216 213; 

0\0_9_9638.jpg
296 400
45 60 248 326; 34 58 246 326; 30 60 246 350; 37 60 245 328; 29 63 246 327; 28 59 248 327; 21 59 246 325; 32 60 245 381; 21 59 244 382; 

0\0_9_9659.jpg
400 255
28 85 152 206; 31 83 154 206; 31 84 152 205; 32 84 152 204; 29 76 152 209; 32 84 153 203; 32 85 151 204; 32 84 152 204; 32 85 151 204; 

0\0_9_9699.jpg
334 400
28 79 271 185; 28 77 274 187; 29 81 274 188; 29 81 274 188; 29 84 272 186; 28 79 279 188; 27 80 274 187; 29 79 277 186; 27 80 274 187; 

0\0_9_9799.jpg
400 300
125 3 346 291; 126 4 346 300; 129 6 343 299; 128 6 344 300; 129 7 346 298; 129 5 340 299; 129 6 344 300; 128 6 344 300; 129 6 344 300; 

0\0_9_9837.jpg
400 300
87 22 325 284; 88 19 331 284; 86 21 331 282; 87 19 330 281; 81 17 331 278; 86 19 329 281; 86 20 331 282; 87 19 330 282; 86 20 331 282; 

0\0_9_9880.jpg
399 266
207 122 399 202; 207 123 400 202; 210 123 400 198; 210 124 399 199; 214 120 394 199; 208 118 399 195; 209 123 399 199; 210 122 400 199; 210 123 399 199; 

0\0_9_9938.jpg
400 300
96 34 286 239; 96 34 285 239; 97 36 284 234; 97 36 284 232; 90 34 286 234; 98 36 284 235; 98 36 282 231; 96 36 284 232; 98 36 282 231; 

0\0_9_9990.jpg
400 280
53 89 351 249; 51 88 354 246; 54 88 353 248; 53 89 351 247; 47 90 356 245; 56 89 353 248; 52 90 349 246; 130 93 202 236; 52 90 349 246; 

0\0_10_10134.jpg
400 300
184 134 344 265; 185 136 343 259; 185 138 343 261; 185 138 343 258; 191 136 347 255; 188 138 345 261; 185 138 343 257; 185 138 343 258; 185 138 343 257; 

0\0_10_10135.jpg
400 266
138 64 273 214; 136 63 272 208; 137 65 272 211; 138 64 272 210; 141 65 271 211; 137 64 272 204; 137 64 272 211; 136 64 274 212; 137 64 272 211; 

0\0_10_10176.jpg
400 273
105 63 237 239; 108 68 234 240; 106 68 232 238; 107 68 234 239; 107 69 232 238; 106 67 234 237; 107 67 234 239; 106 67 233 239; 107 67 234 239; 

0\0_10_10283.jpg
400 300
29 63 201 271; 24 71 203 270; 22 72 200 269; 24 72 202 271; 10 68 202 284; 22 72 203 272; 24 72 203 272; 237 21 325 80; 24 72 202 272; 

0\0_10_10343.jpg
400 371
71 122 344 354; 66 125 349 356; 67 117 352 353; 67 118 351 352; 63 2 383 338; 70 2 394 344; 67 123 345 349; 67 1 393 352; 67 125 345 348; 

0\0_10_10392.jpg
400 225
8 28 347 136; 4 27 344 134; 4 32 339 134; 7 28 339 134; 12 26 342 131; 8 28 337 135; 6 28 341 132; 6 27 340 132; 6 28 341 132; 

0\0_10_10396.jpg
400 330
217 42 385 323; 215 45 385 325; 217 49 382 316; 217 50 381 315; 209 43 388 327; 218 50 383 322; 216 50 379 315; 217 49 383 316; 216 50 379 315; 

0\0_10_10484.jpg
400 311
17 63 250 304; 18 66 246 301; 19 64 246 299; 19 67 245 299; 27 63 242 292; 19 66 246 301; 18 66 246 300; 19 66 245 301; 18 66 246 300; 

0\0_10_10507.jpg
400 260
134 47 252 218; 132 46 252 215; 135 47 251 214; 136 48 251 215; 117 26 269 229; 135 47 252 212; 135 47 251 214; 136 47 251 214; 135 47 251 214; 

0\0_10_10536.jpg
400 300
32 90 241 294; 31 92 241 294; 32 93 240 291; 34 92 238 291; 31 90 244 279; 36 94 239 288; 34 92 239 289; 34 92 238 292; 34 92 239 289; 

0\0_10_10545.jpg
399 306
133 46 315 205; 133 48 318 209; 133 47 313 204; 134 49 314 205; 133 43 316 214; 135 49 316 206; 135 49 315 205; 134 48 315 206; 135 49 315 205; 

0\0_10_10600.jpg
400 300
27 17 264 259; 26 21 271 270; 25 23 266 267; 26 24 268 266; 28 14 262 272; 26 23 267 268; 26 24 266 266; 26 24 267 268; 26 24 266 266; 

0\0_10_10938.jpg
238 400
49 145 196 280; 47 146 192 279; 50 149 189 275; 51 148 191 279; 38 134 203 288; 52 150 189 276; 51 147 190 279; 51 148 191 278; 51 147 190 279; 

0\0_11_11060.jpg
400 266
127 67 268 202; 127 64 269 198; 129 65 266 199; 128 65 266 196; 121 56 275 209; 131 64 266 196; 130 65 266 196; 129 64 266 196; 130 65 266 196; 

0\0_11_11111.jpg
287 400
44 110 130 364; 43 110 130 364; 44 111 128 363; 45 111 128 354; 44 106 132 359; 44 111 128 361; 44 240 128 361; 44 239 129 362; 44 240 128 361; 

0\0_11_11136.jpg
400 300
200 74 378 231; 198 72 378 231; 200 73 377 230; 201 74 377 229; 202 69 376 242; 203 73 378 230; 97 189 150 210; 202 74 376 228; 97 189 149 210; 

0\0_11_11164.jpg
400 266
194 44 391 106; 194 45 395 106; 198 45 392 105; 199 45 392 104; 197 31 395 109; 198 46 392 102; 198 46 392 104; 198 45 393 104; 198 46 392 104; 

0\0_11_11179.jpg
400 400
149 38 346 286; 149 37 351 288; 151 36 348 286; 151 45 349 286; 146 39 376 292; 149 38 351 286; 151 37 349 284; 188 37 349 218; 151 37 349 284; 

0\0_11_11219.jpg
400 275
19 50 164 243; 18 53 168 244; 18 56 165 241; 17 54 167 242; 14 50 166 250; 17 54 169 244; 16 54 166 242; 318 53 356 116; 16 54 166 242; 

0\0_11_11263.jpg
399 299
72 6 322 288; 70 5 322 295; 68 1 321 300; 67 1 319 300; 57 3 337 282; 69 1 320 296; 224 121 295 218; 68 0 319 298; 67 1 319 300; 

0\0_11_11281.jpg
400 300
38 129 182 277; 39 129 181 276; 31 129 183 277; 39 130 181 274; 44 128 184 278; 41 129 181 275; 39 130 181 274; 40 129 182 274; 39 130 181 274; 

0\0_11_11297.jpg
400 266
15 113 141 238; 18 114 142 238; 17 115 141 237; 19 114 141 238; 17 107 142 246; 20 114 141 238; 19 114 140 238; 19 114 141 238; 19 114 140 238; 

0\0_11_11298.jpg
400 300
166 106 341 202; 166 109 344 204; 166 109 342 203; 166 111 341 203; 161 108 358 211; 168 109 341 201; 166 109 342 202; 166 109 342 204; 166 109 342 202; 

0\0_11_11309.jpg
400 300
112 52 222 177; 113 52 219 176; 114 52 219 174; 116 52 218 175; 112 42 228 178; 116 52 217 174; 114 52 218 176; 114 52 219 176; 114 52 218 176; 

0\0_11_11313.jpg
400 300
192 39 354 283; 191 39 354 282; 192 41 353 279; 193 42 354 281; 186 44 359 278; 193 39 354 280; 193 41 354 281; 193 41 353 282; 193 41 354 281; 

0\0_11_11325.jpg
400 230
269 62 394 204; 268 59 400 206; 270 61 398 206; 269 60 398 204; 265 58 389 209; 271 61 398 202; 104 139 203 172; 102 139 204 174; 104 139 203 172; 

0\0_11_11328.jpg
400 328
125 13 308 270; 128 11 307 277; 128 12 308 275; 130 13 305 275; 131 15 308 277; 129 13 305 276; 131 13 304 275; 130 13 306 276; 131 13 304 275; 

0\0_11_11346.jpg
400 300
122 75 276 229; 122 77 277 229; 125 78 276 227; 124 78 275 227; 121 75 282 229; 125 76 274 228; 124 78 274 227; 124 77 276 228; 124 78 274 227; 

0\0_11_11425.jpg
400 266
83 18 346 260; 83 14 349 261; 84 13 345 260; 83 13 345 258; 86 11 338 257; 83 13 345 260; 83 12 346 258; 82 13 347 258; 83 12 346 258; 

0\0_11_11435.jpg
359 400
114 107 290 257; 111 108 286 254; 116 108 284 254; 115 110 285 252; 103 94 297 282; 117 112 284 252; 115 111 284 253; 116 111 284 253; 115 111 284 253; 

0\0_11_11459.jpg
400 301
186 34 374 275; 179 33 374 275; 181 33 373 271; 179 32 371 274; 172 27 393 271; 185 33 373 263; 178 33 371 273; 179 31 372 274; 178 33 371 273; 

0\0_11_11480.jpg
400 400
96 50 282 300; 99 50 288 299; 101 53 286 296; 101 54 286 296; 105 45 285 286; 100 52 288 296; 101 53 286 296; 101 52 287 296; 101 53 286 296; 

0\0_11_11517.jpg
400 400
85 82 317 315; 83 85 314 309; 83 87 313 310; 83 85 313 308; 83 84 313 301; 88 85 311 308; 83 84 315 308; 83 85 315 309; 83 84 315 308; 

0\0_11_11533.jpg
394 400
59 72 317 335; 56 74 317 335; 57 76 316 331; 56 76 315 331; 56 70 324 324; 57 76 315 331; 62 204 178 318; 180 75 315 209; 57 75 315 332; 

0\0_11_11557.jpg
400 260
47 12 244 229; 48 18 246 228; 49 21 245 226; 48 21 244 225; 45 14 251 227; 49 19 245 225; 49 21 244 227; 49 19 244 227; 49 21 244 227; 

0\0_11_11561.jpg
400 300
49 65 314 261; 46 66 312 265; 53 65 314 262; 45 68 313 262; 51 45 317 266; 47 67 315 261; 77 77 293 230; 45 68 315 263; 77 77 293 231; 

0\0_11_11571.jpg
400 300
100 46 303 251; 103 46 298 249; 105 50 297 251; 107 49 297 251; 100 49 297 250; 106 46 294 252; 106 48 294 250; 106 47 297 250; 106 48 297 250; 

0\0_11_11650.jpg
400 295
132 32 377 274; 138 35 378 271; 134 34 376 269; 129 36 376 271; 134 38 372 268; 138 36 376 271; 141 37 375 271; 26 164 109 248; 137 37 375 271; 

0\0_11_11830.jpg
400 346
157 117 357 323; 158 121 357 318; 155 121 357 317; 158 122 358 318; 151 128 360 302; 160 122 359 314; 158 122 358 318; 158 121 358 318; 158 122 358 318; 

0\0_11_11852.jpg
337 399
36 67 261 301; 38 67 261 299; 35 68 257 300; 39 67 259 299; 44 56 256 301; 34 67 260 298; 37 67 259 299; 37 67 259 299; 37 67 259 299; 

0\0_11_11875.jpg
400 296
129 6 348 229; 131 1 348 226; 131 5 348 225; 132 5 346 224; 130 5 336 216; 132 3 346 224; 132 3 347 224; 132 2 346 224; 132 3 347 224; 

0\0_11_11881.jpg
400 273
88 18 262 154; 80 15 264 152; 86 19 261 160; 88 16 263 153; 78 14 276 163; 86 18 264 148; 86 16 262 154; 85 16 262 154; 86 16 262 154; 

0\0_11_11924.jpg
332 399
121 31 322 382; 124 37 324 376; 123 40 324 385; 124 38 324 369; 119 37 313 384; 123 39 324 383; 124 38 301 189; 124 38 324 382; 124 38 301 189; 

0\0_11_11945.jpg
400 300
156 15 384 279; 152 15 388 278; 152 16 387 277; 152 18 386 278; 154 21 387 274; 151 18 386 279; 183 74 313 212; 151 16 387 278; 183 74 313 212; 

0\0_11_11981.jpg
400 300
170 51 253 296; 171 51 254 297; 172 50 250 296; 171 51 251 297; 160 55 248 297; 175 52 252 296; 172 51 251 297; 172 52 251 297; 172 51 251 297; 

0\0_11_11987.jpg
400 283
140 66 348 263; 144 67 351 266; 138 66 348 271; 145 70 349 261; 138 62 351 264; 138 68 349 269; 146 69 348 261; 139 69 349 270; 146 69 348 271; 

0\0_12_12000.jpg
262 399
49 30 214 361; 43 27 220 359; 40 21 217 362; 45 33 216 356; 41 25 218 355; 62 214 192 356; 45 34 216 222; 65 215 192 357; 45 34 217 357; 

0\0_12_12048.jpg
400 304
171 17 328 254; 172 22 334 261; 172 22 337 260; 172 22 334 253; 162 24 329 258; 172 22 335 258; 172 23 334 252; 172 22 334 255; 172 23 334 254; 

0\0_12_12072.jpg
400 252
124 5 305 235; 123 7 302 245; 122 9 302 246; 123 8 302 245; 132 10 302 234; 122 7 303 243; 197 7 302 244; 192 8 303 245; 124 7 302 245; 

0\0_12_12144.jpg
300 400
56 59 258 310; 56 59 258 311; 58 60 254 307; 56 48 256 309; 62 54 254 309; 58 50 257 309; 58 61 256 308; 56 61 256 311; 58 61 256 308; 

0\0_12_12171.jpg
314 400
103 10 297 270; 104 11 295 275; 104 11 296 277; 103 12 297 274; 111 11 290 282; 103 11 293 273; 103 11 297 237; 2 157 114 266; 103 11 297 274; 

0\0_12_12226.jpg
300 400
40 31 239 354; 38 32 241 358; 38 32 241 356; 38 33 239 354; 31 35 244 356; 39 33 241 356; 108 34 217 121; 174 218 214 308; 108 34 217 126; 

0\0_12_12322.jpg
400 319
51 45 329 259; 49 47 334 256; 52 48 333 256; 52 46 332 253; 48 46 328 256; 52 46 331 256; 52 46 331 254; 51 76 207 230; 52 46 331 254; 

0\0_12_12344.jpg
400 300
137 65 304 272; 140 67 300 272; 139 66 301 272; 139 67 301 271; 141 67 300 271; 142 66 301 272; 139 67 301 271; 139 66 301 271; 139 67 301 271; 

0\0_12_12372.jpg
400 300
155 86 267 244; 154 89 266 245; 154 89 265 247; 154 90 266 244; 152 91 263 252; 156 88 262 246; 153 89 266 244; 154 89 266 245; 153 89 266 244; 

0\0_12_12424.jpg
400 300
103 25 334 259; 103 26 337 276; 101 27 332 272; 104 28 334 271; 102 31 339 270; 104 27 336 267; 105 26 335 273; 103 26 336 274; 105 26 335 273; 

0\0_12_12429.jpg
400 328
3 28 254 309; 3 30 253 308; 2 30 251 307; 3 30 252 306; 13 30 255 299; 3 30 252 307; 3 30 252 306; 1 30 253 307; 3 30 252 306; 

0\0_12_12435.jpg
400 400
134 44 351 231; 134 48 349 238; 138 48 349 238; 134 48 348 239; 134 42 357 234; 138 50 346 230; 134 47 350 238; 134 47 349 242; 134 47 350 238; 

0\0_12_12484.jpg
400 300
79 9 311 288; 79 8 309 288; 78 8 309 287; 78 6 311 287; 80 12 312 282; 79 6 314 289; 78 8 311 288; 112 49 232 186; 78 8 311 288; 

0\0_12_12518.jpg
400 300
57 28 331 267; 56 31 332 263; 58 31 331 262; 58 31 330 261; 58 31 326 257; 56 31 330 258; 58 31 330 261; 58 31 331 262; 58 31 330 261; 

0\0_12_12597.jpg
400 302
204 80 364 243; 203 77 366 246; 204 81 364 241; 205 80 363 238; 205 82 366 238; 204 79 365 236; 205 81 361 238; 205 80 363 237; 205 81 361 238; 

0\0_12_12619.jpg
266 400
33 175 181 288; 32 174 181 291; 34 179 180 286; 34 176 179 289; 44 168 180 290; 36 177 180 285; 34 176 180 288; 34 175 179 288; 34 176 180 288; 

0\0_12_12649.jpg
400 300
111 31 320 268; 113 31 317 271; 111 30 317 269; 115 34 317 270; 114 35 314 261; 116 33 316 267; 232 33 317 108; 113 32 317 271; 229 33 317 111; 

0\0_12_12693.jpg
295 400
24 3 246 241; 19 9 247 238; 23 9 245 239; 21 7 244 236; 25 5 244 239; 22 7 244 236; 21 7 245 236; 22 7 244 236; 21 7 245 236; 

0\0_12_12705.jpg
222 165
41 17 186 153; 36 13 187 154; 41 14 184 150; 38 15 184 153; 36 15 185 141; 42 15 183 151; 38 16 185 152; 40 15 184 152; 38 16 185 152; 

0\0_12_12750.jpg
400 300
99 48 391 293; 98 51 394 291; 98 52 394 289; 99 51 394 289; 129 54 392 280; 101 50 394 289; 99 51 394 289; 100 51 396 289; 99 51 394 289; 

0\0_12_12771.jpg
400 300
122 59 265 221; 121 59 265 217; 122 62 262 215; 122 61 263 214; 112 58 262 218; 121 62 262 212; 122 61 262 214; 121 61 262 214; 122 61 262 214; 

0\0_12_12793.jpg
300 400
59 191 267 388; 56 189 266 388; 51 191 265 386; 54 192 264 388; 49 191 266 384; 54 191 265 384; 54 191 265 388; 54 192 266 387; 54 191 265 388; 

0\0_12_12816.jpg
300 399
90 32 260 225; 87 34 259 224; 88 34 261 225; 88 35 258 223; 84 34 262 227; 88 32 258 222; 87 34 259 223; 88 34 259 224; 87 34 259 223; 

0\0_12_12833.jpg
400 400
104 51 279 276; 104 50 281 278; 105 54 274 278; 107 55 272 276; 98 44 278 272; 77 6 273 277; 106 54 272 276; 79 6 272 276; 106 54 272 276; 

0\0_12_12845.jpg
400 303
105 21 364 294; 106 22 366 295; 108 23 364 291; 108 23 364 294; 118 26 361 292; 111 22 364 294; 108 23 364 292; 108 22 364 293; 108 23 364 292; 

0\0_12_12884.jpg
400 300
100 33 299 248; 101 31 296 248; 100 31 295 249; 100 29 295 248; 96 38 298 241; 100 29 292 250; 99 31 295 246; 97 29 297 248; 99 31 295 246; 

0\0_12_12891.jpg
400 305
24 75 356 261; 17 82 354 256; 18 89 352 261; 19 78 352 258; 59 72 371 251; 19 84 354 256; 18 78 371 254; 18 79 352 256; 18 79 352 256; 

0\0_12_12892.jpg
309 400
48 132 170 358; 46 131 171 359; 48 134 167 359; 47 136 168 359; 42 139 174 362; 49 135 169 359; 49 132 169 359; 48 134 168 358; 49 134 169 359; 

0\0_12_12921.jpg
400 300
36 11 244 281; 37 10 243 284; 37 11 242 283; 38 11 243 283; 43 13 245 282; 39 11 245 282; 38 11 243 281; 38 10 244 283; 38 11 243 281; 

0\0_12_12923.jpg
295 400
106 106 239 261; 106 106 241 261; 104 104 236 259; 107 106 238 260; 102 100 238 266; 105 106 239 260; 107 106 239 259; 107 106 238 259; 107 106 239 259; 

0\0_12_12974.jpg
299 399
115 128 274 383; 113 130 276 387; 115 128 277 384; 115 132 277 382; 87 127 283 383; 117 129 278 384; 116 128 278 389; 115 130 280 389; 116 128 278 381; 

0\0_13_13027.jpg
300 400
140 8 234 221; 138 9 235 221; 139 8 240 221; 139 9 236 220; 139 6 241 226; 139 7 234 222; 141 7 238 220; 140 8 236 221; 141 7 238 220; 

0\0_13_13036.jpg
400 300
12 104 373 193; 11 106 381 191; 41 106 349 186; 14 106 381 190; 18 103 379 196; 41 104 376 182; 42 104 348 181; 42 105 349 182; 42 106 348 181; 

0\0_13_13173.jpg
399 299
99 49 338 289; 96 49 341 290; 99 46 340 291; 95 49 338 291; 99 54 340 293; 100 49 337 290; 99 122 339 266; 261 188 338 267; 99 123 339 266; 

0\0_13_13198.jpg
400 300
91 20 284 253; 91 20 281 252; 92 19 279 252; 93 20 281 252; 91 17 276 254; 94 20 281 252; 93 20 259 149; 92 20 281 253; 93 20 259 149; 

0\0_13_13223.jpg
300 400
126 99 239 352; 125 99 241 351; 121 99 242 350; 126 100 240 349; 108 98 267 348; 123 99 239 350; 126 99 238 349; 126 99 239 349; 126 99 238 349; 

0\0_13_13235.jpg
400 300
87 66 302 252; 88 66 301 251; 89 66 302 251; 88 66 299 251; 52 18 354 259; 87 65 298 251; 88 67 301 250; 89 66 299 251; 88 67 301 250; 

0\0_13_13264.jpg
400 300
59 103 214 210; 59 103 209 211; 61 104 210 209; 59 104 209 209; 47 99 216 211; 59 104 209 212; 60 104 209 209; 59 104 209 210; 60 104 209 209; 

0\0_13_13295.jpg
300 400
54 89 235 242; 52 90 238 244; 53 90 236 245; 52 89 235 243; 56 88 234 244; 53 89 236 246; 54 91 237 244; 53 89 235 243; 54 91 237 244; 

0\0_13_13308.jpg
285 400
93 230 239 347; 92 231 244 350; 92 231 239 348; 93 231 240 347; 95 232 239 348; 94 230 241 352; 94 231 239 348; 94 231 240 346; 94 231 239 348; 

0\0_13_13331.jpg
400 296
100 74 300 222; 95 71 294 224; 97 72 299 226; 96 69 296 222; 98 72 293 226; 104 72 290 226; 95 68 294 223; 181 143 295 225; 95 68 294 223; 

0\0_13_13339.jpg
322 400
94 150 231 283; 93 154 230 282; 95 154 234 281; 96 155 230 281; 93 157 229 286; 95 150 233 278; 97 154 226 281; 96 154 229 282; 97 154 227 281; 

0\0_13_13347.jpg
400 286
117 35 389 175; 116 38 387 174; 118 40 386 175; 118 39 384 173; 124 38 389 172; 121 38 386 171; 118 40 236 159; 117 39 238 159; 118 40 384 173; 

0\0_13_13349.jpg
400 298
72 4 202 169; 73 4 202 169; 73 4 202 168; 71 4 200 167; 75 2 206 175; 72 4 203 169; 72 4 201 171; 72 4 201 168; 72 4 201 171; 

0\0_13_13356.jpg
400 266
98 64 266 239; 101 67 265 244; 172 68 266 194; 101 68 264 241; 98 67 266 232; 101 67 264 235; 172 67 263 194; 171 66 264 196; 172 67 263 194; 

0\0_13_13361.jpg
400 299
118 29 361 260; 117 33 354 261; 122 34 358 259; 121 34 354 260; 124 34 359 262; 124 151 270 256; 119 155 266 251; 122 139 266 251; 119 154 266 251; 

0\0_13_13368.jpg
400 366
28 21 336 232; 28 24 332 230; 30 24 334 228; 29 24 331 229; 31 22 332 227; 29 23 332 225; 28 26 331 228; 29 24 332 229; 28 26 331 228; 

0\0_13_13386.jpg
360 400
76 12 312 239; 77 13 312 235; 76 15 313 236; 77 13 312 236; 74 11 317 240; 76 12 310 241; 78 14 311 235; 77 14 312 236; 78 14 311 235; 

0\0_13_13400.jpg
400 316
159 119 307 266; 156 120 304 264; 155 122 303 264; 157 121 303 262; 154 115 311 262; 161 121 306 259; 161 121 299 261; 161 120 302 261; 161 121 301 261; 

0\0_13_13420.jpg
224 400
8 4 162 229; 10 3 160 227; 11 1 160 224; 10 6 159 225; 14 7 158 232; 9 3 159 225; 10 2 158 107; 8 4 160 225; 10 2 158 107; 

0\0_13_13422.jpg
400 300
199 36 338 236; 201 35 338 236; 202 36 338 234; 201 38 338 236; 191 41 354 235; 199 37 338 234; 209 38 338 217; 203 36 337 235; 201 38 338 236; 

0\0_13_13450.jpg
299 400
26 14 255 314; 28 18 255 315; 29 16 250 313; 28 17 250 312; 31 15 256 314; 28 18 250 314; 28 16 253 313; 26 16 251 313; 28 16 253 313; 

0\0_13_13453.jpg
400 300
153 50 280 212; 153 52 281 209; 151 54 279 206; 153 54 278 206; 154 51 281 221; 154 53 279 206; 153 53 277 206; 153 54 279 206; 153 53 277 206; 

0\0_13_13460.jpg
399 279
178 106 395 235; 179 106 399 233; 184 107 399 233; 182 109 395 230; 182 114 342 230; 184 118 339 233; 184 120 338 230; 184 119 340 230; 184 110 399 230; 

0\0_13_13515.jpg
400 300
128 19 351 286; 128 20 352 282; 128 21 349 279; 130 22 350 283; 125 21 352 281; 129 21 350 281; 131 22 349 282; 129 21 351 284; 131 22 349 282; 

0\0_13_13553.jpg
300 400
37 62 275 342; 37 53 275 341; 99 144 222 311; 41 56 274 339; 39 75 272 340; 38 57 274 341; 100 144 218 312; 38 56 273 339; 100 146 218 312; 

0\0_13_13700.jpg
322 399
126 43 307 390; 123 42 312 397; 127 44 309 393; 127 44 306 399; 119 39 310 370; 131 41 306 390; 127 43 305 399; 126 43 309 399; 127 43 305 399; 

0\0_13_13845.jpg
399 263
47 16 367 176; 46 18 367 175; 45 16 370 174; 43 18 367 175; 60 24 366 170; 44 16 373 184; 43 18 369 174; 42 18 369 174; 43 18 369 173; 

0\0_13_13885.jpg
400 259
20 20 261 238; 21 20 266 239; 20 21 262 238; 24 21 260 236; 23 21 259 231; 23 21 262 236; 22 21 261 236; 22 21 262 237; 22 21 261 236; 

0\0_14_14093.jpg
400 300
99 20 310 269; 100 9 310 265; 100 2 306 266; 99 3 308 268; 118 6 309 266; 101 2 308 269; 100 1 308 269; 98 0 308 268; 100 1 307 268; 

0\0_14_14181.jpg
400 300
100 26 247 236; 104 25 247 239; 103 23 244 236; 101 27 245 236; 106 26 247 231; 99 24 244 236; 101 28 245 238; 99 26 245 236; 101 28 245 238; 

0\0_14_14532.jpg
300 400
31 73 202 245; 31 73 201 243; 31 73 201 241; 31 74 201 243; 37 78 205 248; 30 75 201 242; 31 74 199 243; 29 73 201 244; 31 74 199 243; 

0\0_14_14597.jpg
400 300
62 14 324 279; 64 16 326 278; 61 19 321 273; 63 17 323 279; 68 18 314 271; 62 16 325 259; 63 18 322 209; 62 16 323 279; 63 17 322 209; 

0\0_14_14651.jpg
400 266
3 73 157 253; 1 71 161 254; 5 71 159 250; 4 73 159 253; 7 77 157 257; 7 73 160 252; 4 72 157 251; 3 72 159 252; 4 72 157 251; 

0\0_14_14747.jpg
320 400
45 42 236 234; 44 44 241 236; 46 45 239 234; 44 44 237 236; 49 46 241 238; 47 44 238 234; 44 44 238 236; 46 44 237 235; 44 44 238 236; 

0\0_14_14830.jpg
400 316
132 14 364 304; 131 15 362 297; 132 12 366 316; 134 14 364 308; 138 23 368 299; 127 14 371 297; 145 103 359 291; 133 14 364 308; 133 14 364 310; 

0\0_14_14831.jpg
399 299
56 53 312 257; 56 50 312 264; 59 51 311 260; 58 53 313 263; 59 53 312 251; 61 50 310 257; 69 53 312 262; 66 52 312 263; 69 53 312 262; 

0\0_14_14901.jpg
400 241
59 11 346 208; 59 9 344 209; 59 11 342 207; 58 10 343 206; 60 6 344 206; 61 9 344 206; 59 11 344 206; 154 52 233 128; 59 11 344 206; 

0\0_14_14926.jpg
400 300
132 89 350 296; 140 91 357 300; 130 94 354 300; 136 94 351 299; 21 7 375 289; 129 92 354 300; 147 108 342 300; 240 104 399 286; 133 89 352 300; 

0\0_14_14991.jpg
351 400
83 89 344 391; 83 91 342 390; 82 93 342 388; 83 90 342 389; 96 94 337 384; 85 92 345 389; 83 91 344 388; 82 91 344 389; 83 91 344 388; 

0\0_15_15022.jpg
341 400
57 116 291 335; 58 118 288 336; 60 119 288 337; 59 119 287 334; 60 113 288 334; 60 118 288 334; 60 118 288 335; 60 118 289 335; 60 118 288 335; 

0\0_15_15030.jpg
399 297
10 20 272 247; 7 16 272 248; 8 16 275 246; 8 18 273 248; 15 19 268 226; 8 18 274 248; 8 18 273 247; 7 17 273 248; 8 18 273 247; 

0\0_15_15264.jpg
388 400
189 154 364 380; 191 156 370 376; 191 160 372 376; 192 161 369 378; 199 158 367 374; 192 161 371 376; 194 162 370 378; 194 160 371 378; 194 162 370 378; 

0\0_15_15345.jpg
320 400
49 56 269 351; 49 48 267 366; 49 53 266 361; 51 50 268 364; 49 62 265 358; 49 51 268 367; 51 51 267 364; 51 51 268 368; 51 51 267 364; 

0\0_15_15522.jpg
295 400
57 29 229 381; 58 30 230 382; 59 31 228 380; 61 29 226 381; 63 31 224 380; 59 30 227 379; 98 79 211 326; 59 29 226 381; 98 82 172 316; 

0\0_15_15620.jpg
300 400
28 38 261 298; 29 38 263 296; 27 39 261 294; 30 39 261 296; 30 35 260 299; 27 39 259 295; 29 39 261 296; 29 38 261 297; 29 39 261 296; 

0\0_15_15622.jpg
300 400
52 2 298 243; 48 2 296 241; 51 9 294 241; 49 3 296 243; 56 4 294 238; 51 3 295 239; 48 1 296 242; 48 2 297 242; 48 1 296 242; 

0\0_15_15644.jpg
400 300
99 24 320 268; 96 28 319 268; 98 29 318 268; 98 29 318 264; 101 27 321 268; 99 28 321 265; 98 29 317 266; 98 29 318 265; 98 29 317 266; 

0\0_15_15663.jpg
400 282
133 36 352 149; 132 34 352 151; 131 34 351 154; 134 36 351 151; 138 36 349 144; 132 35 351 154; 134 35 352 147; 133 36 353 155; 134 35 352 154; 

0\0_15_15742.jpg
400 320
225 14 365 125; 229 14 366 126; 229 17 367 122; 228 16 365 124; 226 16 369 122; 226 14 366 124; 229 7 366 122; 229 14 366 122; 229 14 366 122; 

0\0_15_15763.jpg
400 266
2 83 258 202; 0 84 262 201; 0 85 260 198; 1 85 259 196; 0 83 256 195; 2 85 258 199; 0 86 258 196; 0 85 259 198; 0 86 258 196; 

0\0_15_15844.jpg
363 400
63 71 301 367; 62 61 302 368; 62 63 301 368; 61 62 301 368; 68 71 299 362; 64 63 301 369; 61 62 301 367; 127 61 230 192; 61 62 301 369; 

0\0_15_15857.jpg
400 300
114 51 301 243; 119 49 299 246; 119 48 297 233; 121 51 295 244; 122 49 295 227; 121 50 296 235; 119 53 294 244; 136 66 282 209; 119 53 294 244; 

0\0_15_15859.jpg
302 400
83 27 234 363; 86 36 236 361; 87 34 237 363; 86 30 233 362; 84 32 234 361; 86 37 232 361; 102 69 222 208; 85 30 233 231; 102 67 222 208; 

0\0_15_15876.jpg
400 300
61 42 317 232; 75 45 321 234; 73 43 319 234; 73 46 318 232; 74 45 319 224; 75 44 313 231; 72 46 318 232; 73 44 319 233; 72 46 318 232; 

0\0_15_15880.jpg
400 300
58 26 355 264; 55 26 354 265; 61 25 353 262; 57 27 354 261; 56 25 352 260; 59 24 354 261; 57 28 356 261; 56 28 354 262; 57 28 355 261; 

0\0_15_15935.jpg
370 400
188 44 353 378; 188 46 362 379; 196 49 343 374; 189 48 363 378; 200 49 337 391; 199 48 336 379; 189 48 364 378; 197 49 334 379; 189 48 362 378; 

0\0_15_15980.jpg
400 298
50 14 191 292; 52 11 192 291; 49 17 194 293; 52 15 189 287; 57 24 190 290; 50 16 191 290; 52 15 189 293; 50 15 191 294; 91 143 172 251; 

0\0_16_16030.jpg
400 320
130 89 241 211; 128 89 242 208; 134 89 239 207; 129 89 242 210; 56 54 339 255; 132 90 236 211; 128 89 239 208; 128 88 241 211; 128 89 239 208; 

0\0_16_16079.jpg
400 391
69 84 329 345; 70 86 330 347; 76 85 326 342; 76 87 326 344; 69 84 328 342; 68 86 324 344; 78 86 326 343; 158 126 234 195; 158 126 232 195; 

0\0_16_16196.jpg
328 400
53 85 275 309; 51 86 274 305; 57 88 270 304; 56 88 273 302; 59 86 274 302; 53 89 271 303; 54 88 271 301; 55 88 272 307; 54 88 271 301; 

0\0_16_16223.jpg
400 266
63 55 363 229; 62 54 361 234; 67 54 359 232; 62 56 360 228; 77 56 367 229; 64 58 359 229; 231 55 359 212; 231 56 360 211; 231 55 359 212; 

0\0_16_16283.jpg
300 400
43 66 251 205; 44 66 255 205; 44 66 252 201; 44 66 251 203; 54 60 259 197; 44 64 254 205; 44 66 251 202; 43 66 251 201; 44 66 250 202; 

0\0_16_16403.jpg
400 285
10 19 304 242; 9 19 306 244; 9 20 305 240; 10 20 305 243; 12 22 309 238; 11 19 305 242; 200 100 304 198; 9 20 305 244; 196 99 304 198; 

0\0_16_16431.jpg
399 302
216 71 330 294; 219 70 332 300; 222 69 333 299; 220 70 332 299; 222 58 334 302; 220 68 333 298; 224 71 316 234; 221 70 332 302; 224 71 330 300; 

0\0_16_16627.jpg
400 320
151 33 341 209; 145 33 341 213; 150 37 339 211; 149 35 338 208; 155 44 335 221; 148 37 337 208; 147 35 340 210; 148 35 337 209; 147 35 340 210; 

0\0_16_16629.jpg
400 321
141 31 356 263; 138 31 358 261; 143 29 357 257; 143 33 356 258; 142 29 347 267; 146 31 355 259; 141 32 354 259; 141 31 356 258; 141 32 354 259; 

0\0_16_16704.jpg
400 311
111 77 356 227; 110 71 357 226; 109 71 356 228; 111 79 354 224; 123 52 348 228; 112 70 354 224; 112 71 354 225; 111 78 354 224; 112 71 354 225; 

0\0_16_16768.jpg
400 300
78 11 318 288; 78 11 318 290; 81 12 321 289; 79 12 314 288; 76 9 325 281; 80 12 317 286; 79 13 314 288; 79 14 317 289; 79 13 314 288; 

0\0_16_16801.jpg
297 400
68 125 228 358; 64 126 228 359; 69 130 228 349; 70 131 225 356; 63 122 228 344; 72 129 222 351; 70 131 224 356; 69 131 224 342; 70 131 224 356; 

0\0_16_16905.jpg
187 400
18 21 121 372; 17 21 117 372; 21 24 116 372; 19 24 119 371; 21 60 117 368; 21 59 115 371; 19 23 119 370; 18 22 120 371; 19 23 119 370; 

0\0_16_16940.jpg
400 277
108 56 389 267; 105 59 393 267; 106 59 393 271; 106 59 392 269; 110 61 389 254; 107 60 392 269; 107 58 391 268; 106 59 392 270; 107 58 391 268; 

0\0_16_16947.jpg
304 400
66 60 238 323; 69 55 238 326; 67 59 234 323; 69 61 239 321; 73 102 232 322; 90 222 224 324; 92 226 222 322; 92 224 222 322; 70 61 238 322; 

0\0_16_16968.jpg
400 300
132 34 313 258; 139 31 315 261; 138 34 314 258; 139 34 314 258; 140 37 313 261; 135 33 304 179; 140 34 313 257; 138 34 314 258; 140 34 313 257; 

0\0_16_16989.jpg
278 400
44 56 263 306; 50 57 262 302; 53 56 267 304; 50 56 261 304; 65 56 257 296; 44 56 266 302; 52 57 263 304; 52 55 266 304; 52 57 261 304; 

0\0_17_17022.jpg
400 350
118 8 356 302; 115 2 357 300; 119 1 356 293; 117 1 356 296; 126 10 360 287; 122 10 356 295; 118 1 357 297; 117 1 357 297; 118 1 357 297; 

0\0_17_17057.jpg
319 399
46 39 266 317; 45 44 263 321; 47 43 260 316; 47 44 261 317; 57 45 262 308; 47 44 260 314; 48 44 260 317; 48 45 260 316; 48 44 260 317; 

0\0_17_17202.jpg
400 400
126 115 393 389; 124 118 392 389; 134 124 391 388; 128 123 392 389; 164 125 391 378; 132 124 392 390; 126 122 392 389; 164 193 306 334; 126 122 392 389; 

0\0_17_17251.jpg
400 320
105 74 324 231; 105 74 327 232; 106 77 325 231; 107 76 322 231; 108 77 320 224; 106 79 322 231; 106 76 322 231; 106 75 323 231; 106 76 322 231; 

0\0_17_17275.jpg
400 320
176 135 333 296; 174 135 332 298; 174 135 332 297; 176 136 329 297; 136 71 342 293; 175 136 331 297; 175 136 329 296; 175 136 329 297; 175 136 329 296; 

0\0_17_17350.jpg
400 300
159 75 295 261; 158 70 296 258; 158 69 298 254; 160 66 295 259; 161 59 304 254; 162 68 297 257; 160 68 296 258; 159 64 295 259; 160 68 296 259; 

0\0_17_17352.jpg
253 400
43 38 219 335; 49 40 224 333; 46 41 221 334; 46 39 222 334; 49 47 208 309; 49 41 211 329; 43 38 223 334; 50 38 223 334; 43 38 223 334; 

0\0_17_17369.jpg
400 278
32 48 221 229; 37 51 221 231; 35 53 220 228; 37 53 219 227; 41 53 223 233; 33 52 217 228; 37 53 218 227; 37 52 221 225; 37 53 218 227; 

0\0_17_17388.jpg
400 329
111 100 273 295; 114 104 268 291; 112 106 271 289; 112 104 269 291; 110 104 265 292; 114 105 269 288; 113 104 269 290; 112 104 270 290; 113 104 269 290; 

0\0_17_17407.jpg
400 300
88 48 303 254; 88 49 303 256; 92 50 301 251; 88 49 304 256; 93 49 305 256; 97 58 294 251; 88 49 303 254; 89 48 304 256; 88 49 303 254; 

0\0_17_17525.jpg
265 400
81 47 216 198; 77 41 217 201; 83 44 216 196; 81 46 217 197; 83 45 212 203; 79 44 216 199; 80 47 218 197; 80 46 217 198; 80 47 218 197; 

0\0_17_17526.jpg
400 296
139 120 249 244; 138 120 250 245; 140 120 252 243; 140 121 247 243; 137 115 253 243; 137 118 251 244; 141 122 247 244; 139 121 248 243; 141 122 247 243; 

0\0_17_17553.jpg
288 400
30 117 252 314; 28 116 251 314; 30 116 251 312; 30 117 250 310; 35 121 250 314; 30 116 251 311; 30 117 250 312; 30 117 251 312; 30 117 250 312; 

0\0_17_17569.jpg
400 400
64 51 343 339; 56 50 337 341; 30 23 361 368; 58 52 336 336; 68 49 349 343; 31 25 364 365; 29 21 366 365; 29 21 366 368; 54 52 335 339; 

0\0_17_17637.jpg
400 260
49 72 316 236; 45 75 317 236; 54 75 316 234; 45 74 315 234; 72 74 203 193; 47 74 316 235; 44 74 316 234; 128 74 316 234; 44 74 316 234; 

0\0_17_17660.jpg
400 319
73 68 318 282; 73 72 318 280; 80 73 318 278; 74 72 317 280; 88 68 317 278; 75 72 314 279; 74 71 318 280; 103 136 231 261; 74 71 318 280; 

0\0_17_17674.jpg
300 400
44 55 249 304; 48 58 247 302; 58 61 275 391; 49 59 243 302; 53 56 245 296; 53 58 244 304; 53 59 241 301; 105 58 191 134; 53 59 242 301; 

0\0_18_18160.jpg
351 400
6 59 346 229; 6 62 342 227; 8 59 339 227; 8 62 339 226; 20 60 338 212; 9 63 338 224; 8 62 338 226; 10 62 119 196; 8 62 338 226; 

0\0_18_18219.jpg
400 300
39 46 264 148; 38 47 268 148; 41 49 265 149; 41 50 263 150; 46 48 268 144; 41 47 262 149; 40 49 264 148; 39 49 263 149; 40 49 264 148; 

0\0_18_18254.jpg
300 400
38 121 278 342; 41 119 288 338; 42 120 288 339; 42 121 289 336; 43 119 285 329; 41 120 286 334; 42 121 288 338; 41 121 287 337; 42 121 288 338; 

0\0_18_18310.jpg
400 350
145 83 372 235; 143 85 370 239; 147 87 371 235; 146 86 368 234; 145 87 369 243; 147 85 370 234; 147 85 368 233; 146 85 369 234; 147 85 368 233; 

0\0_18_18314.jpg
320 399
72 17 300 308; 72 16 300 311; 71 17 300 305; 73 18 299 308; 82 17 291 303; 72 18 300 305; 71 17 299 308; 134 146 299 308; 71 17 299 308; 

0\0_18_18358.jpg
400 277
7 22 244 262; 8 21 246 262; 8 26 262 259; 8 23 246 261; 12 23 245 253; 9 23 244 258; 9 24 246 261; 8 22 246 261; 9 24 246 261; 

0\0_18_18530.jpg
400 326
12 52 203 313; 11 56 202 322; 14 56 202 326; 12 56 202 319; 12 57 199 319; 14 56 204 312; 9 56 201 324; 9 55 202 326; 9 56 201 324; 

0\0_18_18562.jpg
400 276
31 44 310 250; 32 41 312 253; 31 43 304 256; 32 46 307 252; 32 48 308 254; 36 42 307 253; 32 45 311 253; 32 43 312 254; 32 45 311 253; 

0\0_18_18565.jpg
400 300
115 67 358 235; 118 68 356 238; 120 66 355 241; 119 69 354 241; 118 69 357 235; 121 68 358 236; 119 69 354 241; 119 68 354 237; 119 69 354 241; 

0\0_18_18636.jpg
400 300
185 38 378 238; 184 37 381 235; 220 38 379 234; 186 39 378 234; 220 37 379 234; 231 39 383 238; 217 39 378 234; 218 38 378 233; 187 39 378 236; 

0\0_18_18653.jpg
266 400
12 85 232 368; 10 83 235 366; 11 86 234 366; 11 86 232 354; 14 88 237 361; 12 86 234 361; 11 86 231 362; 11 86 231 364; 11 86 231 362; 

0\0_18_18661.jpg
400 400
21 88 232 356; 22 90 232 354; 22 89 231 339; 22 91 229 353; 25 95 231 289; 24 91 231 352; 21 91 231 354; 21 91 229 354; 21 91 231 354; 

0\0_18_18690.jpg
300 400
33 157 253 325; 29 155 259 324; 34 156 249 324; 33 158 249 323; 39 155 247 325; 38 159 251 326; 32 158 200 285; 32 158 199 285; 32 158 251 323; 

0\0_18_18699.jpg
300 400
56 71 274 315; 52 70 284 318; 56 68 278 318; 55 70 278 314; 59 71 281 301; 58 70 278 316; 54 70 282 318; 55 70 278 314; 54 70 282 318; 

0\0_18_18720.jpg
320 400
68 6 313 248; 65 7 316 249; 68 6 313 246; 68 21 316 249; 72 9 319 252; 68 7 315 249; 69 8 314 249; 68 7 196 138; 69 8 314 249; 

0\0_18_18723.jpg
400 278
28 11 269 204; 32 14 266 201; 29 15 267 198; 31 14 265 199; 31 11 266 196; 31 14 266 199; 31 14 266 199; 122 14 265 126; 31 14 266 199; 

0\0_18_18725.jpg
400 300
80 84 233 215; 74 82 233 218; 78 81 227 220; 78 83 232 219; 80 78 232 217; 79 84 232 219; 76 84 232 217; 79 82 232 216; 76 84 232 217; 

0\0_18_18732.jpg
400 300
69 38 352 242; 71 37 352 238; 73 38 347 238; 72 38 348 238; 70 39 350 241; 70 38 350 239; 73 38 348 239; 72 38 237 237; 73 38 348 239; 

0\0_18_18734.jpg
342 399
62 145 311 314; 63 145 313 305; 64 145 309 305; 65 147 310 305; 69 146 312 308; 63 148 309 305; 65 148 310 304; 64 147 311 306; 65 148 310 304; 

0\0_18_18763.jpg
400 322
79 38 179 179; 78 36 181 179; 78 38 178 174; 78 39 178 178; 78 38 180 172; 81 38 176 179; 79 39 178 178; 79 38 178 177; 79 39 178 179; 

0\0_18_18804.jpg
400 300
124 54 394 197; 126 54 396 194; 131 56 390 201; 121 52 391 192; 122 61 388 186; 131 55 394 206; 125 76 239 169; 124 52 394 196; 125 76 244 171; 

0\0_18_18816.jpg
400 300
76 67 325 252; 78 67 322 255; 75 69 323 251; 77 69 320 252; 71 71 327 249; 77 70 320 257; 77 69 319 253; 163 148 268 251; 77 69 319 253; 

0\0_18_18852.jpg
399 378
119 179 394 358; 119 179 396 352; 121 179 392 366; 120 180 396 346; 119 179 392 346; 123 181 393 352; 119 179 397 353; 120 179 395 366; 119 179 397 353; 

0\0_18_18880.jpg
400 300
100 47 299 268; 98 49 298 265; 101 48 298 265; 99 51 297 264; 96 50 296 270; 99 49 296 264; 100 50 297 263; 100 51 298 264; 100 50 297 263; 

0\0_18_18927.jpg
399 309
79 70 261 248; 73 66 261 243; 74 66 273 243; 77 68 258 244; 119 61 284 208; 77 68 259 246; 75 68 259 244; 79 68 259 244; 75 68 259 244; 

0\0_18_18928.jpg
400 300
34 61 358 243; 37 56 358 247; 38 62 353 242; 37 58 355 243; 57 71 355 238; 41 61 356 242; 36 58 355 244; 37 146 237 241; 36 58 355 244; 

0\0_18_18930.jpg
400 266
56 26 191 211; 52 28 191 209; 53 29 189 209; 55 30 189 214; 52 34 189 198; 55 30 189 206; 56 29 189 218; 55 29 189 214; 56 29 189 214; 

0\0_18_18957.jpg
400 250
214 97 346 194; 215 98 341 192; 216 97 343 191; 216 99 342 192; 213 98 342 192; 215 97 341 192; 216 98 342 192; 216 98 341 190; 216 98 342 192; 

0\0_18_18961.jpg
400 320
34 43 272 258; 34 50 268 254; 34 51 266 252; 37 48 266 260; 48 58 265 251; 39 53 268 253; 38 50 268 260; 37 49 268 258; 38 50 268 260; 

0\0_19_19011.jpg
400 220
41 14 316 185; 32 20 318 184; 36 19 318 186; 34 21 317 183; 33 22 318 182; 34 19 318 182; 34 20 317 184; 33 21 318 184; 34 20 317 184; 

0\0_19_19025.jpg
400 381
145 150 335 309; 149 152 335 312; 149 154 333 312; 148 152 333 312; 151 149 336 313; 149 151 336 314; 151 153 333 312; 149 153 333 312; 151 153 333 312; 

0\0_19_19029.jpg
400 300
62 35 352 274; 63 33 350 275; 63 35 343 269; 62 36 347 273; 61 80 352 262; 65 37 348 271; 61 36 347 273; 61 36 348 272; 61 36 347 273; 

0\0_19_19068.jpg
400 216
124 69 388 211; 122 69 397 211; 124 72 394 208; 124 70 396 211; 128 76 391 209; 122 70 396 210; 125 70 396 212; 123 69 396 211; 125 70 396 212; 

0\0_19_19090.jpg
400 316
226 29 316 262; 225 31 316 266; 229 31 318 259; 228 29 315 261; 228 35 322 260; 229 35 315 261; 229 29 316 259; 228 28 316 262; 229 29 316 261; 

0\0_19_19102.jpg
300 400
31 93 220 281; 27 92 221 280; 31 96 218 277; 32 97 219 277; 29 95 222 281; 31 97 219 276; 32 96 218 278; 31 96 219 278; 32 96 218 278; 

0\0_19_19136.jpg
400 280
36 17 343 227; 32 17 342 244; 29 18 339 242; 31 17 341 242; 39 39 335 221; 34 16 341 246; 32 16 342 244; 32 16 341 240; 32 16 342 244; 

0\0_19_19137.jpg
400 306
16 61 282 279; 17 61 284 275; 52 62 278 269; 19 64 281 275; 45 57 289 260; 19 62 279 274; 19 64 282 276; 20 62 283 274; 19 64 282 276; 

0\0_19_19193.jpg
400 300
73 28 354 266; 73 31 351 269; 76 31 346 273; 75 32 347 276; 64 30 351 270; 76 31 346 276; 76 31 349 273; 76 32 348 274; 76 31 349 273; 

0\0_19_19200.jpg
392 400
129 39 343 362; 131 38 345 374; 130 36 342 368; 133 40 341 368; 134 37 348 356; 137 38 341 365; 138 38 343 249; 136 38 342 251; 138 38 343 250; 

0\0_19_19214.jpg
400 268
111 22 348 174; 110 24 350 176; 113 24 346 172; 112 25 348 172; 102 22 346 170; 112 26 349 175; 112 25 349 174; 112 24 348 173; 112 25 349 174; 

0\0_19_19249.jpg
400 300
25 50 293 244; 23 51 292 242; 24 54 287 241; 24 53 289 242; 24 49 291 235; 24 52 291 239; 26 54 290 241; 24 52 289 242; 26 54 289 241; 

0\0_19_19429.jpg
400 300
164 88 326 293; 161 92 326 300; 162 91 324 299; 161 92 324 296; 159 86 329 294; 161 91 326 296; 161 91 324 298; 161 91 324 300; 161 91 324 298; 

0\0_19_19593.jpg
400 298
18 41 336 255; 20 39 331 254; 22 42 333 254; 21 42 329 254; 21 37 330 256; 22 42 332 257; 21 42 331 255; 21 42 330 255; 21 42 325 185; 

0\0_19_19602.jpg
400 300
82 124 309 254; 82 125 308 250; 84 125 307 251; 86 125 318 250; 82 122 313 246; 84 128 308 253; 85 126 308 250; 85 125 308 250; 85 126 308 250; 

0\0_19_19686.jpg
400 322
26 61 378 272; 22 62 373 271; 24 62 376 270; 23 62 373 270; 39 63 369 260; 28 63 373 271; 25 61 372 269; 25 62 374 269; 25 61 372 269; 

0\0_19_19773.jpg
399 303
74 66 251 263; 73 61 248 258; 77 64 251 257; 74 63 249 257; 73 59 242 256; 78 63 249 258; 73 63 249 256; 73 63 249 255; 73 63 249 256; 

0\0_19_19820.jpg
400 300
98 85 313 211; 99 88 312 210; 107 83 307 208; 105 88 309 208; 28 90 306 220; 107 87 309 211; 105 88 309 209; 244 159 304 208; 104 88 309 219; 

0\0_19_19930.jpg
288 400
11 96 275 354; 9 92 276 358; 11 94 271 359; 12 94 272 355; 17 99 272 355; 11 96 272 357; 12 94 272 356; 101 177 191 269; 12 94 272 356; 

0\0_20_20053.jpg
400 277
16 34 292 184; 11 31 292 189; 27 34 289 102; 6 35 291 186; 17 22 299 185; 10 34 295 188; 27 34 291 97; 204 104 288 187; 27 34 291 97; 

0\0_20_20085.jpg
400 330
156 62 378 291; 153 62 380 288; 158 64 374 284; 157 64 376 286; 157 62 376 289; 157 66 376 288; 158 65 375 286; 158 65 374 286; 158 65 375 286; 

0\0_20_20144.jpg
400 351
15 132 341 314; 12 132 344 312; 20 133 340 308; 18 134 341 310; 16 133 343 305; 19 134 341 310; 18 135 340 310; 16 134 341 312; 18 135 340 310; 

0\0_20_20368.jpg
400 271
28 78 377 238; 24 80 382 246; 31 32 379 242; 28 82 377 245; 26 51 378 242; 26 11 377 244; 28 81 379 246; 29 8 380 247; 28 7 379 246; 

0\0_20_20573.jpg
300 400
95 133 225 375; 96 133 222 377; 91 130 223 379; 93 133 223 365; 91 135 226 375; 91 133 227 381; 93 132 223 379; 153 149 217 220; 93 133 223 379; 

0\0_20_20656.jpg
400 223
32 32 371 145; 30 29 371 145; 31 31 364 141; 32 32 366 142; 26 28 374 141; 31 31 368 144; 31 32 366 143; 259 44 357 134; 31 32 366 143; 

0\0_20_20724.jpg
400 300
69 29 351 252; 64 23 351 248; 66 29 242 254; 68 28 348 247; 62 22 346 274; 67 27 241 251; 121 27 211 141; 120 27 218 141; 121 27 209 141; 

0\0_20_20772.jpg
400 328
198 67 329 198; 198 65 330 198; 198 68 328 197; 201 68 328 195; 198 69 336 199; 201 68 328 196; 201 69 328 196; 199 68 328 196; 201 69 328 196; 

0\0_20_20783.jpg
400 321
187 88 388 293; 186 89 386 298; 188 91 384 300; 188 91 385 297; 192 84 386 296; 188 91 386 299; 187 90 386 298; 187 91 386 299; 187 90 386 298; 

0\0_20_20937.jpg
300 400
18 47 281 294; 18 46 279 297; 22 48 277 290; 20 50 278 291; 34 51 276 287; 22 50 277 292; 21 52 276 291; 20 50 278 292; 21 52 276 291; 

0\0_21_21001.jpg
400 250
17 48 379 213; 16 46 379 218; 24 48 378 218; 16 47 379 218; 28 53 380 216; 147 85 373 211; 142 81 379 216; 252 89 374 203; 17 48 379 216; 

0\0_21_21087.jpg
325 399
17 37 312 252; 16 36 313 251; 18 36 308 248; 16 37 312 250; 27 36 311 249; 17 36 313 250; 16 39 310 250; 16 36 311 250; 16 39 310 250; 

0\0_21_21093.jpg
400 301
72 22 332 268; 74 24 331 271; 76 22 328 268; 76 23 329 268; 75 21 330 268; 74 24 329 268; 76 22 329 269; 75 22 329 269; 76 22 329 269; 

0\0_21_21135.jpg
400 300
166 32 381 249; 165 35 388 251; 164 36 387 253; 167 38 388 253; 163 36 386 243; 168 38 388 252; 167 36 389 252; 167 38 389 252; 167 36 389 252; 

0\0_21_21147.jpg
400 300
39 16 333 245; 41 13 334 243; 39 16 331 242; 42 16 331 241; 41 18 329 239; 44 16 332 240; 41 16 332 241; 114 16 331 241; 41 16 332 241; 

0\0_21_21244.jpg
400 300
78 25 333 269; 76 26 336 271; 82 29 333 266; 81 30 331 264; 81 29 329 261; 79 29 330 266; 81 28 331 265; 81 28 331 264; 81 28 331 265; 

0\0_21_21299.jpg
400 265
20 47 371 222; 21 49 371 218; 24 49 368 218; 24 50 368 218; 33 46 371 209; 22 49 371 218; 23 50 368 218; 224 72 269 117; 23 50 368 218; 

0\0_21_21313.jpg
399 217
77 2 292 207; 74 2 292 206; 80 1 285 204; 79 0 289 204; 83 1 296 209; 78 1 288 204; 80 0 289 204; 79 0 291 205; 80 0 289 204; 

0\0_21_21332.jpg
300 400
98 223 258 357; 97 222 255 357; 101 224 253 358; 99 225 252 352; 105 219 256 354; 98 224 254 360; 99 226 253 355; 98 225 252 359; 99 226 253 355; 

0\0_21_21394.jpg
400 300
117 44 283 214; 119 45 282 212; 118 46 281 211; 120 47 280 211; 119 48 278 209; 121 45 280 210; 119 46 281 210; 119 47 281 209; 119 46 281 210; 

0\0_21_21413.jpg
400 300
52 47 342 239; 46 44 348 239; 51 45 336 239; 51 45 339 236; 61 50 341 236; 52 46 340 239; 51 44 340 237; 49 45 224 204; 51 44 340 237; 

0\0_21_21422.jpg
400 258
29 10 278 194; 29 7 283 201; 30 8 281 200; 32 7 281 201; 45 9 275 174; 33 7 281 201; 31 7 283 201; 163 166 229 234; 31 7 283 201; 

0\0_21_21703.jpg
400 295
56 92 200 239; 54 95 202 237; 56 94 205 237; 58 95 200 234; 65 93 206 230; 60 94 204 236; 58 96 199 234; 58 96 200 235; 58 96 199 234; 

0\0_21_21781.jpg
400 208
190 5 394 154; 192 1 399 155; 192 0 398 154; 193 1 398 154; 189 0 399 144; 195 1 398 156; 193 2 397 155; 321 68 385 145; 193 2 397 155; 

0\0_21_21938.jpg
400 271
101 45 294 232; 106 42 294 227; 106 46 291 226; 106 47 292 225; 109 45 298 228; 107 46 294 226; 106 47 291 224; 105 47 292 226; 106 47 291 224; 

0\0_21_21974.jpg
400 246
206 82 349 222; 207 83 348 221; 208 86 347 220; 208 86 346 219; 208 85 348 219; 209 85 347 219; 209 86 345 218; 208 85 347 219; 209 86 345 218; 

0\0_22_22047.jpg
400 283
39 95 331 212; 42 98 330 212; 43 98 327 209; 42 98 328 210; 47 91 331 207; 42 97 328 210; 42 99 328 211; 42 98 327 211; 42 99 328 211; 

0\0_22_22147.jpg
310 400
132 83 265 205; 129 82 264 204; 131 83 266 202; 133 83 264 202; 131 79 262 201; 133 83 264 202; 133 83 263 202; 132 82 264 202; 133 83 263 202; 

0\0_22_22218.jpg
400 300
18 62 199 261; 20 65 197 259; 19 64 199 259; 19 66 197 258; 21 62 206 251; 19 66 196 258; 19 66 197 258; 19 66 196 258; 19 66 197 258; 

0\0_22_22219.jpg
400 290
100 8 275 288; 103 8 268 290; 99 9 273 290; 100 10 264 288; 85 9 328 274; 138 8 264 221; 134 9 265 189; 135 9 264 189; 99 9 265 289; 

0\0_22_22234.jpg
293 399
113 55 230 267; 111 53 226 267; 114 58 225 269; 114 60 226 267; 113 55 224 267; 113 58 227 265; 112 59 226 267; 114 59 227 267; 112 59 226 267; 

0\0_22_22396.jpg
268 400
31 62 252 344; 18 65 248 342; 25 64 253 345; 21 66 252 345; 38 71 254 343; 22 68 254 344; 26 67 251 348; 48 244 64 400; 36 67 251 347; 

0\0_22_22502.jpg
400 300
18 61 345 186; 11 60 353 183; 10 62 352 179; 12 62 351 182; 8 61 381 183; 14 61 351 178; 13 61 350 184; 13 61 352 182; 33 61 350 184; 

0\0_22_22838.jpg
400 300
32 59 184 286; 31 58 186 287; 32 59 184 287; 34 59 184 286; 34 56 185 289; 34 59 184 286; 33 59 184 285; 33 59 184 286; 33 59 184 285; 

0\0_22_22933.jpg
400 273
133 2 295 213; 135 1 291 215; 168 1 294 179; 135 0 285 213; 135 4 302 207; 172 1 286 178; 135 0 285 212; 203 127 233 193; 167 1 284 183; 

0\0_23_23003.jpg
300 400
18 95 269 280; 21 95 266 279; 22 96 265 279; 21 96 267 281; 27 96 274 279; 19 95 267 279; 18 96 267 279; 19 94 269 279; 18 96 267 279; 

0\0_23_23069.jpg
400 316
25 69 260 297; 27 70 251 292; 25 70 260 295; 25 71 261 295; 25 73 263 295; 25 71 261 297; 27 71 262 295; 24 70 261 295; 27 71 261 295; 

0\0_23_23355.jpg
400 266
118 51 356 232; 119 51 357 233; 119 51 354 235; 121 53 354 230; 124 52 351 230; 121 52 354 233; 119 52 354 230; 121 52 354 230; 119 52 354 151; 

0\0_23_23577.jpg
400 300
44 75 291 298; 39 76 296 296; 48 79 294 296; 47 79 293 294; 46 79 281 291; 46 79 292 292; 47 79 292 292; 46 79 294 294; 47 79 292 292; 

0\0_23_23645.jpg
400 300
119 2 315 210; 121 4 315 205; 120 3 314 207; 121 4 312 208; 124 0 309 215; 120 4 314 208; 120 3 313 208; 120 4 313 208; 120 3 313 209; 

0\0_23_23666.jpg
400 303
172 109 351 237; 172 111 349 234; 172 108 351 238; 173 111 349 233; 171 107 335 234; 172 109 350 235; 174 111 349 233; 173 111 350 234; 174 111 349 233; 

0\0_23_23683.jpg
400 300
142 23 284 168; 143 22 282 166; 143 24 282 168; 144 24 281 164; 141 21 279 176; 144 24 282 164; 144 24 281 164; 144 24 281 164; 144 24 281 164; 

0\0_23_23697.jpg
300 400
120 72 284 301; 121 75 281 300; 121 75 281 301; 124 76 280 299; 121 63 279 312; 121 75 281 301; 124 78 280 300; 145 160 198 291; 124 78 280 300; 

0\0_23_23732.jpg
400 299
46 95 341 246; 44 97 340 243; 47 95 337 243; 47 99 337 240; 37 84 348 253; 46 98 337 241; 47 98 337 239; 47 99 193 241; 47 98 337 241; 

0\0_23_23748.jpg
400 336
51 103 244 288; 49 106 240 288; 110 107 240 224; 54 107 237 284; 61 38 317 281; 53 166 163 286; 53 167 159 285; 53 167 160 284; 53 107 237 285; 

0\0_23_23817.jpg
400 312
146 11 369 264; 139 10 372 262; 143 14 369 261; 143 12 371 261; 145 18 366 253; 143 12 371 261; 144 12 371 261; 144 11 371 261; 144 12 371 261; 

0\0_23_23934.jpg
305 400
52 133 295 257; 59 135 298 256; 56 131 297 263; 59 136 297 260; 61 129 297 269; 58 136 297 262; 58 137 298 258; 90 176 158 211; 58 137 298 258; 

0\0_24_24071.jpg
314 399
88 128 236 276; 87 128 237 275; 90 130 233 273; 88 131 234 273; 93 127 233 268; 90 131 233 272; 90 131 234 273; 89 130 234 273; 90 131 234 273; 

0\0_24_24101.jpg
372 400
28 185 350 316; 23 186 353 309; 28 188 349 313; 29 187 348 316; 37 184 350 312; 28 188 349 314; 28 188 349 317; 28 187 349 316; 28 188 349 317; 

0\0_24_24177.jpg
400 300
82 10 242 216; 79 9 245 212; 81 10 244 207; 82 9 242 211; 81 10 244 203; 81 9 242 210; 84 10 242 211; 269 208 364 291; 84 10 242 211; 

0\0_24_24196.jpg
399 297
64 20 301 292; 67 21 300 290; 66 24 300 289; 67 22 300 287; 65 25 297 287; 39 22 300 287; 67 21 300 285; 65 22 300 288; 67 21 300 285; 

0\0_24_24209.jpg
400 300
26 162 386 231; 24 162 388 232; 26 164 379 232; 25 164 382 234; 28 161 386 232; 27 164 384 233; 26 164 383 234; 143 166 258 230; 26 164 383 234; 

0\0_24_24234.jpg
280 400
39 114 247 311; 39 115 238 309; 40 116 237 302; 38 116 238 309; 46 114 238 303; 40 114 237 308; 40 115 238 308; 40 116 238 308; 40 115 238 308; 

0\0_24_24237.jpg
358 400
87 96 288 282; 87 98 288 280; 90 110 284 277; 89 97 281 276; 92 98 283 276; 90 104 282 276; 89 98 281 276; 150 151 218 204; 89 131 281 276; 

0\0_24_24256.jpg
400 300
196 31 366 286; 198 31 369 286; 196 32 364 286; 199 32 364 284; 196 102 363 284; 200 32 365 283; 199 102 363 284; 199 32 364 285; 199 32 363 284; 

0\0_24_24368.jpg
400 300
75 114 302 287; 77 119 299 285; 80 120 301 279; 77 121 297 283; 77 114 299 271; 77 121 295 282; 78 119 297 283; 7 80 69 139; 78 120 297 283; 

0\0_24_24390.jpg
300 400
2 37 180 284; 1 34 180 291; 0 38 181 283; 0 38 178 284; 0 41 182 288; 1 39 179 283; 1 39 179 284; 0 38 179 282; 1 39 178 284; 

0\0_24_24431.jpg
400 300
102 78 302 234; 103 71 304 236; 103 73 304 232; 102 72 302 231; 104 76 298 229; 102 73 302 235; 102 74 302 234; 102 72 301 232; 102 74 302 234; 

0\0_24_24440.jpg
236 400
22 152 94 305; 23 151 96 305; 25 149 93 305; 24 151 93 304; 23 150 92 305; 25 151 79 301; 25 151 93 304; 25 151 81 300; 25 151 93 304; 

0\0_24_24442.jpg
302 400
83 12 232 289; 83 9 231 293; 83 10 231 297; 86 11 230 293; 88 7 229 297; 87 10 230 292; 85 13 231 293; 85 9 230 293; 85 13 231 293; 

0\0_24_24453.jpg
300 400
68 102 253 320; 68 99 255 316; 71 98 250 313; 71 100 252 314; 65 100 254 318; 70 96 252 313; 71 95 252 314; 70 98 253 316; 71 95 252 314; 

0\0_24_24455.jpg
400 341
209 61 368 338; 209 63 366 331; 208 63 362 330; 211 64 365 331; 209 63 366 336; 210 65 364 331; 211 64 364 332; 210 63 364 330; 211 64 363 332; 

0\0_24_24456.jpg
300 400
75 119 168 314; 74 118 168 309; 72 119 170 308; 74 119 168 318; 73 116 171 311; 75 119 166 319; 75 119 167 308; 76 119 168 316; 75 119 167 308; 

0\0_24_24492.jpg
313 400
60 144 306 388; 54 144 313 392; 52 149 313 392; 58 147 312 392; 58 150 310 390; 58 146 313 392; 59 147 313 392; 56 147 312 392; 59 147 313 392; 

0\0_24_24500.jpg
266 400
16 11 239 237; 11 13 238 238; 13 14 238 234; 14 15 238 237; 18 15 238 238; 14 16 238 237; 14 14 237 237; 14 14 238 237; 14 14 237 237; 

0\0_24_24532.jpg
300 400
26 111 276 393; 28 116 267 394; 28 117 298 388; 27 116 269 399; 36 112 298 389; 61 259 158 366; 150 284 272 400; 115 114 189 197; 26 115 272 400; 

0\0_24_24552.jpg
266 400
21 38 214 291; 16 39 218 298; 21 40 214 294; 17 40 214 293; 17 39 207 296; 18 40 215 295; 16 39 216 293; 16 40 216 289; 63 39 216 294; 

0\0_24_24558.jpg
400 266
226 32 354 187; 224 28 352 187; 229 30 351 186; 229 32 353 184; 232 25 358 188; 232 31 352 184; 232 31 351 184; 238 30 352 184; 232 31 351 184; 

0\0_24_24670.jpg
400 363
214 8 375 204; 216 10 372 202; 216 9 372 204; 216 10 374 201; 209 9 374 202; 217 9 373 201; 217 10 374 200; 217 9 374 202; 217 10 374 200; 

0\0_24_24759.jpg
400 318
176 104 384 264; 171 108 383 263; 171 106 380 269; 172 108 384 264; 174 101 390 269; 171 108 384 263; 172 106 385 263; 232 145 339 264; 172 106 385 263; 

0\0_24_24771.jpg
300 400
12 158 182 387; 11 156 181 386; 16 159 178 383; 15 158 180 383; 12 162 184 378; 15 158 181 384; 14 159 179 383; 14 157 181 384; 14 159 179 383; 

0\0_24_24829.jpg
301 400
117 5 299 190; 120 8 299 190; 117 9 300 188; 119 8 301 190; 121 6 299 186; 119 7 300 190; 119 6 301 189; 119 6 300 189; 119 6 301 189; 

0\0_24_24861.jpg
400 285
161 39 386 264; 163 40 382 261; 161 42 382 262; 163 41 382 259; 159 43 387 260; 163 41 383 261; 162 41 382 258; 162 41 382 261; 162 41 382 258; 

0\0_24_24866.jpg
400 300
18 28 284 244; 16 29 288 243; 16 32 284 246; 14 29 282 244; 20 32 280 268; 15 29 280 246; 16 29 282 245; 15 29 281 246; 16 29 282 245; 

0\0_24_24906.jpg
400 310
92 115 231 265; 92 118 226 266; 93 117 226 271; 92 117 227 266; 98 116 228 274; 93 116 225 266; 92 116 227 266; 91 117 227 266; 92 116 228 267; 

0\0_24_24918.jpg
400 300
268 55 376 279; 269 56 377 280; 273 59 376 278; 269 58 375 277; 263 60 369 282; 270 58 374 279; 270 58 374 278; 269 59 375 278; 270 58 374 278; 

0\0_24_24926.jpg
400 303
144 83 389 278; 145 82 393 278; 149 79 394 272; 150 85 392 277; 142 85 394 272; 149 84 396 277; 149 84 394 277; 149 85 362 276; 149 84 394 277; 

0\0_24_24951.jpg
284 400
87 55 262 364; 85 56 260 361; 69 58 259 372; 84 59 261 377; 81 58 251 382; 84 58 262 378; 124 59 198 146; 124 58 199 148; 124 59 261 302; 

0\0_24_24965.jpg
328 400
19 46 183 237; 21 46 187 236; 22 49 185 238; 20 47 187 238; 18 47 188 234; 20 47 188 237; 21 48 188 238; 21 47 186 238; 21 48 188 238; 

0\0_24_24971.jpg
313 400
152 76 287 314; 150 81 287 308; 148 82 285 313; 147 81 287 312; 149 81 285 313; 147 81 286 314; 149 82 286 312; 149 82 286 311; 149 82 286 312; 

0\0_24_24973.jpg
328 400
121 16 297 248; 124 20 299 251; 125 18 297 249; 125 19 295 248; 129 21 295 248; 124 19 295 248; 125 19 295 247; 123 20 295 248; 125 19 295 247; 

0\0_25_25000.jpg
299 400
69 110 287 394; 69 111 297 399; 70 110 297 400; 68 113 297 397; 67 113 298 399; 68 112 297 399; 68 112 298 400; 127 112 241 239; 68 112 298 400; 

0\0_25_25057.jpg
400 300
151 42 270 273; 149 41 273 274; 152 44 268 271; 151 44 269 271; 24 99 189 213; 152 44 269 271; 152 44 268 271; 152 43 268 271; 152 44 268 271; 

0\0_25_25064.jpg
273 400
107 24 272 190; 104 21 271 191; 107 23 271 188; 109 26 271 189; 112 24 272 185; 108 24 270 188; 108 25 271 189; 106 25 271 189; 108 25 271 189; 

