500

1\1_25_25164.jpg
300 400
105 24 278 347; 106 30 278 360; 106 27 275 347; 108 28 276 350; 103 27 272 321; 107 26 276 317; 109 26 274 309; 108 28 274 348; 109 26 273 349; 

1\1_25_25191.jpg
400 324
184 79 392 322; 178 78 400 324; 180 82 400 325; 181 81 399 323; 188 78 371 247; 220 236 344 321; 207 80 357 322; 206 81 357 257; 207 80 357 322; 

1\1_25_25226.jpg
400 300
181 5 287 296; 181 4 287 300; 175 7 286 298; 183 6 286 300; 180 0 283 293; 183 6 287 298; 183 6 286 300; 183 7 286 293; 183 6 286 300; 

1\1_25_25246.jpg
297 400
60 34 224 329; 62 31 219 329; 61 36 216 327; 60 36 217 328; 58 36 216 321; 61 34 219 327; 61 35 218 328; 61 36 216 326; 61 35 218 328; 

1\1_25_25257.jpg
319 400
129 148 289 360; 127 149 291 357; 129 150 287 360; 130 150 289 358; 137 143 286 348; 130 149 289 357; 130 151 290 360; 131 150 289 364; 130 151 290 360; 

1\1_25_25389.jpg
400 200
86 49 328 158; 87 48 328 158; 93 48 328 154; 88 49 328 158; 96 40 331 150; 89 49 328 158; 89 49 328 156; 89 49 328 159; 89 49 328 156; 

1\1_25_25406.jpg
400 266
186 96 358 218; 188 99 357 217; 189 99 357 216; 190 101 354 216; 188 106 357 219; 189 100 357 218; 189 101 355 217; 189 100 356 218; 189 101 355 217; 

1\1_25_25451.jpg
400 203
131 29 306 203; 129 29 305 202; 131 28 308 201; 129 29 304 201; 138 28 308 198; 130 28 306 198; 131 28 305 202; 205 28 305 152; 131 28 305 202; 

1\1_25_25580.jpg
400 320
156 112 284 238; 157 113 283 235; 155 111 283 237; 161 115 283 234; 149 106 292 253; 153 113 285 237; 161 115 282 235; 162 113 217 193; 159 115 282 235; 

1\1_25_25895.jpg
300 400
54 127 234 344; 57 129 234 341; 59 130 231 338; 56 132 232 341; 64 137 232 346; 58 132 229 342; 56 132 234 342; 56 128 234 342; 56 132 234 342; 

1\1_25_25953.jpg
400 300
249 58 317 291; 248 58 317 292; 249 58 314 290; 249 59 315 291; 244 62 321 292; 248 58 314 292; 248 58 315 291; 248 58 316 293; 248 58 315 291; 

1\1_25_25954.jpg
400 300
22 68 227 269; 22 66 228 269; 21 67 229 266; 25 68 228 269; 28 72 229 259; 22 66 228 268; 24 68 228 270; 24 68 228 269; 24 68 228 270; 

1\1_26_26013.jpg
292 399
24 77 242 352; 25 75 240 351; 28 78 238 351; 25 79 237 351; 40 77 239 350; 25 79 238 351; 24 79 236 351; 25 77 238 351; 24 79 239 351; 

1\1_26_26026.jpg
400 300
74 113 391 185; 72 116 389 186; 76 114 388 179; 72 114 389 185; 71 109 389 194; 73 116 388 174; 72 115 389 186; 72 114 391 184; 72 115 389 186; 

1\1_26_26104.jpg
400 300
117 79 232 282; 119 82 230 290; 118 80 233 286; 120 83 230 288; 105 68 241 293; 110 83 234 287; 119 83 229 288; 120 83 229 287; 119 83 229 288; 

1\1_26_26113.jpg
400 250
8 4 288 145; 1 5 290 143; 2 8 285 136; 1 7 286 145; 15 9 284 149; 1 6 286 142; 1 6 286 144; 1 6 284 142; 1 6 289 144; 

1\1_26_26169.jpg
400 286
98 81 336 186; 100 82 333 186; 104 84 332 182; 102 83 332 185; 99 84 336 189; 103 82 332 186; 104 83 331 184; 102 84 334 185; 104 83 331 184; 

1\1_26_26213.jpg
300 400
37 36 221 327; 40 36 224 329; 41 36 229 320; 39 38 219 324; 36 43 221 319; 40 37 220 325; 40 38 218 325; 40 38 219 324; 40 38 218 325; 

1\1_26_26230.jpg
400 300
67 25 326 288; 65 30 325 287; 67 28 322 287; 69 30 325 285; 73 32 319 277; 67 29 324 285; 69 29 323 286; 69 29 324 285; 69 29 323 286; 

1\1_26_26233.jpg
266 400
14 186 233 364; 17 190 231 363; 18 188 229 355; 18 190 230 358; 17 191 229 310; 18 189 232 361; 19 190 229 360; 18 190 230 360; 19 190 229 360; 

1\1_26_26236.jpg
322 400
42 274 246 359; 43 275 246 356; 47 278 246 359; 44 275 244 356; 41 269 248 357; 45 274 244 355; 46 274 244 356; 141 274 244 356; 46 275 244 356; 

1\1_26_26256.jpg
306 400
28 186 281 371; 29 186 280 371; 29 186 271 366; 29 187 279 374; 26 188 276 366; 30 186 281 368; 29 187 281 374; 28 186 282 375; 29 187 281 374; 

1\1_26_26335.jpg
291 400
9 162 224 338; 11 163 225 336; 15 164 222 331; 14 166 224 336; 14 170 226 328; 14 165 223 337; 15 166 224 336; 15 165 224 336; 15 166 224 336; 

1\1_26_26366.jpg
400 277
54 79 394 209; 53 79 393 210; 52 77 394 201; 56 81 392 206; 56 79 389 205; 58 81 393 206; 56 81 393 207; 56 80 391 206; 56 81 393 207; 

1\1_26_26450.jpg
379 400
39 50 333 347; 37 50 332 348; 41 52 329 344; 40 53 329 344; 58 58 329 348; 41 53 330 346; 38 52 330 345; 226 70 291 125; 38 52 330 345; 

1\1_26_26532.jpg
400 299
5 29 255 288; 8 30 253 283; 9 30 252 284; 8 32 250 279; 13 35 249 276; 8 31 250 279; 10 32 249 279; 8 32 249 280; 10 32 249 279; 

1\1_26_26640.jpg
400 320
84 41 274 248; 82 43 278 246; 81 41 276 246; 82 44 276 245; 106 52 276 239; 82 44 276 248; 82 44 276 244; 81 44 275 245; 82 44 276 244; 

1\1_26_26643.jpg
400 320
52 38 289 274; 53 36 289 274; 54 38 392 271; 54 39 286 271; 49 45 294 262; 56 39 288 271; 54 39 285 270; 54 40 286 271; 54 39 285 270; 

1\1_26_26739.jpg
307 399
110 132 188 361; 112 130 188 360; 108 130 187 360; 110 132 186 358; 111 122 192 362; 110 128 186 360; 110 129 188 359; 109 131 186 359; 110 129 186 359; 

1\1_26_26745.jpg
400 320
51 51 350 288; 45 51 352 290; 50 50 350 280; 47 50 351 288; 51 47 348 282; 46 49 351 289; 48 52 350 284; 46 51 301 285; 48 52 350 284; 

1\1_26_26763.jpg
400 241
84 43 389 182; 84 39 388 186; 87 42 387 187; 82 41 386 186; 82 32 388 172; 84 41 385 184; 82 41 386 186; 81 72 326 186; 82 41 386 186; 

1\1_26_26828.jpg
271 400
29 54 239 318; 29 58 236 316; 28 55 242 309; 30 61 234 311; 20 44 261 400; 33 58 229 311; 31 56 229 310; 31 56 235 312; 31 56 229 310; 

1\1_26_26833.jpg
400 276
247 27 377 197; 247 26 376 196; 249 28 374 195; 249 29 372 194; 249 27 370 196; 249 28 373 195; 249 28 372 194; 247 28 373 194; 249 28 372 194; 

1\1_26_26847.jpg
400 266
132 68 374 204; 134 74 378 206; 134 74 378 206; 134 72 379 204; 136 77 376 196; 134 74 376 204; 134 76 378 203; 134 74 374 204; 134 71 378 203; 

1\1_26_26853.jpg
400 300
64 43 349 249; 62 43 346 246; 66 47 344 247; 67 46 344 242; 66 49 346 239; 66 47 344 242; 67 45 344 243; 66 47 345 243; 67 45 344 243; 

1\1_26_26945.jpg
400 249
220 18 381 194; 221 18 379 192; 219 19 381 194; 219 19 381 194; 225 21 382 194; 221 19 381 192; 221 19 380 192; 220 19 381 192; 221 19 380 192; 

1\1_26_26980.jpg
400 300
108 46 328 232; 109 40 328 232; 109 39 329 232; 109 39 328 232; 106 41 329 234; 110 45 327 231; 109 48 328 232; 109 45 328 232; 109 48 328 232; 

1\1_26_26982.jpg
400 279
56 131 394 250; 52 132 392 250; 57 134 388 252; 56 135 390 250; 56 133 394 249; 55 133 391 250; 56 135 391 250; 54 133 389 250; 56 135 391 250; 

1\1_27_27003.jpg
400 300
52 6 288 222; 50 1 291 224; 58 1 290 222; 52 1 288 221; 58 0 290 225; 51 1 288 222; 51 0 287 221; 51 0 288 222; 53 0 287 221; 

1\1_27_27033.jpg
400 273
89 121 246 206; 88 122 247 203; 89 125 246 206; 89 123 244 203; 87 123 245 203; 90 125 245 207; 89 122 245 202; 89 123 244 203; 89 122 245 202; 

1\1_27_27034.jpg
400 265
123 85 248 190; 124 87 249 187; 124 86 245 188; 124 87 248 186; 124 85 245 186; 124 87 247 185; 125 87 248 186; 124 86 248 184; 125 87 248 186; 

1\1_27_27051.jpg
400 300
79 41 302 280; 81 41 301 263; 85 42 301 279; 82 42 302 280; 84 40 292 278; 84 41 302 280; 84 42 300 280; 84 42 301 281; 84 42 300 280; 

1\1_27_27075.jpg
400 238
9 99 397 222; 10 101 398 224; 16 102 397 228; 11 103 396 224; 20 102 399 221; 9 103 396 224; 11 104 398 224; 11 104 399 224; 11 104 398 224; 

1\1_27_27491.jpg
400 289
48 124 173 222; 51 126 172 225; 48 124 172 218; 51 126 172 222; 51 127 171 220; 49 125 173 222; 51 126 172 222; 50 126 172 224; 51 126 172 222; 

1\1_27_27543.jpg
399 290
206 42 357 198; 210 36 359 203; 216 37 357 193; 210 36 359 203; 213 35 357 200; 211 35 363 199; 211 35 359 201; 208 36 360 202; 211 35 359 201; 

1\1_27_27705.jpg
399 399
82 123 326 352; 85 128 316 352; 85 129 314 345; 86 128 318 350; 86 129 316 352; 19 15 318 352; 86 128 318 349; 85 128 318 352; 21 16 318 349; 

1\1_27_27775.jpg
400 300
198 42 324 200; 199 42 326 190; 201 41 324 194; 198 42 324 190; 197 41 321 185; 198 42 325 191; 199 42 324 198; 198 41 324 191; 199 42 324 191; 

1\1_28_28003.jpg
399 302
197 29 387 172; 202 34 386 172; 198 34 389 172; 200 34 386 171; 194 30 384 175; 198 30 387 172; 197 28 387 171; 201 34 387 172; 201 33 386 171; 

1\1_28_28351.jpg
400 322
62 117 266 265; 60 117 266 261; 69 118 264 211; 62 117 264 259; 65 112 262 268; 63 116 266 261; 62 116 266 259; 64 116 266 259; 62 116 266 259; 

1\1_28_28373.jpg
400 231
104 66 292 170; 103 69 291 168; 106 66 290 169; 106 67 291 169; 97 68 291 174; 105 68 290 169; 106 68 290 169; 104 68 290 168; 106 68 290 169; 

1\1_28_28391.jpg
400 300
96 26 334 278; 97 26 333 272; 107 30 335 268; 98 28 333 268; 98 35 332 267; 101 25 331 268; 102 28 331 272; 99 27 333 269; 102 28 331 272; 

1\1_28_28395.jpg
400 310
100 156 380 234; 100 157 379 232; 99 156 379 236; 99 156 380 233; 102 156 378 235; 98 154 379 234; 99 156 379 233; 100 155 380 233; 99 156 379 233; 

1\1_28_28407.jpg
300 400
82 100 212 238; 86 101 206 237; 84 101 206 235; 86 101 206 237; 86 99 204 242; 86 101 207 236; 87 102 206 238; 86 102 206 238; 87 102 206 238; 

1\1_28_28547.jpg
399 324
52 65 337 263; 55 68 334 259; 53 68 333 257; 57 69 334 258; 55 64 334 255; 55 68 333 258; 55 69 334 259; 144 82 257 194; 55 69 334 259; 

1\1_28_28717.jpg
399 299
99 74 300 274; 101 76 296 271; 102 78 295 270; 101 77 295 270; 103 78 303 264; 102 76 297 270; 101 77 297 270; 102 76 297 270; 101 77 297 270; 

1\1_28_28763.jpg
400 321
151 86 229 298; 152 88 227 301; 151 87 228 298; 152 89 226 300; 158 88 228 302; 152 88 226 298; 151 87 226 301; 151 89 226 303; 151 87 226 301; 

1\1_28_28970.jpg
400 266
97 74 354 251; 98 82 363 250; 98 83 361 252; 99 84 362 250; 83 83 382 238; 97 82 362 250; 96 84 362 249; 98 82 362 250; 96 84 362 249; 

1\1_29_29028.jpg
400 285
53 59 332 233; 53 60 331 232; 54 59 331 231; 54 59 329 231; 51 59 341 221; 54 60 330 231; 54 60 330 231; 132 59 211 146; 54 60 330 231; 

1\1_29_29099.jpg
400 314
106 28 374 289; 106 29 373 290; 109 29 374 287; 108 29 371 288; 116 31 369 282; 106 29 372 287; 109 30 370 287; 108 30 373 289; 109 30 370 288; 

1\1_29_29138.jpg
399 300
165 110 307 251; 163 111 305 252; 162 110 304 244; 163 112 304 250; 162 110 303 246; 163 110 305 250; 163 113 302 250; 163 111 303 251; 163 113 302 250; 

1\1_29_29297.jpg
400 398
142 59 363 344; 141 64 364 342; 141 67 360 344; 141 66 361 342; 133 67 351 336; 141 64 363 345; 141 66 360 342; 49 88 85 142; 141 66 360 342; 

1\1_29_29329.jpg
400 344
26 54 195 181; 27 53 192 178; 31 61 191 168; 28 53 192 179; 34 51 196 176; 28 56 193 178; 27 58 192 178; 28 54 192 178; 27 58 192 178; 

1\1_29_29710.jpg
193 400
70 156 177 321; 74 156 174 322; 75 157 176 323; 74 155 174 324; 77 159 175 324; 76 155 176 324; 76 157 173 322; 74 156 175 322; 76 157 173 322; 

1\1_29_29762.jpg
400 319
164 59 371 241; 164 61 374 240; 166 59 376 236; 164 62 373 240; 175 61 368 238; 165 61 376 239; 165 61 367 240; 166 61 374 239; 165 61 367 240; 

1\1_29_29788.jpg
400 371
53 116 318 307; 58 117 321 314; 59 117 316 312; 59 117 319 317; 62 119 331 312; 58 118 322 314; 59 118 320 316; 59 116 319 314; 59 118 320 318; 

1\1_30_30022.jpg
270 400
58 35 198 381; 56 35 202 378; 57 37 204 375; 57 36 201 378; 64 34 198 376; 57 36 202 378; 57 36 201 376; 57 36 202 377; 57 36 201 376; 

1\1_30_30051.jpg
400 322
28 20 183 188; 29 21 183 183; 27 21 181 183; 29 21 181 181; 30 26 181 184; 29 21 183 182; 29 22 181 182; 29 23 183 183; 29 22 181 182; 

1\1_30_30065.jpg
400 312
19 19 241 235; 21 19 241 234; 21 20 242 238; 20 20 239 232; 17 23 240 231; 19 19 240 234; 20 19 239 233; 20 20 240 235; 20 19 239 233; 

1\1_30_30226.jpg
400 228
124 77 274 221; 124 80 271 223; 126 82 262 223; 126 82 270 222; 125 82 269 229; 124 82 269 221; 126 81 269 224; 126 82 269 224; 107 9 287 56; 

1\1_30_30277.jpg
400 320
53 158 350 252; 58 157 351 251; 58 157 348 251; 58 158 350 250; 59 157 352 249; 59 158 351 246; 58 159 349 247; 58 158 351 249; 58 159 349 247; 

1\1_30_30286.jpg
254 400
73 26 171 350; 72 31 169 351; 81 33 174 352; 74 32 169 351; 79 31 170 358; 72 31 170 351; 87 222 168 352; 83 32 166 349; 79 31 168 352; 

1\1_30_30561.jpg
399 321
218 40 342 226; 216 39 342 228; 215 39 348 229; 215 40 343 227; 217 35 340 223; 214 40 342 227; 214 39 342 226; 215 39 343 227; 214 39 342 226; 

1\1_30_30736.jpg
300 400
46 35 216 202; 46 40 213 198; 56 34 219 199; 42 39 212 198; 51 35 214 199; 47 39 213 197; 41 39 214 197; 41 39 213 197; 41 39 214 197; 

1\1_30_30757.jpg
400 300
96 12 333 262; 95 13 331 265; 93 10 331 267; 97 13 331 264; 117 14 326 244; 97 13 333 263; 98 13 332 263; 97 13 333 213; 97 13 332 263; 

1\1_30_30895.jpg
320 313
72 21 235 277; 72 25 232 274; 67 24 238 284; 74 24 233 282; 63 25 235 274; 75 24 234 280; 73 25 233 286; 73 23 235 286; 73 25 233 285; 

1\1_30_30927.jpg
300 400
82 136 209 321; 84 138 208 317; 82 138 208 320; 84 139 208 317; 83 134 203 318; 83 139 208 318; 84 139 208 317; 84 139 209 317; 84 139 208 317; 

1\1_31_31077.jpg
300 400
71 86 238 311; 62 88 241 310; 64 86 237 313; 61 88 239 311; 71 89 234 319; 60 88 238 312; 60 87 240 312; 60 88 239 309; 60 87 240 312; 

1\1_31_31255.jpg
399 318
17 19 299 286; 10 12 300 287; 13 15 300 288; 11 12 300 287; 21 17 305 282; 12 12 301 287; 12 12 300 287; 12 13 300 287; 12 12 300 287; 

1\1_31_31439.jpg
400 300
98 33 271 216; 98 31 268 214; 98 31 268 214; 99 32 268 216; 99 32 265 214; 99 32 268 214; 99 32 268 216; 98 32 267 214; 99 32 268 216; 

1\1_31_31447.jpg
400 300
130 69 273 204; 129 78 273 204; 133 77 271 200; 131 77 272 202; 132 81 280 194; 131 75 272 203; 131 77 272 202; 131 76 180 151; 131 77 272 202; 

1\1_31_31675.jpg
400 266
224 24 351 249; 226 26 352 247; 271 27 352 242; 226 26 352 248; 228 26 352 247; 226 27 353 247; 228 26 352 247; 226 71 280 248; 228 26 352 247; 

1\1_31_31682.jpg
266 400
94 69 166 332; 93 70 164 330; 92 69 170 324; 95 69 163 329; 97 69 164 329; 96 71 167 329; 95 69 162 329; 101 109 164 328; 95 69 162 329; 

1\1_31_31720.jpg
266 400
142 159 232 331; 139 160 234 331; 142 161 231 329; 141 161 232 330; 142 163 230 330; 141 160 236 331; 142 160 231 330; 141 159 232 331; 142 160 231 330; 

1\1_31_31764.jpg
400 266
101 32 298 231; 101 38 299 234; 1 18 400 247; 101 38 298 234; 102 37 303 229; 98 38 302 235; 101 36 298 229; 99 36 299 234; 101 36 298 234; 

1\1_31_31773.jpg
400 300
91 73 358 245; 92 73 343 242; 92 76 346 242; 94 75 356 243; 93 104 346 239; 94 94 342 242; 94 75 355 242; 94 94 344 243; 94 94 344 242; 

1\1_31_31980.jpg
279 400
17 237 181 393; 19 239 173 393; 21 240 172 392; 20 239 173 393; 19 239 176 392; 23 238 174 394; 20 238 172 393; 19 239 173 393; 20 238 172 393; 

1\1_32_32148.jpg
400 300
84 35 301 258; 88 38 298 252; 91 59 290 252; 88 38 297 252; 84 36 304 249; 90 58 292 252; 88 38 297 252; 91 58 290 252; 88 38 297 252; 

1\1_32_32150.jpg
400 266
6 42 311 246; 2 44 306 239; 5 42 376 240; 4 43 306 239; 2 46 303 231; 5 44 308 239; 4 44 306 239; 3 44 306 239; 4 44 374 238; 

1\1_32_32165.jpg
400 300
48 94 338 238; 48 97 342 238; 48 95 341 236; 49 97 341 237; 49 98 341 236; 46 97 342 236; 49 96 341 236; 49 99 341 236; 49 96 341 236; 

1\1_32_32185.jpg
400 300
89 32 325 265; 92 36 318 264; 92 38 320 266; 91 37 319 263; 91 31 324 265; 93 37 319 261; 91 37 318 263; 91 111 183 208; 91 37 318 263; 

1\1_32_32195.jpg
400 301
110 3 312 301; 116 3 305 300; 112 3 329 300; 115 3 305 300; 121 2 300 300; 111 4 300 149; 114 3 305 300; 199 87 305 300; 114 3 305 300; 

1\1_32_32226.jpg
400 376
116 77 272 226; 113 79 273 228; 112 76 272 222; 114 79 272 225; 114 79 272 224; 112 79 271 226; 114 79 271 226; 114 79 274 226; 114 79 271 226; 

1\1_32_32258.jpg
400 320
46 44 307 234; 45 46 306 234; 48 42 305 234; 46 44 306 232; 55 46 308 232; 45 45 309 233; 47 45 306 234; 47 44 306 234; 47 45 306 234; 

1\1_32_32331.jpg
399 399
58 61 336 336; 61 63 340 340; 71 68 325 331; 61 62 338 339; 65 59 336 342; 59 60 339 338; 61 61 339 338; 61 63 339 338; 61 61 339 338; 

1\1_32_32486.jpg
400 266
48 24 272 240; 49 26 272 244; 51 27 268 241; 50 28 272 243; 34 26 272 236; 51 28 271 242; 50 27 271 243; 50 26 272 242; 50 27 271 243; 

1\1_32_32606.jpg
299 399
120 118 187 321; 121 121 187 323; 124 118 182 322; 122 121 185 321; 121 123 185 327; 122 120 183 326; 121 121 185 328; 121 121 186 321; 121 121 185 328; 

1\1_32_32691.jpg
400 400
206 143 320 381; 212 142 321 382; 212 142 320 382; 212 142 319 382; 208 144 322 384; 209 143 321 382; 211 144 319 382; 212 142 320 381; 211 144 319 382; 

1\1_32_32951.jpg
400 320
2 81 259 222; 5 81 253 214; 6 82 251 216; 5 82 253 214; 5 76 252 216; 5 81 253 214; 5 82 253 214; 5 81 252 214; 5 82 253 214; 

1\1_33_33259.jpg
400 278
49 139 382 276; 49 139 385 276; 51 141 384 276; 48 140 384 276; 44 141 385 273; 48 141 384 272; 48 140 384 274; 48 139 385 276; 48 140 384 274; 

1\1_33_33347.jpg
400 300
52 26 320 292; 53 28 321 292; 58 29 321 290; 54 27 321 291; 59 26 323 274; 52 28 320 289; 52 27 321 291; 54 26 321 290; 52 27 321 291; 

1\1_33_33527.jpg
400 315
55 26 315 300; 59 26 314 295; 64 25 312 294; 62 27 312 295; 71 28 306 287; 61 26 313 296; 61 26 312 293; 61 26 314 294; 61 26 312 293; 

1\1_33_33554.jpg
400 300
96 99 272 222; 95 101 271 221; 97 99 272 222; 96 101 271 224; 96 99 275 223; 94 100 272 222; 95 101 270 222; 95 100 272 219; 95 101 270 222; 

1\1_33_33625.jpg
400 299
109 78 306 272; 111 76 301 272; 121 76 394 267; 114 75 302 271; 114 80 304 263; 113 74 303 272; 112 74 303 272; 114 72 303 272; 112 74 396 276; 

1\1_34_34086.jpg
400 300
56 51 355 261; 44 46 354 258; 42 47 356 262; 45 49 354 258; 58 52 358 250; 59 52 351 257; 45 49 354 258; 41 42 353 257; 45 49 354 258; 

1\1_34_34236.jpg
391 293
131 46 356 255; 132 46 346 254; 132 46 353 250; 135 47 352 251; 130 48 349 243; 134 43 349 252; 134 43 352 251; 133 44 351 255; 134 43 352 251; 

1\1_34_34261.jpg
400 300
60 80 332 199; 63 79 338 201; 64 79 339 200; 63 79 339 200; 68 76 339 200; 62 78 339 200; 62 78 339 200; 63 79 340 200; 62 78 339 200; 

1\1_34_34288.jpg
400 321
26 62 279 220; 28 63 277 214; 24 64 276 220; 30 63 278 212; 26 69 279 209; 29 62 278 211; 29 63 277 212; 29 62 278 212; 29 63 277 212; 

1\1_34_34382.jpg
399 267
106 53 347 216; 104 51 346 217; 110 54 345 208; 105 51 356 215; 115 51 356 207; 129 49 348 197; 105 49 357 214; 128 50 346 196; 105 49 357 214; 

1\1_34_34467.jpg
400 300
114 44 346 277; 114 49 340 276; 119 45 339 278; 115 49 341 276; 124 44 334 269; 116 48 342 274; 115 48 342 275; 115 48 342 272; 115 48 342 275; 

1\1_34_34578.jpg
308 400
49 37 266 244; 53 41 266 241; 54 41 266 246; 55 42 266 240; 52 39 267 307; 55 41 266 240; 56 41 265 239; 55 41 266 239; 56 41 265 319; 

1\1_34_34999.jpg
400 344
37 34 314 282; 37 32 313 278; 37 31 322 284; 38 33 315 275; 38 27 316 268; 37 33 313 274; 36 33 314 275; 37 32 316 275; 36 33 314 275; 

1\1_35_35222.jpg
400 300
174 51 360 279; 175 54 356 281; 173 55 366 279; 176 56 355 279; 179 57 351 274; 176 55 355 279; 177 56 354 279; 176 56 355 279; 177 56 354 279; 

1\1_35_35516.jpg
266 400
62 96 192 326; 64 99 191 320; 66 99 189 322; 64 99 191 321; 66 98 194 337; 64 99 189 320; 62 98 189 320; 63 98 189 319; 62 98 189 320; 

1\1_35_35795.jpg
218 399
59 40 212 246; 58 39 206 244; 62 39 210 239; 57 41 206 243; 63 29 198 251; 60 39 208 244; 58 40 208 243; 57 39 212 231; 58 40 208 243; 

1\1_36_36235.jpg
399 256
114 85 269 188; 115 84 268 186; 118 84 269 189; 114 84 268 186; 105 86 268 187; 117 85 267 183; 115 83 265 186; 113 83 268 187; 115 83 265 186; 

1\1_36_36237.jpg
400 300
103 116 324 285; 105 120 325 285; 103 117 324 281; 106 121 324 284; 114 121 320 280; 106 120 324 286; 106 121 322 286; 105 121 324 285; 106 121 322 286; 

1\1_36_36285.jpg
399 276
56 4 266 216; 56 7 262 218; 61 7 291 212; 60 6 261 213; 62 7 262 208; 59 5 259 213; 59 6 258 214; 58 5 262 213; 59 6 258 214; 

1\1_36_36321.jpg
400 266
37 22 250 225; 38 28 252 222; 36 28 245 223; 39 26 250 223; 39 26 248 226; 39 27 251 222; 39 26 250 222; 39 25 251 224; 39 26 250 222; 

1\1_36_36429.jpg
313 399
130 154 259 353; 130 147 260 353; 125 146 261 356; 132 147 258 351; 121 142 259 354; 134 146 260 353; 131 148 258 353; 130 147 258 352; 131 148 258 353; 

1\1_36_36543.jpg
400 300
205 78 302 265; 203 81 302 266; 206 81 306 259; 204 81 301 266; 199 81 302 264; 204 80 302 266; 206 81 302 264; 243 81 301 254; 206 81 302 264; 

1\1_36_36717.jpg
266 400
89 80 227 311; 91 80 226 308; 92 77 221 305; 91 76 224 308; 78 81 221 302; 89 78 224 309; 91 77 223 308; 91 78 224 309; 91 77 223 308; 

1\1_36_36781.jpg
358 400
69 66 328 295; 72 69 322 288; 71 68 320 289; 73 69 321 288; 82 71 319 285; 74 68 322 288; 72 69 321 288; 72 69 322 288; 72 69 321 288; 

1\1_37_37003.jpg
216 324
12 64 210 227; 10 61 205 223; 13 64 204 222; 13 63 204 221; 25 62 193 219; 39 124 167 219; 12 62 205 220; 13 63 204 220; 12 62 204 220; 

1\1_37_37328.jpg
400 320
114 72 291 242; 116 74 289 244; 118 74 289 241; 118 76 291 241; 115 75 286 239; 116 74 289 242; 116 74 289 241; 116 73 289 242; 116 74 289 310; 

1\1_37_37335.jpg
400 339
115 47 356 279; 118 47 354 283; 118 49 352 281; 119 49 352 280; 119 48 352 271; 119 49 354 281; 119 49 352 282; 118 49 354 283; 119 49 352 282; 

1\1_37_37446.jpg
400 234
26 39 355 191; 27 42 356 189; 31 41 354 189; 29 41 353 187; 31 45 351 187; 29 41 354 188; 30 42 352 186; 29 42 352 187; 30 42 352 186; 

1\1_37_37488.jpg
400 320
142 17 353 309; 143 18 355 309; 143 19 353 305; 145 19 354 309; 144 28 345 298; 145 19 354 174; 145 19 353 171; 144 55 355 176; 145 19 355 309; 

1\1_37_37508.jpg
400 245
104 48 269 155; 102 48 264 153; 106 46 287 150; 103 48 266 151; 105 39 265 155; 109 49 268 151; 102 48 264 152; 102 55 159 148; 102 48 264 155; 

1\1_37_37702.jpg
400 320
84 45 316 273; 87 48 314 274; 87 49 318 272; 90 48 314 268; 84 48 310 268; 89 47 314 272; 89 48 314 267; 88 47 315 272; 89 48 314 267; 

1\1_37_37703.jpg
400 320
124 68 279 225; 124 68 279 222; 127 74 278 222; 126 71 276 220; 131 66 276 218; 124 71 276 221; 125 69 277 221; 124 71 277 222; 125 69 277 221; 

1\1_37_37791.jpg
400 210
121 2 288 209; 121 4 289 209; 121 4 289 209; 121 3 288 208; 125 4 290 207; 122 4 288 209; 121 4 289 209; 121 3 289 209; 121 4 289 209; 

1\1_37_37952.jpg
400 221
66 103 165 210; 66 106 164 209; 64 107 166 209; 66 106 162 207; 64 108 169 204; 66 106 164 208; 66 106 163 206; 66 106 164 206; 66 106 163 208; 

1\1_38_38060.jpg
400 251
146 5 275 248; 150 7 274 249; 144 6 276 245; 148 7 274 248; 146 7 278 251; 148 6 273 248; 148 6 271 249; 167 94 251 185; 148 6 271 247; 

1\1_38_38093.jpg
400 300
126 20 321 269; 130 23 323 268; 128 24 324 273; 127 21 324 270; 126 26 322 257; 128 21 324 271; 129 20 322 269; 145 43 310 204; 129 20 322 269; 

1\1_38_38130.jpg
400 300
51 36 349 258; 49 41 348 255; 52 36 346 262; 53 37 348 259; 64 41 347 262; 52 36 347 258; 52 37 348 263; 51 37 348 258; 52 37 348 263; 

1\1_38_38131.jpg
400 304
98 21 390 232; 99 22 389 230; 101 22 389 227; 99 22 388 229; 124 24 392 223; 101 24 388 234; 100 22 388 230; 99 23 388 231; 100 22 388 230; 

1\1_38_38229.jpg
400 290
171 102 349 259; 172 103 348 257; 176 104 345 255; 173 104 346 258; 181 104 347 259; 173 103 348 257; 172 104 346 258; 173 102 347 257; 172 104 346 258; 

1\1_38_38399.jpg
300 400
36 164 264 334; 35 164 268 334; 36 163 267 330; 34 162 266 332; 82 162 203 330; 36 162 264 333; 34 164 266 332; 122 166 165 240; 34 164 267 332; 

1\1_38_38642.jpg
400 287
77 53 305 234; 77 56 301 233; 77 55 302 232; 79 58 301 230; 81 56 303 229; 79 58 302 231; 79 58 301 230; 79 57 301 231; 79 58 301 230; 

1\1_38_38661.jpg
400 331
71 19 302 312; 71 21 309 312; 68 25 308 312; 69 24 306 311; 76 24 311 304; 68 21 308 311; 165 21 294 201; 71 22 306 311; 165 21 291 201; 

1\1_38_38763.jpg
397 400
56 74 326 315; 58 74 325 316; 56 76 331 317; 56 75 324 315; 62 71 326 305; 56 74 324 316; 57 74 325 315; 57 76 325 316; 57 74 325 315; 

1\1_39_39114.jpg
399 299
69 50 354 232; 75 51 348 232; 72 56 353 227; 71 53 348 231; 72 51 349 238; 71 52 346 231; 68 53 346 237; 70 52 347 236; 68 53 346 237; 

1\1_39_39185.jpg
400 300
64 58 155 219; 66 59 152 217; 64 58 153 218; 66 59 151 218; 61 54 156 224; 65 59 151 219; 66 59 151 218; 65 59 151 218; 66 59 151 218; 

1\1_39_39354.jpg
399 266
164 4 321 265; 165 4 316 267; 160 4 317 264; 164 4 314 265; 172 3 315 267; 161 4 315 266; 164 3 314 267; 162 84 278 267; 164 3 314 267; 

1\1_39_39391.jpg
400 300
34 56 192 209; 38 56 189 207; 36 58 187 208; 39 58 188 206; 34 54 191 204; 37 57 188 206; 38 58 187 206; 38 56 188 207; 38 58 187 206; 

1\1_39_39603.jpg
400 355
16 45 277 314; 15 44 281 313; 16 44 272 311; 16 45 279 313; 19 50 262 304; 17 44 278 312; 17 46 278 314; 16 46 278 313; 17 46 278 314; 

1\1_39_39648.jpg
400 319
94 14 245 199; 94 15 237 198; 90 13 239 198; 94 15 238 197; 93 11 239 194; 95 16 240 198; 93 16 238 196; 91 15 240 197; 93 16 238 196; 

1\1_39_39670.jpg
400 300
69 33 303 266; 68 34 298 267; 66 36 300 262; 70 35 292 261; 78 31 301 266; 70 34 295 262; 70 35 298 261; 69 34 296 262; 70 35 298 261; 

1\1_39_39738.jpg
250 400
9 119 91 272; 8 118 92 274; 10 116 91 275; 9 119 91 272; 11 116 92 273; 9 119 91 272; 9 119 91 272; 9 119 90 274; 9 119 91 272; 

1\1_39_39739.jpg
365 400
113 54 340 267; 113 55 339 268; 115 60 330 272; 115 55 336 270; 124 55 337 265; 115 55 338 266; 116 55 336 270; 115 57 339 266; 116 55 336 270; 

1\1_39_39748.jpg
400 300
83 32 271 245; 83 35 271 240; 82 36 270 240; 85 35 278 240; 84 38 275 237; 86 34 280 240; 84 35 270 241; 83 34 278 241; 84 35 280 243; 

1\1_39_39917.jpg
400 277
84 93 314 179; 86 96 313 181; 86 94 312 182; 86 96 311 180; 34 44 360 244; 86 95 312 180; 86 96 313 180; 86 96 312 181; 86 96 313 180; 

1\1_39_39949.jpg
400 269
66 44 184 187; 65 45 185 186; 64 42 184 188; 65 44 184 187; 33 44 186 189; 66 44 182 185; 66 45 184 187; 65 45 183 187; 66 45 184 187; 

1\1_40_40642.jpg
400 296
48 48 224 179; 48 48 226 182; 48 49 226 175; 51 51 224 178; 49 52 210 166; 47 48 225 177; 49 48 225 178; 45 48 224 177; 49 48 225 178; 

1\1_40_40818.jpg
300 400
38 53 247 336; 38 52 248 337; 37 55 247 336; 39 53 245 334; 47 52 250 329; 40 52 245 334; 39 54 245 333; 39 52 246 335; 39 54 245 333; 

1\1_41_41001.jpg
400 300
91 28 334 268; 93 28 332 268; 97 30 329 269; 92 29 332 267; 99 38 324 257; 91 28 332 267; 92 28 333 268; 91 28 332 268; 92 28 333 268; 

1\1_41_41022.jpg
400 266
35 8 286 254; 37 8 284 255; 38 17 281 252; 35 6 284 254; 31 11 296 243; 36 7 284 254; 34 7 283 254; 34 7 285 254; 34 7 283 254; 

1\1_41_41023.jpg
400 266
34 8 284 254; 33 6 284 255; 38 8 284 248; 34 7 284 254; 39 12 285 246; 36 6 284 255; 34 6 284 254; 34 6 285 254; 34 6 284 254; 

1\1_41_41677.jpg
400 300
85 81 252 225; 81 84 249 225; 89 83 250 223; 85 85 249 223; 81 83 248 213; 84 85 251 223; 83 84 248 224; 84 85 249 225; 83 84 248 224; 

1\1_41_41686.jpg
400 300
139 79 281 222; 143 81 280 221; 143 82 281 220; 143 82 279 220; 136 79 280 225; 142 81 279 219; 142 81 280 221; 141 81 279 219; 142 81 280 221; 

1\1_42_42334.jpg
399 296
76 52 308 249; 72 49 316 249; 84 54 312 250; 75 49 315 250; 72 50 321 238; 79 48 315 250; 74 48 314 249; 357 42 394 291; 74 48 314 249; 

1\1_42_42429.jpg
400 300
79 38 328 252; 79 36 320 248; 78 36 331 247; 78 38 331 248; 78 43 328 247; 79 37 319 250; 79 37 332 248; 140 49 290 116; 79 37 332 248; 

1\1_42_42470.jpg
400 300
72 20 378 201; 71 19 372 203; 74 20 372 203; 72 20 371 201; 80 22 375 209; 74 19 371 203; 73 21 371 201; 105 49 182 114; 73 21 371 201; 

1\1_42_42484.jpg
400 282
104 50 213 231; 103 50 210 235; 103 52 208 231; 105 51 208 231; 102 49 217 227; 104 51 209 233; 105 51 209 231; 105 49 209 231; 105 51 209 231; 

1\1_42_42881.jpg
400 391
127 79 268 251; 128 82 270 249; 128 82 266 247; 129 81 268 250; 129 80 262 261; 130 82 269 249; 129 81 268 249; 128 82 268 248; 129 81 268 249; 

1\1_42_42923.jpg
400 300
229 28 337 292; 230 29 335 293; 232 29 333 291; 231 31 334 291; 235 28 328 289; 230 30 334 291; 231 30 335 291; 230 30 333 293; 231 30 335 291; 

1\1_43_43183.jpg
400 291
182 85 340 291; 183 86 339 289; 185 84 336 291; 184 85 338 291; 188 78 335 291; 183 86 338 289; 182 86 339 291; 182 85 338 291; 182 86 339 291; 

1\1_43_43206.jpg
400 300
206 102 312 297; 206 106 312 300; 209 106 313 300; 209 105 312 298; 201 99 314 299; 207 105 312 299; 208 104 312 300; 215 105 311 175; 208 104 312 300; 

1\1_43_43215.jpg
400 243
230 86 382 191; 226 88 379 192; 229 87 379 196; 228 89 379 190; 234 63 380 189; 228 88 380 189; 229 90 379 190; 229 88 379 190; 229 90 379 190; 

1\1_43_43257.jpg
400 266
50 102 328 191; 48 102 327 191; 49 102 324 188; 47 104 325 189; 55 101 341 194; 47 102 326 189; 46 101 325 189; 46 102 326 189; 46 101 325 191; 

1\1_43_43268.jpg
400 303
197 105 334 249; 199 106 334 247; 201 106 334 250; 199 104 336 251; 204 108 332 252; 200 106 334 252; 199 106 335 248; 199 106 334 251; 199 106 335 248; 

1\1_43_43412.jpg
400 341
10 38 226 292; 4 38 226 290; 8 38 224 288; 6 40 224 289; 33 42 221 292; 6 40 225 288; 5 40 224 289; 6 39 224 288; 5 40 224 289; 

1\1_43_43637.jpg
400 241
250 11 368 237; 250 10 369 241; 250 12 363 241; 251 11 369 240; 250 12 371 238; 252 11 367 241; 252 11 369 241; 295 11 353 81; 252 11 369 241; 

1\1_43_43730.jpg
400 300
58 96 252 246; 58 98 248 240; 62 99 249 240; 59 98 249 242; 59 86 249 253; 61 98 249 244; 59 97 248 240; 59 98 250 243; 59 97 249 282; 

1\1_43_43894.jpg
400 291
48 52 350 242; 57 53 347 241; 56 54 349 241; 58 54 346 241; 55 53 347 232; 57 55 347 240; 58 54 347 240; 57 55 347 241; 58 54 347 240; 

1\1_43_43899.jpg
400 320
126 82 349 255; 128 81 349 253; 127 79 350 252; 128 81 349 252; 151 81 337 244; 128 81 349 252; 127 80 349 252; 128 80 348 254; 127 80 349 252; 

1\1_44_44044.jpg
289 400
63 157 233 337; 63 157 233 337; 63 158 229 335; 63 158 232 335; 66 157 231 338; 65 158 233 335; 63 158 232 335; 61 261 151 335; 63 158 232 335; 

1\1_44_44073.jpg
400 317
221 113 310 286; 221 115 309 286; 224 116 311 285; 222 114 309 283; 222 114 306 279; 223 114 309 284; 221 115 309 283; 221 116 309 282; 221 115 309 283; 

1\1_44_44108.jpg
400 288
189 105 373 286; 189 107 373 287; 188 108 374 288; 189 107 375 287; 195 105 374 289; 187 106 374 288; 189 106 372 288; 189 106 375 288; 189 106 372 288; 

1\1_44_44112.jpg
400 266
16 98 327 178; 22 99 325 176; 24 101 328 174; 22 99 339 176; 20 101 318 175; 21 99 324 177; 22 99 323 176; 261 100 291 172; 28 99 323 176; 

1\1_44_44118.jpg
400 266
89 18 316 248; 89 19 314 247; 91 20 314 247; 89 18 314 247; 95 18 317 247; 89 19 312 247; 88 18 313 247; 161 66 245 132; 88 18 313 247; 

1\1_44_44224.jpg
400 300
45 29 278 255; 45 29 279 254; 42 29 279 256; 43 29 277 253; 56 25 281 252; 43 30 277 253; 43 30 277 254; 43 29 277 253; 43 30 277 254; 

1\1_44_44321.jpg
320 240
64 5 242 218; 61 5 242 214; 61 5 242 218; 61 5 240 209; 67 8 246 215; 58 4 240 210; 59 6 240 210; 60 4 240 209; 59 6 240 210; 

1\1_44_44344.jpg
400 300
144 102 252 226; 146 103 250 225; 148 103 249 222; 147 104 249 223; 141 101 264 221; 146 103 249 223; 147 103 250 223; 145 102 251 224; 147 103 250 223; 

1\1_44_44379.jpg
400 300
11 48 362 198; 10 52 362 199; 6 51 362 197; 11 53 361 199; 12 45 362 210; 12 53 361 198; 11 54 361 198; 11 52 362 197; 11 54 361 198; 

1\1_44_44553.jpg
400 300
9 123 314 255; 8 124 312 252; 13 105 384 251; 9 125 311 251; 35 102 383 254; 13 126 310 251; 9 124 311 251; 9 124 311 251; 9 124 311 251; 

1\1_45_45131.jpg
282 399
37 23 182 383; 38 22 180 383; 35 21 182 383; 41 23 180 383; 44 31 175 379; 39 21 180 381; 40 21 180 381; 87 137 128 319; 40 21 180 381; 

1\1_45_45191.jpg
400 300
82 31 346 288; 84 30 344 289; 87 31 343 292; 89 30 344 289; 87 9 322 252; 88 32 344 287; 88 31 344 289; 86 30 344 288; 88 31 344 289; 

1\1_45_45246.jpg
400 319
85 21 346 309; 81 21 354 316; 84 23 349 316; 83 21 353 316; 89 32 341 297; 83 22 351 314; 82 22 353 317; 83 21 351 315; 82 22 353 317; 

1\1_45_45286.jpg
400 306
132 48 356 286; 128 41 363 292; 128 42 366 288; 131 42 361 289; 114 48 371 286; 130 41 365 291; 130 42 361 291; 280 145 361 226; 130 42 361 291; 

1\1_45_45287.jpg
400 300
69 21 281 272; 71 23 281 272; 70 22 276 269; 71 22 280 272; 91 26 299 261; 71 22 280 269; 71 22 279 271; 70 22 280 272; 71 22 279 271; 

1\1_45_45328.jpg
400 300
129 77 318 230; 129 84 316 232; 129 81 315 232; 131 85 316 231; 132 84 316 231; 130 84 317 231; 130 83 316 231; 130 83 315 231; 130 83 316 231; 

1\1_45_45329.jpg
400 300
59 16 224 203; 61 16 224 204; 67 16 221 201; 62 16 224 201; 38 24 226 199; 61 16 224 201; 61 16 224 202; 62 42 225 203; 61 16 224 202; 

1\1_45_45358.jpg
302 399
45 103 257 351; 45 102 257 352; 47 106 256 350; 45 101 256 350; 40 101 271 341; 45 104 255 352; 47 106 255 352; 45 107 256 352; 47 106 255 352; 

1\1_45_45397.jpg
400 300
137 11 387 229; 138 9 398 229; 141 9 399 230; 139 9 399 231; 124 22 399 222; 139 10 396 228; 139 9 399 230; 138 9 399 230; 139 9 399 230; 

1\1_45_45405.jpg
400 302
134 68 281 218; 132 70 280 217; 131 70 277 210; 132 71 278 213; 120 70 288 206; 134 71 278 213; 132 70 277 213; 213 111 278 191; 132 70 277 213; 

1\1_45_45431.jpg
400 300
189 65 384 261; 190 63 385 263; 191 65 384 265; 190 64 385 263; 192 61 386 263; 191 67 387 261; 190 64 382 262; 49 3 143 279; 190 64 387 262; 

1\1_45_45577.jpg
399 319
170 94 370 254; 167 95 369 260; 169 94 369 259; 166 97 369 259; 171 74 370 252; 172 96 369 259; 264 97 369 259; 263 98 369 258; 264 97 369 259; 

1\1_45_45595.jpg
400 300
78 5 314 261; 78 5 314 259; 77 6 312 262; 79 6 312 260; 79 3 313 257; 78 6 314 259; 79 7 312 259; 78 6 314 260; 79 7 312 259; 

1\1_45_45691.jpg
399 279
16 25 266 268; 19 26 264 267; 16 24 267 268; 19 25 264 266; 16 30 264 264; 16 24 265 267; 19 25 264 267; 19 24 264 267; 19 25 264 267; 

1\1_45_45762.jpg
400 300
126 92 254 232; 128 93 256 230; 128 95 256 226; 126 93 256 227; 25 14 363 268; 129 92 256 222; 179 169 256 229; 179 168 257 221; 126 92 256 229; 

1\1_45_45771.jpg
400 301
101 78 276 223; 101 76 272 219; 102 79 272 215; 102 78 276 216; 101 76 281 208; 101 78 269 204; 101 77 298 218; 101 78 270 201; 101 77 298 218; 

1\1_45_45777.jpg
400 300
99 52 321 281; 101 53 322 283; 103 54 321 282; 101 53 321 282; 102 51 314 258; 102 52 322 280; 102 53 322 282; 101 53 321 282; 102 53 322 282; 

1\1_45_45784.jpg
400 300
82 26 359 271; 81 29 364 271; 82 32 361 271; 82 28 364 269; 88 37 351 264; 86 29 362 269; 82 28 363 269; 81 28 362 269; 82 28 363 269; 

1\1_46_46108.jpg
266 400
61 49 192 358; 61 49 195 356; 62 49 192 358; 59 49 196 358; 59 48 196 359; 61 49 195 357; 73 49 194 237; 60 49 195 356; 59 49 195 356; 

1\1_46_46151.jpg
400 300
257 42 330 226; 256 38 329 227; 258 42 331 228; 256 42 329 226; 255 36 333 225; 256 44 329 226; 256 42 329 225; 256 43 329 224; 256 42 329 225; 

1\1_46_46171.jpg
320 400
57 67 259 354; 57 71 254 351; 59 71 256 351; 56 72 255 351; 59 72 253 350; 58 72 256 351; 57 71 255 351; 163 242 230 267; 57 71 255 351; 

1\1_46_46312.jpg
400 316
116 164 266 315; 114 163 267 316; 116 165 268 316; 116 164 266 316; 119 168 259 308; 115 166 265 316; 114 162 266 316; 114 163 266 316; 114 162 266 316; 

1\1_46_46443.jpg
400 300
108 29 281 215; 106 29 280 214; 107 29 279 212; 109 30 279 214; 114 30 289 221; 108 29 279 212; 108 30 279 214; 108 29 279 214; 108 30 279 214; 

1\1_46_46662.jpg
400 287
181 6 394 286; 180 0 399 285; 179 4 399 287; 182 1 398 287; 188 1 397 287; 198 0 400 287; 181 1 400 287; 230 0 331 103; 181 1 400 287; 

1\1_46_46672.jpg
399 268
38 99 358 243; 43 100 358 240; 38 97 357 239; 39 99 358 241; 37 101 360 230; 39 98 358 239; 38 99 357 240; 38 99 357 241; 38 99 357 240; 

1\1_46_46825.jpg
400 305
176 112 310 241; 177 112 313 242; 174 114 313 247; 176 113 312 242; 172 116 313 239; 177 114 312 241; 176 111 311 242; 175 113 312 243; 176 111 311 242; 

1\1_46_46856.jpg
399 266
254 48 365 168; 256 48 366 171; 254 46 367 265; 256 48 364 168; 252 44 369 163; 256 48 366 168; 257 49 364 168; 257 49 363 168; 257 49 364 168; 

1\1_46_46857.jpg
400 285
256 46 365 167; 255 48 363 169; 255 48 363 284; 256 48 363 168; 255 48 367 163; 257 48 364 167; 256 48 363 168; 256 49 364 168; 256 48 363 168; 

1\1_46_46992.jpg
400 300
103 100 282 298; 105 111 281 300; 104 111 279 300; 106 111 280 299; 110 111 283 300; 106 111 281 299; 106 111 280 300; 106 112 279 300; 106 111 280 300; 

1\1_47_47122.jpg
400 320
66 65 342 178; 67 63 341 179; 73 65 339 183; 68 65 339 179; 96 65 340 177; 67 63 342 179; 67 64 339 178; 68 64 339 179; 67 64 339 178; 

1\1_47_47184.jpg
400 298
11 9 235 238; 14 4 235 239; 16 4 232 237; 13 6 234 236; 20 6 227 225; 15 6 234 238; 14 6 235 236; 14 6 234 236; 14 6 235 236; 

1\1_47_47211.jpg
400 341
29 42 316 257; 27 43 320 257; 24 42 316 257; 29 44 318 256; 25 37 326 251; 28 43 316 256; 29 44 317 255; 28 44 318 257; 29 44 317 255; 

1\1_47_47334.jpg
400 285
246 66 396 239; 249 63 397 238; 247 62 396 235; 250 66 397 236; 251 59 397 243; 252 65 397 236; 251 72 395 237; 251 65 397 237; 251 65 395 237; 

1\1_47_47340.jpg
400 357
21 129 389 261; 18 129 393 259; 16 131 389 257; 17 131 391 258; 24 130 392 262; 17 131 391 259; 18 131 391 257; 17 131 391 257; 18 131 391 257; 

1\1_47_47611.jpg
400 293
79 19 272 212; 81 19 272 211; 82 20 272 210; 82 19 272 209; 84 20 269 211; 81 19 271 210; 82 19 272 211; 82 20 271 210; 82 19 272 211; 

1\1_47_47764.jpg
400 300
71 78 284 241; 70 76 281 242; 68 78 281 239; 72 79 280 241; 73 76 279 239; 71 80 280 240; 72 80 281 240; 72 79 281 240; 72 80 281 240; 

1\1_47_47779.jpg
340 399
65 22 285 340; 62 22 284 341; 62 22 285 340; 64 22 285 340; 68 20 283 336; 67 22 284 247; 64 21 285 249; 65 23 283 249; 64 21 286 341; 

1\1_47_47781.jpg
400 300
93 29 319 255; 92 29 316 250; 92 27 314 251; 97 30 313 249; 87 19 317 252; 96 28 318 252; 96 29 312 249; 96 30 313 251; 96 29 312 249; 

1\1_47_47818.jpg
320 400
74 70 260 330; 77 70 254 331; 77 69 256 332; 77 70 254 332; 78 72 250 295; 77 70 253 330; 76 69 254 169; 77 70 255 170; 76 69 254 330; 

1\1_47_47851.jpg
302 400
148 57 254 342; 142 59 253 345; 142 56 252 345; 144 59 251 343; 144 61 266 344; 144 58 251 343; 144 57 252 342; 143 59 252 343; 144 57 252 342; 

1\1_47_47854.jpg
400 312
49 54 358 281; 43 51 361 280; 46 53 359 276; 48 54 359 277; 39 52 359 273; 48 53 359 279; 110 129 251 277; 47 54 359 277; 110 77 359 277; 

1\1_47_47956.jpg
320 400
40 130 258 371; 32 130 258 368; 44 132 258 364; 31 131 257 366; 34 126 252 369; 31 132 258 366; 31 130 258 366; 31 131 257 365; 31 130 258 366; 

1\1_47_47964.jpg
399 333
50 47 373 253; 53 48 370 256; 57 49 369 262; 55 49 367 256; 62 49 369 249; 55 48 369 260; 55 48 369 260; 55 49 368 260; 55 48 369 260; 

1\1_48_48039.jpg
400 267
64 14 326 256; 61 10 325 258; 64 11 321 259; 61 8 326 257; 71 22 319 237; 62 8 321 257; 61 8 325 257; 60 6 326 259; 61 8 325 257; 

1\1_48_48060.jpg
400 266
84 44 384 233; 82 43 390 238; 84 43 389 238; 83 42 389 236; 88 41 386 233; 82 42 389 234; 83 43 388 234; 83 42 389 236; 83 43 388 234; 

1\1_48_48156.jpg
399 399
75 100 309 306; 77 101 308 302; 75 102 310 302; 79 102 308 310; 82 95 307 296; 78 102 309 303; 78 102 308 304; 79 103 308 303; 78 102 308 304; 

1\1_48_48173.jpg
399 399
72 95 384 362; 69 97 382 363; 74 98 380 367; 71 97 380 362; 71 6 382 362; 73 98 381 362; 71 98 380 362; 72 98 380 362; 71 98 380 362; 

1\1_48_48240.jpg
222 399
27 17 174 311; 27 17 173 317; 29 14 175 310; 26 17 172 314; 27 12 174 302; 27 17 171 314; 28 17 173 313; 29 17 172 314; 28 17 173 313; 

1\1_48_48251.jpg
400 306
117 66 354 252; 117 72 350 250; 118 73 348 249; 120 72 350 249; 126 73 353 248; 118 71 351 247; 218 96 349 249; 119 73 349 250; 119 71 349 249; 

1\1_48_48311.jpg
400 300
164 41 343 197; 162 41 341 196; 170 42 345 194; 165 42 339 195; 171 44 338 196; 166 42 339 194; 164 41 339 196; 165 43 340 197; 164 41 339 196; 

1\1_48_48383.jpg
386 400
71 141 324 220; 67 140 325 219; 71 135 325 221; 69 139 325 216; 73 129 330 215; 73 140 326 217; 69 141 325 216; 69 141 324 217; 69 141 325 216; 

1\1_48_48386.jpg
400 300
94 76 343 254; 95 79 348 255; 96 78 345 253; 96 78 346 254; 91 74 345 257; 96 78 344 255; 96 78 345 254; 96 78 346 254; 96 78 345 254; 

1\1_48_48388.jpg
400 250
18 19 374 181; 24 23 374 175; 24 21 374 176; 25 21 374 175; 22 16 378 191; 24 21 373 176; 25 21 373 175; 24 21 373 175; 25 21 373 175; 

1\1_48_48451.jpg
399 307
101 75 341 212; 105 78 341 211; 100 77 340 207; 105 78 340 209; 101 71 345 209; 104 77 341 211; 217 78 339 188; 105 79 340 209; 104 78 339 212; 

1\1_48_48466.jpg
378 400
34 75 341 358; 33 76 343 360; 34 76 344 357; 34 76 342 356; 33 57 338 358; 35 77 342 358; 34 76 342 358; 36 76 342 357; 34 76 342 358; 

1\1_48_48572.jpg
400 333
69 32 332 308; 67 35 335 314; 65 33 333 313; 68 36 335 313; 77 35 329 306; 68 34 335 313; 67 35 334 312; 69 35 335 312; 67 35 334 312; 

1\1_48_48594.jpg
400 300
92 44 341 286; 99 45 340 280; 101 46 340 281; 98 47 338 279; 94 44 336 266; 96 44 339 280; 99 46 339 278; 98 46 339 279; 99 46 339 278; 

1\1_48_48668.jpg
399 299
25 2 195 283; 25 6 195 283; 26 6 197 282; 26 5 195 281; 28 0 195 289; 26 6 195 281; 27 6 194 282; 27 6 195 282; 27 6 194 282; 

1\1_48_48755.jpg
305 400
72 104 238 282; 72 103 234 286; 70 76 248 388; 72 106 235 283; 78 80 243 364; 72 76 242 392; 73 143 236 282; 72 142 235 283; 72 79 242 392; 

1\1_48_48840.jpg
400 300
92 8 319 242; 92 4 319 242; 92 5 322 247; 95 4 319 238; 96 8 319 256; 94 4 320 239; 94 6 319 239; 95 6 318 240; 94 6 319 239; 

1\1_48_48924.jpg
400 289
116 0 396 233; 113 1 399 230; 111 0 399 228; 115 1 398 228; 118 1 385 229; 113 1 397 228; 115 1 399 228; 114 1 399 230; 115 1 399 228; 

1\1_48_48941.jpg
320 400
92 130 263 382; 89 129 268 385; 91 129 269 382; 92 129 268 382; 101 126 254 386; 106 130 267 269; 126 129 267 198; 126 131 268 197; 126 129 267 198; 

1\1_49_49039.jpg
300 400
66 129 271 351; 68 129 276 350; 64 130 272 345; 66 131 274 349; 70 127 268 348; 69 130 272 348; 65 131 274 349; 67 130 274 350; 66 131 274 349; 

1\1_49_49123.jpg
319 400
28 59 287 308; 29 62 289 312; 28 64 286 314; 32 62 288 312; 33 59 286 316; 31 62 286 313; 32 63 287 312; 32 62 286 310; 32 63 287 312; 

1\1_49_49284.jpg
400 300
104 44 285 259; 108 45 281 255; 108 48 281 258; 109 46 281 253; 109 44 282 263; 108 46 283 254; 108 45 281 252; 109 45 282 253; 108 45 281 252; 

1\1_49_49419.jpg
400 400
18 187 183 388; 16 188 185 388; 16 186 189 388; 18 188 185 382; 19 189 187 388; 16 187 186 386; 19 188 185 385; 17 188 186 386; 16 188 185 385; 

1\1_49_49481.jpg
400 292
72 18 326 266; 71 18 326 269; 69 16 327 268; 72 18 326 269; 74 19 327 269; 73 16 327 270; 94 97 304 186; 94 98 305 189; 72 18 325 269; 

1\1_49_49500.jpg
400 400
77 29 355 282; 91 33 354 282; 89 31 353 280; 89 32 354 281; 94 31 356 284; 88 31 354 280; 90 32 353 281; 89 32 353 280; 90 32 353 281; 

1\1_49_49503.jpg
300 400
57 70 241 206; 55 71 246 211; 59 72 244 207; 58 69 245 208; 61 71 249 204; 58 69 244 208; 58 69 244 208; 58 68 245 209; 58 69 244 208; 

1\1_49_49609.jpg
400 232
201 34 388 218; 204 34 387 216; 202 34 387 232; 206 34 386 214; 205 32 386 217; 205 34 386 214; 205 34 386 213; 205 35 386 214; 205 34 385 214; 

1\1_49_49612.jpg
400 300
106 113 300 254; 104 112 299 254; 106 111 297 251; 108 114 301 252; 108 111 301 251; 108 114 298 254; 107 114 298 252; 108 114 298 253; 107 114 298 252; 

1\1_49_49674.jpg
399 298
45 49 264 262; 46 49 265 262; 47 46 262 261; 47 47 262 260; 38 47 270 255; 47 47 261 259; 47 47 262 259; 47 47 262 259; 47 47 262 259; 

1\1_49_49859.jpg
400 266
132 49 280 182; 131 51 276 182; 132 50 274 184; 132 51 275 181; 128 51 282 184; 132 49 275 181; 132 50 276 181; 132 50 275 181; 132 50 276 181; 

1\1_49_49900.jpg
400 299
122 67 284 229; 124 68 280 228; 126 69 288 227; 125 68 279 227; 123 64 295 226; 125 68 286 228; 124 68 292 227; 124 68 281 229; 124 68 292 227; 

1\1_49_49937.jpg
400 272
29 19 287 252; 20 21 284 254; 21 22 281 254; 22 22 282 253; 21 19 283 255; 22 22 283 254; 22 22 282 252; 22 22 281 252; 22 22 282 252; 

1\1_50_50413.jpg
390 259
46 80 342 223; 41 83 335 217; 42 82 340 224; 42 83 341 222; 49 81 342 212; 45 81 343 222; 42 83 340 220; 43 82 341 223; 42 83 340 220; 

1\1_50_50473.jpg
399 231
227 6 395 169; 225 5 396 171; 225 6 396 171; 226 6 395 170; 220 11 395 169; 226 6 395 171; 225 6 396 170; 225 6 395 170; 225 6 396 170; 

1\1_50_50477.jpg
400 300
70 11 335 275; 70 12 339 274; 69 14 341 272; 72 13 338 272; 70 11 338 273; 72 13 338 272; 72 13 338 272; 72 13 338 273; 72 13 338 272; 

1\1_50_50516.jpg
400 300
98 56 343 268; 99 59 338 268; 98 57 340 268; 99 58 339 267; 98 58 344 271; 99 58 339 268; 99 58 336 268; 99 58 336 267; 99 58 336 268; 

1\1_50_50665.jpg
400 300
8 113 326 291; 8 114 328 285; 10 116 324 279; 9 115 329 286; 9 119 322 283; 9 115 326 283; 9 114 328 284; 9 115 326 288; 9 114 328 286; 

1\1_50_50833.jpg
266 400
39 226 225 346; 40 228 228 344; 45 227 226 341; 40 229 225 342; 39 228 232 346; 41 228 226 343; 41 229 225 343; 41 229 226 343; 41 229 225 343; 

1\1_50_50836.jpg
400 266
171 41 268 264; 172 41 268 266; 173 42 268 266; 172 42 267 264; 168 46 274 264; 174 42 266 265; 172 42 266 266; 172 42 267 266; 172 42 266 266; 

1\1_50_50878.jpg
399 260
103 10 334 249; 98 7 338 248; 100 10 337 245; 100 11 336 247; 128 18 334 237; 98 10 336 245; 101 12 336 245; 100 12 337 245; 101 7 336 245; 

1\1_50_50979.jpg
400 241
177 117 355 209; 175 119 356 208; 176 119 354 208; 177 119 356 206; 179 116 341 208; 177 119 341 203; 177 119 341 203; 178 119 341 204; 177 119 356 207; 

1\1_51_51078.jpg
400 274
7 4 242 262; 3 7 234 259; 5 5 243 258; 3 6 238 260; 6 0 238 253; 2 7 241 260; 2 7 239 259; 2 6 238 261; 2 7 239 259; 

1\1_51_51116.jpg
344 400
17 247 275 353; 23 247 275 355; 22 248 273 357; 25 249 273 355; 17 247 274 355; 25 248 273 353; 26 248 273 356; 26 249 273 357; 26 248 273 356; 

1\1_51_51123.jpg
256 400
129 55 248 365; 135 54 247 367; 134 55 243 361; 135 54 247 364; 133 58 243 363; 136 54 247 366; 135 55 247 365; 136 54 247 365; 135 55 247 365; 

1\1_51_51134.jpg
400 298
55 104 392 268; 58 109 393 270; 60 107 391 269; 58 108 392 271; 58 108 391 269; 58 108 296 271; 58 109 392 271; 58 109 392 271; 58 109 392 271; 

1\1_51_51286.jpg
399 301
82 39 289 265; 83 40 286 267; 88 39 282 266; 86 41 283 265; 89 37 279 263; 90 41 284 267; 88 41 284 266; 87 42 284 266; 88 41 284 266; 

1\1_51_51295.jpg
320 400
40 63 243 385; 41 59 241 373; 41 61 241 383; 43 59 241 365; 43 56 244 386; 43 17 240 383; 39 11 241 385; 43 19 242 385; 39 11 241 385; 

1\1_51_51366.jpg
400 300
38 158 211 264; 37 159 209 264; 37 158 207 261; 39 159 208 259; 32 158 208 259; 37 159 208 261; 36 159 208 260; 39 159 208 260; 36 159 208 260; 

1\1_51_51642.jpg
400 236
161 12 394 156; 162 14 398 158; 165 15 395 161; 162 15 397 160; 166 13 394 159; 161 14 398 161; 164 14 236 66; 163 15 398 161; 164 14 399 161; 

1\1_51_51689.jpg
400 320
131 38 351 295; 121 36 349 289; 131 38 347 288; 121 38 351 289; 132 44 335 283; 141 38 348 304; 189 178 237 244; 189 178 237 244; 189 71 310 244; 

1\1_51_51725.jpg
400 248
96 54 315 181; 95 55 316 180; 94 57 315 178; 96 54 314 179; 98 52 312 178; 97 55 314 178; 96 56 314 179; 97 55 314 179; 96 56 314 179; 

1\1_51_51784.jpg
400 206
41 68 285 191; 43 68 282 188; 43 67 281 189; 42 69 281 189; 42 62 279 182; 43 68 281 190; 42 69 282 188; 42 69 281 189; 42 69 282 188; 

1\1_51_51872.jpg
400 188
119 26 281 188; 116 24 284 188; 116 24 284 189; 118 24 284 188; 115 24 284 184; 119 24 285 189; 118 24 284 189; 118 24 284 189; 118 24 284 189; 

1\1_51_51875.jpg
300 400
88 81 273 259; 94 81 271 259; 94 78 270 259; 99 81 270 259; 98 73 272 263; 96 81 270 259; 167 80 270 228; 98 80 270 259; 98 80 270 259; 

1\1_51_51972.jpg
300 400
33 26 265 325; 33 26 263 321; 39 39 265 318; 32 37 263 319; 33 32 263 316; 32 27 266 319; 32 21 261 321; 32 27 262 319; 32 21 261 321; 

1\1_52_52012.jpg
400 300
109 115 260 238; 104 114 264 239; 109 116 262 244; 103 114 262 241; 102 118 261 234; 105 115 264 241; 103 116 261 240; 103 116 262 241; 103 116 261 240; 

1\1_52_52036.jpg
385 400
82 90 322 284; 84 89 325 284; 87 92 327 285; 85 91 323 281; 81 79 332 287; 82 90 322 281; 85 90 323 280; 84 90 324 282; 85 90 323 280; 

1\1_52_52052.jpg
400 218
84 2 245 219; 82 0 249 218; 84 1 249 219; 84 0 247 219; 90 0 251 219; 80 0 246 219; 82 1 245 219; 84 1 246 219; 82 1 245 219; 

1\1_52_52082.jpg
400 266
154 52 353 238; 150 61 358 238; 152 57 357 242; 156 59 358 238; 156 64 361 240; 67 77 168 201; 68 75 166 199; 68 76 166 200; 68 59 358 238; 

1\1_52_52303.jpg
400 250
13 50 226 206; 6 51 222 205; 7 51 219 208; 9 52 220 205; 36 39 236 202; 7 50 222 206; 6 52 221 205; 6 52 222 206; 6 52 221 205; 

1\1_52_52465.jpg
400 361
173 114 336 286; 168 116 338 286; 168 120 336 286; 169 117 336 284; 160 111 339 284; 168 117 336 284; 168 116 337 284; 169 117 336 284; 168 116 337 284; 

1\1_52_52759.jpg
310 399
76 106 239 359; 76 109 237 359; 74 106 239 361; 77 106 236 357; 65 109 243 359; 74 105 236 358; 78 106 236 359; 76 106 236 360; 78 106 236 359; 

1\1_52_52878.jpg
400 308
91 45 354 271; 92 50 356 261; 136 52 356 254; 91 51 356 264; 91 52 345 267; 89 51 356 259; 150 51 358 255; 152 51 357 254; 135 49 358 255; 

1\1_52_52930.jpg
400 266
31 78 354 176; 31 78 358 178; 32 80 354 176; 31 80 356 174; 24 73 354 174; 31 78 356 176; 31 79 356 179; 30 80 356 171; 31 79 357 171; 

1\1_52_52964.jpg
289 399
129 48 247 370; 125 48 244 372; 122 51 241 370; 125 50 243 370; 108 49 244 385; 124 48 244 379; 135 49 174 98; 134 51 174 98; 135 49 242 211; 

1\1_52_52999.jpg
400 286
142 51 325 172; 141 50 326 175; 145 53 327 178; 143 51 326 176; 146 51 331 176; 141 52 328 177; 143 51 326 176; 144 51 327 177; 143 51 326 176; 

1\1_53_53009.jpg
320 400
31 182 294 364; 26 179 299 367; 27 182 299 367; 26 180 298 358; 31 175 305 365; 26 179 297 369; 25 180 298 369; 24 181 298 368; 26 180 298 369; 

1\1_53_53174.jpg
400 304
72 59 279 258; 71 60 279 260; 74 64 277 258; 72 61 279 260; 71 61 281 259; 71 62 278 259; 71 61 279 260; 72 62 279 258; 71 61 279 260; 

1\1_53_53496.jpg
400 285
110 109 277 242; 110 108 276 244; 114 108 276 243; 111 108 278 246; 114 106 272 238; 112 108 274 238; 110 139 277 247; 111 140 278 247; 111 139 277 247; 

1\1_53_53497.jpg
320 400
154 118 314 342; 159 119 320 341; 163 117 320 339; 161 118 320 339; 165 121 319 336; 158 119 317 340; 159 119 319 339; 161 118 320 339; 159 119 319 339; 

1\1_53_53538.jpg
400 378
74 119 289 349; 77 117 288 349; 77 117 286 348; 75 118 285 348; 74 115 290 349; 76 117 286 350; 75 117 285 348; 75 118 286 348; 75 117 285 348; 

1\1_53_53692.jpg
400 300
39 12 166 172; 41 14 166 169; 38 13 166 169; 41 14 166 169; 39 14 169 172; 41 14 165 171; 41 14 165 168; 42 14 166 168; 41 14 165 168; 

1\1_53_53725.jpg
400 291
90 78 339 267; 88 76 341 266; 88 76 335 266; 89 78 341 264; 86 62 337 272; 88 77 341 264; 142 99 264 204; 89 78 341 264; 88 77 341 264; 

1\1_53_53766.jpg
400 307
22 65 241 283; 25 63 237 283; 23 65 236 287; 25 65 238 283; 23 63 234 285; 23 63 235 282; 24 63 238 283; 23 64 239 282; 24 63 238 283; 

1\1_53_53905.jpg
400 300
43 46 320 271; 48 45 319 270; 46 46 319 269; 44 45 321 271; 54 48 317 272; 45 49 321 270; 129 45 245 192; 169 45 223 117; 44 45 321 272; 

1\1_53_53918.jpg
400 301
71 164 326 266; 68 163 328 262; 71 162 328 261; 72 162 328 266; 74 161 327 262; 72 162 327 264; 72 162 329 266; 72 164 328 267; 72 162 329 266; 

1\1_53_53989.jpg
400 300
128 66 282 230; 129 68 287 229; 131 67 287 234; 129 68 285 229; 128 68 289 229; 130 67 286 229; 128 68 284 231; 129 69 286 230; 128 68 284 231; 

1\1_54_54098.jpg
400 312
77 32 332 256; 77 32 332 256; 75 29 329 256; 78 30 331 256; 81 31 329 256; 78 29 330 257; 77 31 331 257; 78 32 331 257; 77 31 331 257; 

1\1_54_54381.jpg
400 303
184 26 326 162; 183 29 324 163; 187 29 322 160; 184 29 324 161; 185 21 324 160; 183 29 324 161; 185 29 324 162; 185 31 324 161; 185 29 324 162; 

1\1_54_54383.jpg
400 300
79 41 274 263; 81 46 271 259; 80 47 272 261; 81 44 271 259; 77 43 271 256; 81 46 270 259; 82 46 270 259; 82 46 271 258; 82 46 270 259; 

1\1_54_54722.jpg
400 300
124 22 273 240; 123 24 266 237; 124 24 266 236; 122 21 266 236; 125 23 278 239; 125 22 268 239; 123 21 266 236; 125 22 266 236; 123 21 266 236; 

1\1_54_54860.jpg
400 393
136 84 302 269; 138 83 301 269; 136 85 301 267; 139 84 301 263; 141 109 298 266; 141 82 298 263; 139 84 301 261; 141 84 302 262; 139 84 301 261; 

1\1_55_55005.jpg
399 315
148 71 388 264; 150 74 391 265; 149 74 384 264; 148 74 389 263; 145 74 392 265; 149 74 392 264; 150 74 228 155; 150 74 226 156; 150 74 390 263; 

1\1_55_55083.jpg
234 400
5 69 199 315; 7 69 198 314; 5 65 163 313; 8 69 196 316; 9 70 194 317; 9 69 195 313; 17 239 102 311; 8 69 196 311; 8 67 196 311; 

1\1_55_55207.jpg
400 273
57 49 275 203; 58 47 279 202; 61 45 271 202; 60 50 278 208; 57 47 277 206; 60 48 280 208; 59 48 278 209; 60 48 278 208; 59 48 278 209; 

1\1_55_55230.jpg
325 400
62 66 244 306; 62 68 246 308; 61 67 243 308; 62 69 245 308; 62 69 240 310; 61 69 245 308; 62 69 246 308; 62 69 245 308; 62 69 246 308; 

1\1_55_55344.jpg
400 400
73 93 302 334; 67 94 298 332; 74 98 294 334; 69 97 298 330; 76 89 295 313; 70 97 299 329; 69 97 298 330; 70 95 298 330; 69 97 298 330; 

1\1_55_55346.jpg
400 320
8 17 239 136; 4 16 241 136; 6 14 239 139; 4 16 239 136; 3 16 239 134; 6 16 240 136; 4 15 241 136; 5 16 241 137; 4 15 241 136; 

1\1_55_55407.jpg
400 320
176 51 308 192; 171 52 310 192; 173 54 307 192; 174 53 307 191; 176 56 304 193; 174 53 307 190; 174 52 308 191; 173 53 307 191; 174 52 308 191; 

1\1_55_55469.jpg
400 300
31 37 328 224; 26 34 330 231; 24 35 332 232; 26 34 329 232; 34 39 326 228; 26 34 330 232; 26 34 329 231; 26 36 329 231; 26 34 329 231; 

1\1_55_55491.jpg
400 290
8 9 124 186; 11 11 124 186; 9 12 119 185; 11 11 122 184; 2 12 124 180; 12 11 122 182; 11 11 122 185; 11 12 122 184; 11 11 122 185; 

1\1_55_55512.jpg
400 300
120 48 301 286; 114 48 302 289; 114 47 301 289; 116 49 302 287; 111 26 304 278; 114 48 301 288; 114 49 301 288; 115 49 301 287; 114 49 301 288; 

1\1_55_55530.jpg
318 400
32 239 135 384; 27 241 135 385; 32 241 133 384; 28 242 133 384; 27 250 132 382; 29 242 135 384; 29 243 133 384; 28 242 133 384; 29 243 133 384; 

1\1_55_55589.jpg
400 260
145 11 318 158; 143 7 320 160; 148 4 313 164; 143 8 320 161; 144 9 316 156; 146 8 320 161; 143 7 320 160; 143 7 321 160; 143 7 320 160; 

1\1_55_55601.jpg
300 400
84 124 249 250; 84 122 250 249; 84 126 250 252; 86 124 249 250; 87 125 251 246; 86 124 250 249; 85 124 250 251; 84 125 250 250; 85 124 250 251; 

1\1_55_55613.jpg
400 310
21 18 199 264; 21 16 199 266; 20 16 199 266; 25 17 200 264; 25 30 198 262; 23 17 199 261; 22 17 198 264; 23 18 200 263; 22 17 198 264; 

1\1_55_55623.jpg
400 302
26 75 175 238; 20 74 174 242; 20 75 176 241; 22 74 176 241; 23 76 175 238; 21 75 175 241; 21 75 176 242; 22 75 177 241; 21 75 176 242; 

1\1_55_55677.jpg
400 260
35 79 149 240; 34 81 153 241; 35 83 153 242; 34 81 152 242; 31 79 152 240; 34 81 153 242; 35 79 152 243; 34 82 152 243; 35 81 152 243; 

1\1_55_55731.jpg
400 301
36 49 392 236; 35 52 393 234; 37 52 394 236; 37 51 394 233; 32 47 393 235; 36 52 396 234; 35 51 394 234; 36 52 394 234; 35 51 394 234; 

1\1_55_55762.jpg
400 320
141 93 324 289; 140 92 323 286; 143 94 321 287; 143 94 323 287; 139 94 325 288; 143 94 321 287; 143 95 321 287; 143 94 323 287; 143 95 321 287; 

1\1_55_55825.jpg
400 336
220 9 369 256; 216 11 368 255; 214 0 371 257; 216 9 368 256; 218 14 368 254; 216 11 368 255; 216 189 368 256; 216 188 367 257; 215 9 368 256; 

1\1_55_55826.jpg
400 300
118 26 370 282; 120 26 368 279; 121 28 366 280; 126 28 366 280; 124 28 366 273; 122 27 366 278; 121 28 366 281; 127 29 366 281; 121 28 366 299; 

1\1_55_55874.jpg
266 399
27 22 239 280; 29 19 236 268; 32 21 236 265; 29 19 236 266; 25 14 240 268; 29 24 236 267; 29 18 236 267; 29 20 236 266; 29 18 236 267; 

1\1_55_55915.jpg
400 345
120 4 395 281; 122 3 398 282; 124 3 392 275; 122 3 397 281; 128 2 394 283; 123 3 396 281; 122 3 397 282; 122 4 398 281; 122 3 397 282; 

1\1_55_55923.jpg
300 400
73 214 281 388; 73 219 286 387; 72 218 284 392; 72 221 284 383; 74 212 284 386; 74 219 284 387; 71 221 284 387; 72 221 284 388; 71 221 284 387; 

1\1_55_55970.jpg
400 309
103 92 295 254; 98 88 297 253; 98 89 296 256; 100 89 297 251; 108 85 294 256; 102 90 297 254; 6 48 299 258; 101 89 297 252; 6 48 299 258; 

1\1_55_55978.jpg
353 399
72 53 267 284; 70 53 270 286; 67 53 270 287; 71 54 267 284; 47 20 284 400; 70 53 270 284; 71 53 268 285; 72 55 268 284; 71 53 268 285; 

1\1_55_55982.jpg
400 311
134 25 345 159; 134 22 349 159; 136 27 351 156; 133 22 348 158; 127 20 348 164; 131 23 351 159; 135 23 348 158; 134 23 349 159; 135 23 348 158; 

1\1_56_56041.jpg
400 300
195 89 389 291; 194 89 400 294; 194 89 400 295; 196 91 398 294; 196 94 400 291; 196 90 395 294; 196 91 399 294; 196 88 400 294; 196 91 399 294; 

1\1_56_56043.jpg
400 266
138 22 374 184; 141 22 376 186; 141 24 378 182; 142 23 373 184; 141 21 372 181; 142 23 378 183; 142 23 373 183; 142 23 374 184; 142 23 373 183; 

1\1_56_56048.jpg
400 315
38 33 154 286; 38 33 157 286; 39 35 156 283; 39 36 155 282; 34 33 154 288; 41 36 156 285; 41 35 154 283; 54 169 141 282; 41 35 154 283; 

1\1_56_56055.jpg
266 400
62 56 191 192; 59 58 194 193; 57 56 196 198; 60 58 193 191; 61 58 194 191; 59 58 195 191; 59 58 193 192; 60 57 192 191; 59 58 193 192; 

1\1_56_56060.jpg
241 400
78 82 219 336; 76 78 222 339; 79 80 222 338; 79 79 221 337; 78 78 220 336; 78 79 221 337; 77 79 221 337; 78 79 221 338; 77 79 221 337; 

1\1_56_56083.jpg
300 400
44 66 173 326; 46 68 169 324; 47 71 170 326; 44 69 171 325; 46 70 171 328; 44 69 171 324; 44 69 171 325; 44 70 171 325; 44 69 171 325; 

1\1_56_56150.jpg
399 280
135 61 260 194; 135 64 262 190; 135 64 259 190; 137 63 262 192; 132 62 258 190; 136 63 261 191; 134 63 262 191; 135 64 261 192; 134 63 262 191; 

1\1_56_56155.jpg
357 400
101 12 240 358; 99 14 244 358; 99 16 242 356; 100 17 244 355; 100 32 244 354; 100 15 243 357; 117 239 236 355; 99 16 244 240; 101 15 245 356; 

1\1_56_56159.jpg
400 340
36 21 211 241; 34 20 209 241; 36 20 209 239; 37 21 208 239; 33 22 215 240; 34 112 210 239; 34 109 208 239; 36 111 207 239; 34 21 208 239; 

1\1_56_56172.jpg
400 266
189 41 354 264; 188 44 353 266; 192 45 353 266; 189 44 352 266; 192 38 349 267; 192 44 354 266; 191 44 352 266; 191 44 352 266; 191 44 352 266; 

1\1_56_56174.jpg
400 266
72 56 171 267; 66 56 171 266; 64 59 170 266; 66 58 171 266; 57 62 173 262; 68 58 170 266; 65 58 170 266; 68 59 170 266; 65 58 170 266; 

1\1_56_56243.jpg
266 400
32 74 201 314; 33 78 201 318; 32 77 195 320; 34 76 200 316; 36 72 198 319; 36 76 200 319; 36 102 188 318; 35 76 201 320; 37 102 188 318; 

1\1_56_56265.jpg
400 248
161 62 389 231; 161 65 394 235; 162 64 389 232; 162 65 394 234; 162 64 381 231; 162 66 391 235; 162 65 236 112; 162 65 394 233; 162 65 394 233; 

1\1_56_56371.jpg
400 318
207 17 377 315; 203 3 379 315; 201 1 381 318; 202 4 377 315; 211 9 384 317; 202 3 380 319; 203 3 377 316; 241 2 366 149; 203 3 377 316; 

1\1_56_56543.jpg
400 300
137 116 318 248; 138 119 316 247; 140 119 316 249; 140 119 314 247; 148 119 316 249; 141 118 314 246; 140 121 314 246; 149 128 308 222; 140 121 314 246; 

1\1_56_56546.jpg
303 400
68 58 192 214; 65 59 194 212; 70 56 196 212; 71 60 194 210; 68 61 196 238; 72 59 194 211; 71 60 193 211; 70 60 194 211; 71 60 193 211; 

1\1_56_56638.jpg
400 302
156 59 239 229; 156 59 238 228; 156 61 237 229; 157 60 236 227; 155 64 237 227; 157 59 238 228; 156 60 237 246; 157 61 236 226; 156 60 237 234; 

1\1_56_56702.jpg
400 373
117 22 336 364; 117 3 329 371; 116 2 334 374; 116 6 332 369; 111 10 326 358; 118 2 333 371; 125 246 208 294; 126 194 270 294; 125 189 278 294; 

1\1_56_56734.jpg
400 300
84 32 313 265; 82 31 315 274; 81 32 314 268; 82 32 313 269; 72 32 316 268; 82 32 314 271; 82 32 313 269; 82 32 312 269; 82 32 313 269; 

1\1_57_57054.jpg
400 320
225 96 364 258; 225 98 369 261; 225 97 370 260; 227 99 369 260; 229 95 365 262; 227 99 369 260; 227 99 369 261; 227 99 369 261; 227 99 369 261; 

1\1_57_57302.jpg
400 300
129 28 324 288; 126 30 324 289; 124 29 326 290; 124 30 324 291; 136 28 332 289; 124 31 322 291; 198 104 259 167; 198 104 259 167; 124 30 324 291; 

1\1_57_57303.jpg
400 264
159 90 367 241; 160 90 363 241; 159 88 361 239; 158 91 361 242; 162 88 306 219; 159 89 362 243; 158 90 363 242; 158 90 364 243; 158 90 363 242; 

1\1_57_57320.jpg
400 320
119 42 222 291; 121 39 222 290; 118 39 208 289; 120 40 223 287; 109 42 221 286; 121 42 222 290; 121 39 223 288; 116 39 222 291; 116 39 223 288; 

1\1_57_57441.jpg
400 302
96 153 319 296; 102 153 316 299; 99 152 320 302; 99 156 317 298; 99 151 319 298; 101 154 316 300; 99 154 316 300; 100 156 316 299; 99 154 316 300; 

1\1_57_57642.jpg
227 223
27 31 190 202; 27 29 190 201; 29 30 190 197; 30 30 189 197; 36 29 186 193; 28 28 191 199; 30 30 100 176; 113 49 189 198; 30 30 100 176; 

1\1_57_57798.jpg
400 300
183 78 338 277; 184 76 345 281; 183 78 339 282; 185 77 343 279; 179 79 346 274; 180 78 343 280; 185 76 343 279; 219 159 303 273; 185 76 343 279; 

1\1_57_57840.jpg
399 299
80 73 331 244; 78 75 328 242; 80 78 327 240; 81 71 328 242; 75 78 331 241; 82 72 327 241; 79 71 327 244; 79 71 327 243; 79 71 327 244; 

1\1_57_57848.jpg
399 299
117 58 260 278; 119 60 262 282; 119 57 261 276; 122 59 261 281; 114 65 269 274; 120 59 262 280; 191 60 256 151; 193 61 257 151; 120 60 262 281; 

1\1_57_57910.jpg
400 300
76 49 224 257; 78 49 221 264; 79 49 221 259; 79 50 221 258; 68 50 227 247; 80 50 220 260; 167 50 221 90; 166 49 221 90; 79 50 221 263; 

1\1_57_57941.jpg
400 400
32 80 257 317; 33 82 254 316; 35 81 252 314; 33 84 254 314; 23 78 271 300; 33 83 253 314; 34 83 254 314; 34 83 254 315; 34 83 254 314; 

1\1_57_57942.jpg
400 289
51 54 337 264; 56 54 336 268; 56 56 338 268; 57 54 335 269; 58 54 337 259; 56 53 337 269; 155 14 389 155; 58 54 336 167; 56 14 389 169; 

1\1_58_58095.jpg
400 300
100 32 318 221; 104 31 312 223; 102 29 311 220; 104 31 311 221; 99 30 331 235; 105 32 312 222; 106 31 311 221; 106 31 311 220; 106 31 311 221; 

1\1_58_58150.jpg
266 400
82 23 255 265; 82 28 256 266; 84 27 251 259; 82 27 252 258; 82 31 252 253; 81 28 251 259; 84 27 252 257; 84 27 252 258; 84 27 252 257; 

1\1_58_58417.jpg
400 300
137 31 285 268; 139 33 285 281; 142 34 285 267; 138 32 283 278; 142 34 282 274; 138 32 284 281; 139 32 254 124; 139 32 254 122; 139 32 253 124; 

1\1_58_58478.jpg
400 300
70 73 303 299; 76 80 303 298; 71 83 299 299; 76 82 302 297; 75 82 304 299; 76 81 304 300; 76 82 303 300; 96 150 288 179; 76 82 303 300; 

1\1_58_58671.jpg
400 306
161 45 258 227; 163 44 254 226; 158 45 255 226; 162 46 254 227; 160 37 257 227; 163 45 229 222; 164 46 255 228; 163 46 254 227; 164 46 229 199; 

1\1_58_58696.jpg
300 400
62 28 246 355; 61 29 245 354; 64 22 246 355; 60 23 244 356; 63 27 242 346; 61 30 246 354; 59 176 245 356; 60 176 244 355; 59 176 245 356; 

1\1_58_58820.jpg
400 385
205 115 370 299; 205 118 372 298; 203 119 368 294; 207 119 369 299; 205 105 372 293; 205 118 371 298; 206 119 369 298; 207 119 369 298; 206 119 369 298; 

1\1_58_58837.jpg
263 399
42 24 224 324; 40 28 219 319; 42 28 220 323; 44 27 219 319; 40 31 231 321; 41 27 219 320; 42 27 219 319; 43 28 219 320; 42 27 219 319; 

1\1_58_58843.jpg
295 400
54 41 241 349; 56 42 241 347; 57 40 239 345; 53 43 239 344; 62 42 241 341; 56 43 240 345; 52 42 239 344; 59 42 236 239; 52 42 239 344; 

1\1_58_58854.jpg
400 304
42 39 291 264; 39 38 290 268; 41 35 289 266; 38 38 289 265; 40 39 288 232; 38 37 286 202; 107 70 182 158; 38 38 289 266; 36 38 289 267; 

1\1_58_58924.jpg
400 295
155 74 336 254; 153 76 332 259; 154 76 332 259; 154 75 331 253; 155 75 335 254; 154 77 331 253; 155 78 331 254; 156 76 331 253; 155 78 331 254; 

1\1_58_58944.jpg
275 400
39 49 237 239; 43 54 234 241; 44 52 232 242; 42 53 235 240; 44 46 234 236; 46 52 237 239; 43 52 235 239; 43 52 236 240; 43 52 235 239; 

1\1_59_59047.jpg
300 400
117 164 259 388; 118 167 258 389; 121 168 259 390; 121 166 256 388; 121 161 257 380; 119 166 258 389; 120 166 257 388; 121 166 256 388; 120 166 257 388; 

1\1_59_59085.jpg
400 362
19 127 375 329; 23 129 379 329; 22 127 377 331; 22 127 376 332; 20 132 377 319; 25 128 377 328; 21 127 377 332; 22 126 377 330; 21 127 377 332; 

1\1_59_59137.jpg
400 400
161 27 326 230; 163 27 326 234; 163 23 328 233; 163 28 327 232; 159 32 331 213; 163 28 326 232; 162 27 326 231; 164 27 326 230; 162 27 326 231; 

1\1_59_59160.jpg
400 400
178 168 296 316; 176 166 297 318; 178 167 296 316; 178 168 295 317; 183 167 292 299; 176 168 294 319; 178 168 288 317; 178 166 289 316; 178 168 289 317; 

1\1_59_59204.jpg
375 400
24 47 268 364; 22 49 268 367; 24 49 281 366; 29 52 261 359; 22 55 269 366; 22 51 154 288; 116 227 268 368; 24 51 268 369; 24 51 268 368; 

1\1_59_59208.jpg
400 266
75 33 394 210; 78 36 394 210; 79 34 391 208; 78 36 394 210; 75 36 392 207; 77 36 394 212; 77 36 394 208; 78 36 394 208; 77 36 394 208; 

1\1_59_59240.jpg
400 285
34 23 347 234; 35 21 350 236; 34 20 346 259; 32 22 348 231; 23 26 352 226; 35 26 348 231; 50 81 185 224; 34 23 349 230; 33 23 348 232; 

1\1_59_59253.jpg
400 266
139 57 345 257; 139 55 345 258; 139 56 343 256; 139 56 344 254; 137 53 347 247; 142 57 343 257; 139 57 343 257; 139 57 343 259; 139 57 343 257; 

1\1_59_59300.jpg
400 300
148 88 337 289; 150 88 333 291; 152 88 341 287; 153 87 338 288; 151 82 339 286; 152 86 338 289; 152 87 334 288; 151 89 342 288; 152 87 334 288; 

1\1_59_59420.jpg
400 266
152 102 351 204; 152 100 349 204; 154 101 349 201; 152 101 347 200; 155 99 346 207; 153 100 348 201; 152 101 347 201; 153 101 348 201; 152 101 347 201; 

1\1_59_59421.jpg
400 266
26 87 354 198; 28 87 356 197; 29 87 355 204; 26 88 353 195; 26 85 352 194; 29 87 353 196; 25 88 354 195; 26 88 353 196; 25 88 354 195; 

1\1_59_59466.jpg
299 399
128 32 262 213; 131 33 264 213; 126 32 265 213; 130 36 262 211; 132 32 272 210; 129 33 262 212; 130 35 261 212; 129 35 262 211; 130 35 261 212; 

1\1_59_59468.jpg
272 400
16 25 257 286; 16 35 256 296; 20 25 258 282; 16 25 254 293; 37 34 256 285; 19 43 254 291; 16 143 253 294; 17 11 255 295; 15 24 253 294; 

1\1_59_59495.jpg
320 400
69 158 201 302; 71 156 201 301; 76 157 202 301; 73 158 200 302; 76 156 198 297; 74 158 201 301; 74 156 200 301; 73 157 201 301; 74 156 200 301; 

1\1_59_59550.jpg
400 268
82 9 240 200; 82 8 236 198; 81 6 236 199; 83 8 235 196; 84 8 239 196; 90 82 232 196; 92 82 236 197; 92 85 236 196; 92 82 236 197; 

1\1_59_59563.jpg
400 300
8 61 353 228; 14 64 351 229; 16 62 345 228; 18 64 351 229; 11 61 346 219; 16 65 350 231; 16 64 351 228; 17 64 351 231; 16 64 351 228; 

1\1_59_59625.jpg
400 300
137 79 250 248; 136 78 251 246; 135 79 252 242; 138 78 251 245; 141 79 247 246; 137 77 253 245; 136 76 251 244; 138 78 252 244; 136 76 251 244; 

1\1_59_59743.jpg
400 300
41 29 320 286; 45 23 327 292; 45 24 326 295; 44 24 327 294; 54 28 326 278; 45 25 326 293; 43 24 326 294; 43 24 327 296; 43 24 326 294; 

1\1_59_59823.jpg
400 295
124 61 322 272; 123 59 322 271; 124 59 323 276; 125 61 321 271; 132 56 334 261; 123 61 321 272; 125 62 222 110; 126 62 222 109; 125 62 321 273; 

1\1_59_59909.jpg
400 397
9 41 204 209; 8 39 208 214; 13 38 202 214; 12 41 206 213; 12 40 209 208; 11 40 206 215; 12 41 206 214; 13 41 205 215; 12 41 206 215; 

1\1_60_60087.jpg
310 400
97 56 212 311; 99 54 213 309; 99 53 211 304; 98 54 213 306; 110 49 220 319; 99 55 211 308; 97 54 213 307; 97 56 212 307; 97 54 213 307; 

1\1_60_60097.jpg
319 400
46 131 300 346; 47 132 299 344; 45 131 298 392; 47 135 299 341; 55 123 296 342; 46 133 299 340; 47 133 299 341; 84 186 257 321; 47 133 298 340; 

1\1_60_60281.jpg
399 286
24 99 234 266; 26 102 228 265; 24 102 228 263; 26 102 227 263; 15 96 229 267; 26 100 227 263; 26 102 227 263; 26 103 227 263; 26 102 227 263; 

1\1_60_60387.jpg
400 296
62 40 251 279; 62 41 240 277; 62 39 251 278; 63 41 251 274; 72 39 255 272; 62 40 252 277; 146 40 239 157; 144 41 239 156; 64 40 249 272; 

1\1_60_60441.jpg
400 329
42 30 310 288; 43 30 313 291; 44 31 315 279; 51 30 317 290; 58 25 292 278; 14 1 345 322; 151 137 202 179; 152 136 203 182; 151 134 202 181; 

1\1_60_60473.jpg
400 297
112 130 354 216; 113 131 354 216; 112 131 355 222; 112 131 354 216; 106 149 362 221; 112 159 354 216; 112 162 354 217; 113 161 353 216; 113 129 354 217; 

1\1_60_60686.jpg
400 290
126 84 308 253; 127 82 305 250; 128 82 306 248; 126 84 304 251; 126 84 298 247; 125 83 305 249; 126 84 303 250; 127 84 304 251; 126 84 303 250; 

1\1_60_60730.jpg
308 400
72 15 243 360; 71 16 242 359; 71 20 238 400; 71 18 239 359; 65 19 241 356; 72 17 241 359; 72 17 239 359; 89 215 239 359; 72 17 239 359; 

1\1_60_60758.jpg
400 256
34 51 335 231; 33 52 336 239; 34 51 337 229; 36 55 336 236; 38 48 326 222; 26 55 342 239; 26 48 339 243; 136 89 232 150; 26 48 339 239; 

1\1_60_60884.jpg
391 400
40 126 220 334; 41 127 221 331; 40 129 222 331; 41 127 219 329; 39 127 222 326; 41 128 221 331; 37 128 220 329; 40 126 219 330; 37 128 220 329; 

1\1_60_60933.jpg
400 322
34 139 278 289; 38 139 279 289; 39 136 278 288; 39 139 278 288; 38 136 284 282; 38 139 278 288; 38 138 278 287; 38 139 278 287; 38 138 278 287; 

1\1_60_60982.jpg
399 265
108 25 321 234; 113 25 323 235; 115 23 323 236; 113 24 323 235; 113 26 332 234; 117 24 325 234; 112 24 323 234; 114 25 323 234; 112 24 323 234; 

1\1_61_61011.jpg
399 299
86 14 364 251; 88 14 365 252; 88 15 362 252; 88 15 362 251; 86 17 365 249; 90 15 363 252; 178 99 237 153; 178 99 237 153; 178 81 237 153; 

1\1_61_61018.jpg
400 322
75 21 320 268; 76 21 320 269; 75 22 319 266; 76 21 319 267; 78 23 332 268; 72 21 318 268; 76 21 319 267; 75 21 318 267; 76 21 319 267; 

1\1_61_61059.jpg
362 400
12 54 237 359; 15 53 237 358; 13 54 237 355; 16 54 236 355; 15 56 241 353; 14 53 237 357; 16 54 235 355; 16 54 237 355; 16 54 235 355; 

1\1_61_61098.jpg
399 245
46 30 187 164; 47 29 188 168; 49 30 186 168; 50 28 187 166; 51 32 188 163; 51 29 184 169; 49 27 187 166; 49 29 187 166; 49 27 187 166; 

1\1_61_61141.jpg
386 400
43 142 228 333; 41 146 229 332; 43 145 230 326; 44 146 227 334; 69 150 237 328; 42 146 226 332; 44 144 152 220; 44 146 226 332; 44 144 226 332; 

1\1_61_61147.jpg
289 400
21 46 270 290; 20 46 269 288; 22 48 269 288; 22 46 272 288; 23 49 268 286; 23 46 272 288; 22 46 270 288; 118 76 229 121; 22 46 270 288; 

1\1_61_61192.jpg
400 300
143 144 382 247; 142 141 380 247; 145 155 375 247; 144 141 380 246; 145 139 387 242; 142 141 379 245; 143 141 379 246; 0 111 81 188; 143 161 379 246; 

1\1_61_61260.jpg
400 300
230 116 348 265; 228 120 349 264; 231 121 349 265; 229 120 348 262; 228 122 346 265; 229 121 349 264; 229 120 349 262; 229 120 349 262; 229 120 349 264; 

1\1_61_61269.jpg
321 399
80 73 268 302; 77 73 266 300; 79 71 261 300; 78 74 265 300; 86 82 257 303; 78 74 265 300; 78 72 264 300; 78 73 266 300; 78 72 264 300; 

1\1_61_61280.jpg
400 297
89 43 310 266; 89 41 311 259; 92 44 308 259; 91 42 308 258; 74 48 321 264; 89 43 309 259; 91 42 309 257; 90 43 308 257; 91 42 309 257; 

1\1_61_61292.jpg
400 316
64 111 214 262; 62 112 215 262; 64 113 214 260; 64 112 214 261; 61 112 218 259; 64 112 212 261; 64 112 213 261; 64 112 213 259; 64 112 213 261; 

1\1_61_61299.jpg
400 300
112 51 328 241; 111 49 330 242; 113 50 331 241; 113 50 329 241; 102 51 332 236; 113 49 328 241; 112 49 328 242; 113 51 328 241; 112 49 328 242; 

1\1_61_61562.jpg
306 400
47 36 278 264; 46 38 278 262; 49 36 277 261; 48 38 276 261; 52 39 266 254; 49 36 278 264; 47 38 278 262; 46 38 279 261; 47 38 278 262; 

1\1_61_61579.jpg
400 302
198 69 365 206; 201 71 360 208; 201 71 361 212; 201 72 360 207; 208 71 362 219; 200 71 358 207; 201 72 360 206; 201 72 360 206; 201 72 360 206; 

1\1_61_61603.jpg
400 300
140 32 361 276; 145 42 361 275; 166 91 359 281; 144 46 358 275; 164 86 351 255; 144 42 359 274; 145 42 358 274; 145 44 358 276; 145 42 358 274; 

1\1_61_61640.jpg
400 320
112 39 373 295; 111 50 373 297; 117 53 370 295; 111 53 372 295; 94 61 375 282; 114 51 371 293; 111 51 371 295; 111 53 371 294; 111 51 371 295; 

1\1_61_61668.jpg
320 400
110 115 305 387; 108 120 308 391; 109 121 307 384; 109 120 308 390; 117 108 293 350; 111 119 302 385; 108 120 243 290; 109 120 308 389; 108 120 302 389; 

1\1_61_61767.jpg
400 347
125 19 272 329; 125 19 269 328; 124 18 270 329; 127 20 269 326; 133 22 276 326; 127 20 269 328; 198 187 265 255; 126 20 268 327; 125 20 269 326; 

1\1_61_61845.jpg
400 242
69 8 328 225; 72 5 326 231; 74 5 328 229; 74 5 326 232; 71 4 322 229; 74 6 324 232; 126 47 269 174; 74 6 324 230; 126 46 269 174; 

1\1_61_61911.jpg
399 260
148 2 335 251; 146 0 332 237; 144 2 376 258; 148 2 334 237; 145 0 332 256; 148 1 333 239; 147 0 332 235; 146 1 332 238; 147 0 332 235; 

1\1_62_62065.jpg
400 268
73 55 269 207; 72 55 272 209; 72 52 269 208; 71 54 271 208; 72 55 272 211; 73 54 273 209; 72 55 272 209; 71 54 271 210; 72 55 272 209; 

1\1_62_62066.jpg
300 400
42 50 237 364; 40 48 234 365; 43 25 234 364; 42 43 233 364; 28 26 242 367; 41 46 236 363; 62 47 234 232; 42 46 234 366; 61 47 234 232; 

1\1_62_62467.jpg
320 400
72 44 228 282; 74 52 223 283; 74 51 227 286; 71 48 224 284; 72 52 226 285; 71 50 226 286; 72 49 224 285; 74 52 224 284; 72 48 223 285; 

1\1_62_62514.jpg
400 283
121 79 251 188; 123 78 251 188; 124 76 252 187; 123 79 249 189; 127 75 248 185; 125 79 249 189; 123 79 249 189; 124 79 251 189; 123 79 249 189; 

1\1_62_62798.jpg
284 400
57 45 267 298; 59 47 266 292; 63 46 282 400; 60 51 266 289; 61 48 267 293; 61 49 266 293; 61 52 265 289; 61 50 266 291; 61 52 265 289; 

1\1_62_62852.jpg
399 386
83 10 311 367; 85 10 311 365; 85 11 308 370; 86 10 309 361; 87 9 315 367; 85 12 308 366; 159 10 219 87; 85 11 310 362; 86 10 309 365; 

1\1_62_62861.jpg
400 283
39 46 314 186; 39 48 312 186; 38 46 312 186; 39 48 313 184; 43 47 312 183; 37 48 313 184; 38 48 312 184; 39 48 313 184; 38 48 312 184; 

1\1_63_63034.jpg
400 209
92 2 294 207; 97 3 296 204; 102 0 306 209; 105 1 298 206; 103 1 302 208; 91 1 300 200; 164 107 246 209; 101 0 299 209; 126 22 277 209; 

1\1_63_63150.jpg
400 300
62 11 287 251; 63 9 289 254; 64 9 289 249; 61 9 288 254; 64 11 282 244; 66 10 287 249; 62 9 288 252; 61 9 288 254; 62 9 288 252; 

1\1_63_63372.jpg
400 266
4 118 254 255; 7 118 253 254; 6 120 247 258; 10 118 254 254; 2 120 256 250; 8 118 254 256; 9 117 256 254; 9 118 254 254; 9 117 256 254; 

1\1_63_63377.jpg
400 299
119 42 301 200; 122 42 299 194; 123 42 296 194; 123 44 298 194; 132 39 301 193; 123 44 300 194; 122 42 298 193; 125 46 299 194; 122 42 298 193; 

1\1_63_63398.jpg
400 298
68 80 308 212; 68 82 310 211; 70 84 309 210; 66 82 309 210; 71 82 308 207; 69 83 305 211; 67 82 309 209; 68 82 309 211; 67 82 309 209; 

1\1_63_63410.jpg
234 350
46 26 196 240; 53 28 198 240; 20 28 194 339; 53 28 197 238; 52 25 200 234; 52 28 196 240; 51 28 196 238; 54 28 196 238; 51 28 196 238; 

1\1_63_63411.jpg
400 300
135 16 295 149; 136 19 296 153; 137 21 297 152; 138 20 295 150; 135 19 288 150; 137 22 298 149; 136 18 296 151; 137 17 295 152; 136 20 296 151; 

1\1_63_63499.jpg
266 400
49 58 234 265; 50 60 239 264; 50 62 236 261; 50 64 239 259; 53 58 232 264; 50 58 238 262; 51 60 236 262; 51 61 238 262; 51 60 236 262; 

1\1_63_63566.jpg
400 297
30 141 362 282; 32 142 361 279; 36 140 356 280; 33 141 359 282; 26 139 359 279; 31 142 359 282; 33 141 360 281; 31 141 359 279; 33 141 360 281; 

1\1_63_63567.jpg
400 253
73 44 373 201; 71 46 376 202; 71 44 377 195; 71 46 376 198; 92 50 379 201; 68 46 378 200; 160 61 313 161; 73 47 374 196; 100 57 313 161; 

1\1_63_63592.jpg
400 270
107 24 300 213; 107 27 298 209; 108 26 298 209; 106 27 297 206; 99 31 301 205; 106 27 297 207; 106 27 298 206; 105 26 299 207; 106 27 298 206; 

1\1_63_63633.jpg
400 300
172 29 273 275; 171 31 271 270; 171 33 273 269; 171 31 271 273; 170 34 272 270; 170 33 271 273; 172 30 270 272; 171 32 270 272; 172 30 270 272; 

1\1_63_63720.jpg
400 303
107 86 293 271; 106 88 289 268; 104 89 289 264; 108 89 287 268; 104 91 288 268; 108 89 288 270; 108 88 287 268; 108 89 288 268; 108 88 287 268; 

1\1_64_64053.jpg
266 400
33 49 218 253; 36 49 219 254; 36 50 218 357; 37 51 216 252; 36 52 214 239; 38 51 216 251; 36 51 216 251; 85 52 163 119; 36 51 216 251; 

1\1_64_64272.jpg
400 300
30 121 252 275; 31 122 251 270; 33 122 246 266; 31 124 250 269; 36 121 250 270; 32 118 251 277; 29 123 249 271; 31 123 250 268; 29 123 249 271; 

1\1_64_64480.jpg
400 266
11 59 316 266; 1 58 323 266; 0 54 319 266; 1 56 322 266; 24 106 267 260; 0 57 322 266; 25 103 188 229; 0 61 305 266; 25 75 188 229; 

1\1_64_64709.jpg
400 222
7 20 234 173; 7 17 238 175; 7 15 238 177; 5 17 237 177; 7 24 237 177; 9 19 235 179; 5 17 237 176; 8 18 239 177; 5 17 237 176; 

1\1_64_64723.jpg
391 400
82 33 323 328; 87 38 325 329; 85 41 322 323; 86 38 318 328; 87 31 319 325; 84 37 319 326; 86 39 316 327; 86 38 317 327; 86 39 316 327; 

1\1_64_64815.jpg
300 400
75 91 228 284; 76 92 230 296; 81 91 228 284; 78 91 230 294; 94 107 228 276; 78 92 228 282; 77 91 230 296; 77 92 229 278; 77 91 230 296; 

1\1_64_64878.jpg
300 400
72 91 255 315; 66 86 249 314; 70 90 251 314; 69 86 249 312; 92 102 220 298; 69 86 249 312; 67 85 250 313; 96 108 223 296; 67 85 250 313; 

1\1_64_64891.jpg
400 276
66 45 335 194; 70 43 331 192; 72 44 331 189; 71 44 329 191; 74 35 328 181; 68 44 328 189; 69 44 329 191; 70 44 329 191; 69 44 329 191; 

1\1_64_64938.jpg
320 400
94 132 303 300; 95 134 302 301; 97 135 299 303; 96 136 301 300; 106 130 291 292; 94 134 301 302; 95 136 301 299; 95 136 301 300; 95 136 301 299; 

1\1_65_65200.jpg
400 266
82 14 337 242; 86 16 337 242; 91 18 334 241; 86 17 336 241; 89 19 333 241; 88 17 338 240; 87 17 338 241; 86 18 336 241; 87 17 338 241; 

1\1_65_65241.jpg
266 400
94 141 240 348; 85 139 242 349; 93 140 242 348; 92 139 241 348; 101 145 241 343; 94 138 241 348; 92 138 241 348; 92 139 241 348; 92 138 241 348; 

1\1_65_65292.jpg
400 364
91 121 312 343; 93 122 313 340; 94 123 311 340; 95 121 310 338; 92 125 309 339; 93 121 311 336; 95 122 311 338; 95 123 310 339; 95 122 311 338; 

1\1_65_65437.jpg
400 316
96 43 349 294; 96 42 347 291; 97 41 347 288; 98 42 347 292; 104 43 349 276; 102 41 347 293; 97 42 347 292; 98 43 347 291; 97 42 347 292; 

1\1_65_65742.jpg
400 300
59 81 363 210; 59 74 364 208; 58 75 359 209; 61 74 362 206; 58 74 364 204; 58 76 363 208; 60 74 362 206; 59 74 364 206; 60 74 362 206; 

1\1_65_65743.jpg
349 400
92 95 188 351; 90 97 185 351; 90 96 187 347; 90 96 184 350; 86 101 187 357; 91 97 186 349; 90 96 184 351; 90 96 185 349; 90 96 184 351; 

1\1_65_65815.jpg
400 260
168 103 339 227; 166 104 342 222; 166 106 337 224; 168 102 341 221; 167 101 340 221; 169 102 342 221; 166 102 341 220; 167 102 341 220; 166 102 341 220; 

1\1_65_65819.jpg
320 399
72 70 178 369; 71 73 178 368; 73 75 174 365; 73 73 178 365; 67 77 180 359; 71 73 177 365; 73 74 178 366; 73 73 178 366; 73 74 178 366; 

1\1_65_65838.jpg
400 254
20 99 328 230; 25 99 333 232; 24 100 329 233; 25 100 331 233; 18 102 334 220; 25 100 331 232; 22 99 331 232; 24 101 331 232; 22 99 331 232; 

1\1_65_65856.jpg
286 399
43 141 283 300; 43 140 280 303; 45 140 279 299; 46 141 282 301; 36 137 268 294; 46 138 280 302; 43 140 280 300; 46 142 280 299; 43 140 280 304; 

1\1_65_65859.jpg
341 399
6 191 314 349; 9 192 332 349; 9 190 329 341; 8 192 333 353; 12 189 317 338; 9 191 332 349; 8 192 332 352; 8 192 332 351; 8 192 332 352; 

1\1_65_65864.jpg
272 399
54 119 240 326; 49 121 238 324; 52 119 239 325; 50 121 238 324; 46 110 245 307; 50 121 240 325; 49 121 239 324; 49 121 238 324; 49 121 239 324; 

1\1_65_65984.jpg
400 338
66 32 145 285; 65 30 140 284; 66 31 139 282; 66 32 141 283; 71 44 146 286; 64 32 142 284; 75 32 140 60; 65 31 141 284; 64 32 140 285; 

1\1_65_65994.jpg
341 400
111 14 284 342; 113 15 285 342; 111 15 279 340; 112 20 284 340; 83 24 310 327; 111 16 285 341; 183 143 284 244; 113 16 284 342; 185 143 284 244; 

1\1_66_66017.jpg
400 298
87 26 349 264; 84 28 352 267; 83 32 351 266; 84 29 351 266; 71 37 360 258; 84 28 349 264; 84 29 350 264; 84 29 351 265; 84 29 350 264; 

1\1_66_66053.jpg
400 300
89 116 252 272; 92 114 247 274; 93 116 248 272; 93 116 247 272; 89 109 248 262; 91 114 248 273; 93 116 246 272; 93 118 247 272; 93 116 246 272; 

1\1_66_66111.jpg
400 292
114 14 357 251; 114 14 354 260; 113 12 355 256; 112 14 354 256; 110 16 353 256; 112 14 354 256; 112 13 354 255; 114 15 354 256; 112 13 354 255; 

1\1_66_66201.jpg
400 266
221 48 365 236; 221 48 364 228; 223 48 364 230; 222 48 363 229; 215 44 373 228; 221 48 364 229; 221 48 363 228; 222 48 364 226; 221 48 363 267; 

1\1_66_66209.jpg
400 338
191 109 345 337; 194 99 347 338; 196 105 349 338; 193 106 346 338; 187 106 345 338; 195 107 347 338; 208 105 326 210; 193 105 346 338; 194 105 346 338; 

1\1_66_66254.jpg
400 244
46 98 369 216; 46 100 368 214; 48 100 364 212; 47 100 367 210; 46 99 366 212; 48 99 366 211; 46 100 366 209; 47 99 366 210; 46 100 366 209; 

1\1_66_66552.jpg
268 399
51 178 263 358; 47 178 262 358; 51 179 261 361; 48 178 262 358; 55 181 259 362; 50 178 264 358; 48 178 262 358; 49 180 263 358; 48 178 262 358; 

1\1_66_66598.jpg
400 266
145 8 379 252; 145 18 375 251; 143 16 374 253; 144 2 375 251; 129 14 372 239; 148 18 377 252; 201 65 374 251; 141 13 375 251; 144 14 374 251; 

1\1_66_66640.jpg
400 301
80 74 212 197; 80 75 213 198; 82 74 213 199; 81 74 212 196; 85 72 211 195; 82 74 214 197; 81 74 212 197; 81 75 213 197; 81 74 212 197; 

1\1_66_66667.jpg
400 278
130 28 331 191; 131 31 338 191; 132 30 338 191; 131 28 337 191; 129 34 326 190; 131 30 338 190; 132 31 338 191; 132 29 337 191; 132 31 338 191; 

1\1_66_66696.jpg
400 300
86 108 266 288; 88 107 265 286; 87 109 267 284; 86 107 265 284; 79 103 274 278; 88 108 266 283; 87 107 264 284; 87 108 265 284; 87 107 264 284; 

1\1_66_66821.jpg
400 300
115 83 282 225; 116 81 280 221; 121 82 283 228; 116 82 280 222; 120 78 280 230; 114 82 280 221; 116 82 279 221; 116 83 280 222; 116 82 279 221; 

1\1_66_66889.jpg
400 253
64 56 211 161; 68 56 212 161; 67 56 221 162; 66 56 209 159; 64 58 209 161; 66 56 209 164; 68 55 209 160; 64 56 210 159; 68 54 219 160; 

1\1_66_66903.jpg
400 286
168 31 317 255; 169 29 318 254; 168 31 315 248; 169 31 316 254; 162 32 319 257; 168 32 317 254; 169 32 316 253; 168 31 316 252; 169 32 316 253; 

1\1_66_66940.jpg
400 311
76 37 343 295; 77 36 341 293; 79 36 342 294; 76 36 342 295; 71 32 341 292; 74 32 346 295; 76 36 342 296; 77 38 342 298; 76 36 342 296; 

1\1_66_66941.jpg
400 300
212 33 389 146; 208 34 389 147; 214 33 389 147; 211 35 388 146; 208 34 389 147; 214 34 388 146; 211 35 388 146; 212 34 388 144; 211 35 388 146; 

1\1_66_66979.jpg
393 399
123 230 237 395; 119 231 237 400; 119 231 236 400; 117 232 239 398; 117 232 235 400; 121 232 235 400; 118 232 235 400; 118 233 236 400; 118 232 235 400; 

1\1_66_66988.jpg
400 246
201 64 349 206; 203 65 348 208; 201 66 348 208; 204 66 348 208; 207 62 351 204; 202 65 348 209; 204 66 348 208; 204 66 347 209; 204 66 348 208; 

1\1_67_67033.jpg
400 316
99 16 304 274; 99 16 312 274; 99 19 309 273; 99 16 312 273; 106 15 310 279; 100 16 312 276; 99 16 312 274; 99 15 312 274; 99 16 312 274; 

1\1_67_67050.jpg
400 230
137 102 361 184; 135 102 360 188; 138 101 361 184; 134 102 361 187; 135 102 363 181; 136 101 360 186; 135 101 361 188; 135 102 361 186; 135 101 361 188; 

1\1_67_67163.jpg
377 400
66 54 186 208; 66 53 186 208; 67 51 187 202; 67 52 184 206; 66 51 184 208; 67 55 186 206; 68 54 184 206; 68 54 184 205; 68 54 184 206; 

1\1_67_67165.jpg
286 400
136 61 271 389; 129 61 270 389; 124 61 270 384; 127 61 271 391; 140 61 263 386; 129 61 271 391; 129 61 270 388; 129 62 270 389; 129 61 270 388; 

1\1_67_67202.jpg
400 320
209 24 339 293; 208 24 338 298; 210 26 339 291; 207 25 339 296; 204 26 336 301; 207 24 339 295; 205 24 340 296; 206 25 339 299; 205 24 340 296; 

1\1_67_67219.jpg
400 300
84 12 331 269; 85 13 324 272; 86 14 334 266; 86 14 334 266; 81 9 333 260; 86 11 329 269; 83 12 334 269; 82 12 334 267; 132 48 281 223; 

1\1_67_67339.jpg
260 399
79 108 217 298; 78 106 215 289; 80 110 212 290; 79 108 214 289; 58 130 216 280; 77 108 215 289; 79 110 215 293; 78 107 216 290; 79 110 214 293; 

