500

2\2_67_67381.jpg
300 400
156 41 250 214; 156 44 249 213; 154 42 250 209; 156 43 248 215; 154 44 251 214; 157 43 249 213; 159 44 243 199; 159 44 242 199; 156 44 248 215; 

2\2_67_67412.jpg
400 300
36 29 361 247; 36 40 349 247; 35 42 311 248; 36 38 360 244; 36 19 390 243; 35 38 351 244; 36 39 350 245; 36 39 351 245; 36 39 363 245; 

2\2_67_67426.jpg
299 400
47 201 169 334; 45 205 169 332; 42 204 171 334; 49 204 168 333; 42 207 174 335; 50 203 168 332; 50 206 168 332; 50 206 168 332; 50 206 168 332; 

2\2_67_67911.jpg
282 400
11 36 189 380; 10 38 187 378; 9 39 185 356; 9 39 187 376; 10 39 187 361; 10 39 186 377; 9 39 187 377; 9 39 185 378; 9 39 187 377; 

2\2_67_67978.jpg
400 348
233 131 388 339; 233 135 389 345; 236 139 390 339; 232 132 392 342; 231 135 391 333; 236 132 392 336; 232 132 392 336; 232 134 392 336; 232 132 392 336; 

2\2_68_68009.jpg
400 266
119 70 303 209; 116 73 303 203; 115 74 303 201; 117 72 302 205; 116 64 300 203; 116 71 303 203; 118 71 302 203; 118 72 302 203; 118 71 302 203; 

2\2_68_68042.jpg
400 290
46 37 235 184; 48 35 235 185; 52 36 234 184; 49 36 233 184; 49 41 236 176; 49 37 232 183; 48 36 233 184; 49 36 233 184; 48 36 233 184; 

2\2_68_68315.jpg
400 300
112 97 331 201; 113 102 332 199; 113 103 334 207; 115 101 333 199; 117 89 337 205; 115 99 333 200; 115 101 333 200; 115 101 333 200; 115 101 333 200; 

2\2_68_68340.jpg
400 303
96 148 379 257; 97 151 376 254; 99 152 376 256; 98 149 378 256; 101 148 376 258; 99 150 377 252; 98 149 376 255; 98 150 376 255; 98 149 376 255; 

2\2_68_68343.jpg
400 291
62 52 294 258; 63 53 291 260; 64 58 291 258; 63 54 295 258; 62 55 286 240; 61 53 292 259; 63 54 296 258; 63 54 296 258; 63 54 296 258; 

2\2_68_68401.jpg
400 266
46 60 371 233; 46 60 371 236; 48 63 367 236; 48 61 371 235; 51 52 369 230; 49 61 371 235; 48 61 371 235; 48 61 371 235; 48 61 371 235; 

2\2_68_68592.jpg
400 300
74 52 308 273; 72 56 306 269; 74 58 306 274; 71 58 307 281; 79 66 310 269; 71 58 307 279; 72 58 307 282; 72 58 307 282; 72 58 307 282; 

2\2_68_68593.jpg
400 300
109 60 306 256; 107 59 306 256; 109 58 305 255; 111 59 304 252; 102 59 309 259; 110 59 304 253; 111 59 304 252; 111 59 304 252; 111 59 304 252; 

2\2_68_68614.jpg
400 268
148 62 338 225; 150 63 337 236; 151 63 338 234; 151 64 338 237; 150 64 339 236; 150 64 336 236; 151 62 337 235; 151 62 338 235; 151 62 337 235; 

2\2_68_68615.jpg
391 400
21 139 260 384; 20 141 259 382; 20 144 259 382; 20 141 260 382; 19 142 261 381; 19 141 260 382; 19 141 260 382; 21 141 260 381; 19 141 260 382; 

2\2_68_68619.jpg
300 400
92 52 218 379; 92 51 212 381; 94 51 216 375; 94 51 210 379; 92 52 218 375; 94 56 216 378; 93 51 211 381; 93 51 211 381; 93 51 211 381; 

2\2_68_68620.jpg
400 300
127 64 349 297; 123 62 357 300; 128 64 356 300; 124 63 357 299; 121 64 358 299; 132 64 358 299; 125 62 356 300; 125 62 355 300; 188 64 268 152; 

2\2_68_68707.jpg
400 267
188 36 342 169; 189 38 339 166; 193 39 339 162; 191 38 338 167; 191 38 339 166; 190 38 338 166; 190 38 338 167; 190 38 338 167; 190 38 338 167; 

2\2_68_68825.jpg
399 293
8 125 91 292; 5 125 89 294; 3 124 85 294; 7 127 88 292; 6 127 87 292; 8 125 88 293; 6 126 88 294; 6 126 88 294; 6 126 88 294; 

2\2_68_68857.jpg
400 300
55 44 254 284; 54 43 249 283; 51 44 249 275; 54 43 249 281; 53 42 248 279; 54 43 249 281; 54 44 248 281; 54 44 248 281; 54 44 248 281; 

2\2_68_68928.jpg
400 320
109 103 358 303; 116 106 358 302; 118 107 356 303; 115 107 364 303; 113 107 359 304; 114 108 359 304; 115 106 363 302; 115 106 363 302; 115 106 363 302; 

2\2_68_68931.jpg
320 400
32 51 302 261; 34 52 288 258; 39 51 289 252; 32 52 300 261; 39 49 297 249; 34 52 299 259; 31 52 298 259; 31 52 298 261; 31 52 298 259; 

2\2_68_68932.jpg
400 320
183 79 317 194; 183 84 316 191; 186 82 312 194; 182 79 316 190; 184 68 316 195; 188 83 317 190; 184 84 318 191; 184 84 318 191; 184 84 318 191; 

2\2_69_69141.jpg
399 307
40 54 147 203; 39 55 147 205; 42 56 146 202; 42 55 147 203; 40 53 151 207; 43 55 146 205; 41 55 156 198; 41 55 156 199; 41 55 156 198; 

2\2_69_69152.jpg
400 329
151 62 338 246; 156 64 336 244; 156 66 334 251; 156 66 335 249; 161 68 336 241; 156 65 334 245; 156 65 334 244; 156 65 334 244; 156 65 334 244; 

2\2_69_69224.jpg
400 320
133 17 338 303; 135 19 336 299; 141 17 335 301; 138 18 335 301; 138 18 340 299; 137 17 335 299; 137 17 335 299; 137 17 335 299; 137 17 335 299; 

2\2_69_69370.jpg
400 260
32 29 308 161; 31 27 309 162; 33 27 311 157; 33 28 308 160; 33 22 308 163; 35 29 309 161; 33 29 309 159; 33 29 308 159; 33 29 309 159; 

2\2_69_69372.jpg
400 350
169 37 333 322; 173 36 328 323; 171 33 321 321; 173 37 328 323; 169 36 333 322; 175 37 328 324; 173 36 325 323; 173 36 325 323; 173 36 325 323; 

2\2_69_69490.jpg
320 400
30 58 289 314; 32 58 290 313; 32 60 286 310; 32 60 288 311; 37 57 289 311; 34 59 289 312; 32 59 288 312; 32 59 288 312; 32 59 288 312; 

2\2_69_69494.jpg
400 266
109 46 384 240; 111 48 379 246; 109 47 368 221; 111 48 380 248; 110 48 384 243; 111 47 379 247; 111 46 379 246; 111 46 379 246; 111 46 379 246; 

2\2_69_69499.jpg
400 338
79 62 318 275; 78 66 318 276; 76 62 315 275; 79 65 318 274; 74 56 328 300; 73 49 319 287; 78 66 316 274; 78 66 318 274; 78 66 317 274; 

2\2_69_69606.jpg
400 293
140 49 277 181; 136 51 281 181; 142 54 280 180; 139 52 277 181; 145 53 283 186; 139 52 277 181; 139 52 278 180; 139 52 277 180; 139 52 278 180; 

2\2_69_69612.jpg
275 400
31 23 169 262; 28 21 168 263; 31 21 167 255; 30 22 167 261; 15 21 173 259; 28 23 167 260; 29 21 167 261; 29 21 167 261; 29 21 167 261; 

2\2_69_69648.jpg
400 266
62 36 306 173; 59 38 299 169; 58 42 298 169; 59 39 299 168; 65 40 304 172; 61 38 300 168; 59 40 298 168; 59 39 298 168; 59 40 298 168; 

2\2_69_69666.jpg
400 266
74 122 364 218; 76 122 362 216; 77 121 359 218; 76 121 361 215; 71 114 357 208; 77 122 362 216; 76 122 361 215; 76 122 360 216; 76 122 361 215; 

2\2_69_69781.jpg
400 372
35 69 192 363; 38 74 191 365; 38 81 191 362; 37 75 192 366; 36 75 194 364; 38 75 191 372; 37 75 191 368; 38 75 191 368; 37 75 191 368; 

2\2_69_69802.jpg
400 320
99 10 306 318; 99 9 305 309; 99 13 305 320; 99 11 306 320; 98 11 308 319; 99 11 309 320; 98 11 307 320; 98 11 304 320; 98 11 307 320; 

2\2_69_69903.jpg
400 300
52 9 294 297; 49 1 297 300; 56 4 292 299; 51 1 293 298; 51 1 292 294; 54 0 326 298; 103 1 326 208; 52 1 326 300; 52 1 326 300; 

2\2_69_69989.jpg
400 247
45 8 312 208; 44 9 311 201; 51 16 309 200; 44 9 310 201; 46 11 309 202; 42 8 309 201; 42 8 310 200; 42 8 310 200; 42 8 310 200; 

2\2_70_70132.jpg
400 295
195 66 344 291; 195 62 345 295; 200 66 347 295; 196 66 344 295; 198 63 342 294; 196 65 344 295; 195 62 344 295; 195 62 344 295; 195 62 344 295; 

2\2_70_70211.jpg
400 310
96 98 346 244; 96 97 351 245; 96 101 347 242; 96 99 349 244; 101 102 340 246; 98 99 349 245; 97 98 349 243; 97 98 349 243; 97 98 349 243; 

2\2_70_70242.jpg
400 266
101 22 375 187; 98 22 375 186; 126 60 376 181; 100 21 374 184; 111 58 372 185; 111 22 374 184; 101 21 374 183; 101 21 374 183; 101 21 374 183; 

2\2_70_70269.jpg
400 300
73 0 198 147; 67 1 201 149; 68 0 199 139; 66 0 199 148; 69 0 201 142; 68 0 199 148; 67 0 199 148; 67 0 199 148; 67 0 199 148; 

2\2_70_70304.jpg
400 266
228 37 380 192; 228 36 381 192; 226 36 376 189; 228 38 379 189; 231 34 381 189; 226 37 379 189; 228 36 379 190; 228 36 379 190; 228 36 379 190; 

2\2_70_70320.jpg
400 320
129 48 359 262; 131 49 358 268; 132 49 354 272; 131 49 358 276; 131 51 354 270; 130 48 359 268; 131 49 358 269; 131 49 358 269; 131 49 358 269; 

2\2_70_70531.jpg
400 300
201 68 370 218; 202 67 368 219; 199 69 370 220; 202 68 368 220; 204 68 369 216; 199 66 368 220; 202 68 368 220; 202 68 368 220; 202 68 368 220; 

2\2_70_70577.jpg
400 266
42 22 361 207; 41 23 364 207; 43 25 359 206; 42 26 360 204; 44 22 351 206; 41 25 360 202; 42 25 359 203; 42 25 359 203; 42 25 359 203; 

2\2_70_70587.jpg
400 286
62 14 318 276; 67 19 319 273; 64 17 317 274; 69 18 313 272; 76 21 315 272; 66 18 321 272; 68 19 313 272; 68 19 313 274; 68 19 313 272; 

2\2_70_70604.jpg
399 191
281 9 378 189; 282 9 381 191; 286 10 378 191; 281 11 380 190; 282 9 379 191; 286 10 381 191; 282 10 379 191; 282 10 379 191; 282 10 379 191; 

2\2_70_70612.jpg
400 279
116 63 351 214; 116 64 351 222; 121 68 349 209; 118 66 350 221; 119 66 352 216; 116 66 353 212; 116 66 352 219; 116 66 352 221; 116 66 352 219; 

2\2_70_70640.jpg
400 266
121 62 387 261; 115 63 386 266; 126 63 387 266; 118 64 384 266; 125 69 386 225; 126 63 384 266; 118 64 383 266; 118 64 384 266; 118 64 383 266; 

2\2_70_70669.jpg
400 300
64 18 341 258; 64 22 339 261; 66 21 338 270; 66 20 341 274; 65 19 339 265; 66 19 339 270; 65 18 341 276; 65 18 341 274; 65 19 341 276; 

2\2_70_70693.jpg
400 320
100 34 373 291; 99 36 374 292; 99 36 366 284; 99 36 373 292; 99 38 371 290; 99 36 372 291; 99 37 372 291; 99 37 372 291; 99 37 372 291; 

2\2_70_70761.jpg
400 265
111 57 278 239; 109 61 279 238; 117 61 275 239; 111 61 278 236; 112 61 282 236; 111 60 277 236; 110 61 278 236; 110 61 278 236; 110 61 278 236; 

2\2_70_70783.jpg
400 300
62 97 388 278; 62 98 387 277; 59 97 383 272; 62 98 387 279; 59 95 386 275; 62 98 387 278; 62 98 388 278; 62 98 388 278; 62 98 388 278; 

2\2_70_70803.jpg
293 400
144 198 264 341; 145 199 261 338; 148 201 256 332; 146 200 260 338; 136 200 262 336; 145 201 261 336; 146 201 260 338; 145 201 260 338; 146 201 260 338; 

2\2_70_70863.jpg
400 237
15 80 228 193; 16 78 229 197; 18 79 221 189; 18 79 227 196; 17 77 232 198; 18 78 226 196; 18 78 228 198; 18 78 228 196; 18 78 228 198; 

2\2_70_70895.jpg
266 400
82 39 239 227; 81 39 238 228; 80 39 238 230; 82 38 238 228; 79 41 234 229; 81 38 238 228; 81 38 238 228; 81 38 238 228; 81 38 238 228; 

2\2_70_70915.jpg
400 245
218 101 338 244; 217 101 337 245; 216 101 335 245; 219 102 336 244; 216 102 338 245; 219 102 336 245; 219 102 336 245; 219 102 336 245; 219 102 336 245; 

2\2_70_70926.jpg
266 400
31 98 168 338; 29 99 164 336; 34 97 155 338; 29 99 165 332; 33 100 161 365; 31 154 166 339; 29 100 159 362; 29 100 166 362; 29 100 166 362; 

2\2_70_70943.jpg
188 400
61 218 187 399; 58 211 188 398; 57 217 186 399; 58 210 186 399; 56 209 176 343; 61 212 149 352; 62 212 148 400; 61 209 148 400; 106 1 139 151; 

2\2_71_71085.jpg
400 266
92 121 282 256; 93 118 281 261; 94 118 277 259; 94 119 279 259; 97 108 277 264; 94 118 279 258; 94 120 278 258; 94 120 278 258; 94 120 278 258; 

2\2_71_71115.jpg
276 400
49 46 178 361; 45 48 174 367; 47 51 174 357; 46 49 175 368; 47 48 174 355; 46 48 176 359; 47 48 175 366; 47 48 175 366; 47 48 175 366; 

2\2_71_71150.jpg
148 400
7 152 92 374; 5 154 91 376; 8 152 92 374; 6 154 91 374; 6 152 90 378; 5 153 92 375; 6 154 90 374; 6 154 90 374; 6 154 90 374; 

2\2_71_71279.jpg
191 400
51 5 151 376; 52 5 149 376; 50 5 149 375; 52 7 148 378; 54 8 147 382; 52 7 148 378; 52 6 148 382; 52 6 147 387; 52 6 148 382; 

2\2_71_71449.jpg
400 300
44 38 351 269; 43 36 349 269; 49 36 349 261; 44 35 348 266; 44 38 345 266; 46 35 347 268; 44 36 348 265; 44 36 348 265; 44 36 348 265; 

2\2_71_71631.jpg
400 266
104 4 301 251; 103 18 298 252; 105 17 301 252; 103 18 297 252; 101 14 299 251; 103 17 298 252; 104 18 296 252; 104 18 296 252; 104 18 296 252; 

2\2_71_71632.jpg
400 266
111 24 257 240; 106 26 254 240; 116 27 252 249; 109 27 254 241; 115 28 252 244; 109 25 252 242; 108 24 251 242; 108 24 251 242; 108 24 251 242; 

2\2_71_71768.jpg
400 266
144 146 301 266; 141 145 301 266; 144 147 300 266; 142 146 302 265; 141 144 301 263; 142 146 302 266; 142 146 302 266; 142 146 302 266; 142 146 302 266; 

2\2_71_71771.jpg
319 400
47 112 276 330; 49 114 276 328; 48 114 275 331; 48 115 275 332; 47 111 277 334; 49 115 276 346; 48 114 275 332; 48 114 275 332; 48 116 275 332; 

2\2_71_71951.jpg
399 265
108 38 294 222; 106 37 292 222; 113 40 290 224; 108 39 291 221; 106 40 291 223; 108 38 291 220; 109 37 290 221; 109 39 290 221; 109 37 290 221; 

2\2_72_72069.jpg
320 400
61 99 186 352; 54 102 187 357; 54 103 188 359; 56 103 187 358; 55 101 191 358; 55 103 187 356; 54 102 187 366; 54 102 187 366; 54 102 187 366; 

2\2_72_72074.jpg
320 400
80 81 202 361; 81 84 203 370; 82 85 205 366; 84 85 204 371; 87 84 202 364; 82 84 204 370; 82 85 203 370; 82 85 203 370; 82 85 203 370; 

2\2_72_72102.jpg
321 399
94 237 225 350; 93 237 225 346; 94 236 227 346; 96 237 225 346; 96 234 227 356; 96 238 224 343; 97 238 226 346; 97 238 226 346; 97 238 226 346; 

2\2_72_72152.jpg
320 400
104 175 218 389; 105 174 217 389; 106 176 218 389; 108 177 216 388; 102 172 225 387; 107 178 215 386; 107 177 216 393; 107 177 216 393; 107 177 216 392; 

2\2_72_72319.jpg
275 400
12 135 229 298; 14 135 230 292; 14 132 229 292; 14 132 231 291; 21 129 226 291; 14 134 230 292; 12 129 231 292; 14 129 231 292; 12 129 231 292; 

2\2_72_72352.jpg
400 266
180 37 366 259; 181 36 366 260; 181 37 364 259; 181 36 364 259; 179 31 366 256; 182 36 364 259; 182 36 364 260; 182 36 364 260; 182 36 364 260; 

2\2_72_72377.jpg
400 300
131 42 335 245; 127 41 334 246; 128 41 334 246; 128 41 334 246; 136 46 334 237; 129 42 332 245; 128 42 333 246; 128 42 333 246; 128 42 333 246; 

2\2_72_72453.jpg
400 300
52 37 239 300; 48 39 239 300; 50 38 241 300; 51 40 239 300; 52 39 239 298; 51 39 240 300; 51 39 240 300; 51 39 240 300; 51 39 240 300; 

2\2_72_72562.jpg
400 300
82 135 292 300; 81 137 296 300; 81 138 210 289; 82 138 295 300; 83 138 294 300; 84 138 296 300; 82 137 295 300; 82 137 295 300; 82 137 295 300; 

2\2_72_72593.jpg
400 300
127 68 268 234; 125 70 268 232; 123 70 270 232; 128 71 268 232; 118 69 265 238; 128 72 268 239; 127 72 268 248; 127 72 268 242; 127 71 268 244; 

2\2_72_72714.jpg
266 400
64 115 207 317; 71 116 204 316; 70 117 198 191; 65 117 205 313; 53 113 226 336; 64 118 206 315; 64 117 205 315; 71 117 197 191; 64 117 205 314; 

2\2_72_72747.jpg
320 400
47 75 268 294; 58 75 268 300; 49 78 264 294; 48 74 266 298; 54 82 254 277; 47 76 266 296; 48 77 267 297; 48 77 267 297; 48 77 267 297; 

2\2_72_72778.jpg
320 400
91 51 233 393; 91 54 230 400; 92 54 230 400; 94 54 231 399; 85 56 237 399; 95 54 230 400; 94 54 230 400; 94 54 230 400; 94 54 230 400; 

2\2_72_72940.jpg
255 400
49 112 192 347; 49 112 194 348; 50 115 191 346; 49 112 191 347; 57 90 187 327; 48 113 191 347; 48 115 191 347; 48 111 191 347; 48 115 191 347; 

2\2_73_73034.jpg
400 259
129 19 353 250; 125 5 351 249; 129 5 353 248; 127 3 350 247; 130 7 350 241; 128 5 351 247; 127 3 351 247; 128 3 351 247; 127 3 349 247; 

2\2_73_73091.jpg
400 271
102 36 316 249; 101 39 315 261; 101 37 312 262; 102 39 312 261; 92 41 315 234; 100 37 317 264; 129 41 282 153; 108 38 284 181; 112 41 282 160; 

2\2_73_73097.jpg
266 400
29 65 176 362; 31 49 175 356; 28 51 173 327; 31 52 175 360; 25 55 173 334; 29 52 174 355; 31 49 174 359; 31 49 175 359; 31 49 174 359; 

2\2_73_73123.jpg
400 267
117 135 287 250; 119 134 281 252; 120 136 282 252; 119 135 291 250; 118 134 284 245; 120 136 289 251; 119 134 292 250; 119 134 292 250; 119 134 291 250; 

2\2_73_73225.jpg
400 300
106 91 246 288; 106 91 247 292; 106 98 245 289; 108 91 244 296; 107 83 238 292; 107 92 244 291; 181 92 242 151; 106 92 242 296; 107 92 242 295; 

2\2_73_73260.jpg
400 340
53 69 315 304; 53 71 313 302; 53 72 311 301; 53 71 312 311; 48 63 314 308; 53 70 312 309; 54 71 312 311; 54 71 312 311; 54 71 312 311; 

2\2_73_73453.jpg
400 318
212 108 368 314; 212 108 369 317; 214 110 359 296; 214 109 368 317; 205 108 348 282; 214 108 374 319; 215 109 369 319; 215 109 366 294; 215 109 369 319; 

2\2_73_73493.jpg
302 400
164 178 285 380; 167 175 282 380; 169 177 283 380; 168 175 281 378; 167 183 282 364; 168 176 280 380; 169 175 281 379; 169 175 281 379; 169 175 281 379; 

2\2_73_73494.jpg
400 305
176 102 387 251; 175 104 389 249; 176 105 387 248; 176 104 388 248; 181 100 392 252; 179 104 388 248; 176 104 388 247; 176 104 388 247; 176 104 388 247; 

2\2_73_73629.jpg
400 301
71 156 330 266; 71 161 329 266; 73 161 329 264; 72 162 328 265; 60 145 332 259; 72 163 328 265; 71 162 329 266; 71 162 329 266; 71 162 329 266; 

2\2_73_73776.jpg
399 299
21 11 130 190; 22 12 129 184; 26 12 127 186; 22 12 128 189; 19 11 146 219; 22 10 128 183; 22 11 128 188; 22 12 128 188; 22 11 128 188; 

2\2_73_73838.jpg
400 320
52 57 356 257; 53 58 355 258; 60 59 354 256; 51 58 358 256; 68 72 359 255; 68 58 356 254; 98 58 228 179; 52 58 358 259; 68 58 361 257; 

2\2_73_73901.jpg
266 400
82 117 187 248; 79 115 184 249; 80 121 188 249; 81 121 186 249; 66 121 198 258; 80 122 188 250; 82 121 185 248; 81 121 185 248; 82 121 185 248; 

2\2_74_74023.jpg
400 266
101 87 365 176; 101 89 369 177; 103 90 365 177; 103 90 370 176; 108 84 378 177; 103 90 368 175; 103 90 371 175; 103 90 371 175; 103 90 371 175; 

2\2_74_74056.jpg
400 247
62 51 362 211; 57 49 365 207; 96 51 368 203; 56 50 365 209; 61 44 370 202; 67 52 367 211; 89 51 364 205; 56 51 364 210; 57 51 364 210; 

2\2_74_74096.jpg
312 400
95 158 229 394; 98 157 224 399; 95 158 224 400; 98 158 224 400; 76 160 243 399; 97 158 225 397; 96 161 224 400; 96 161 223 385; 96 159 224 400; 

2\2_74_74102.jpg
298 400
124 172 252 359; 125 174 252 361; 123 174 253 362; 124 173 252 362; 125 172 264 356; 122 174 253 361; 124 174 251 361; 124 174 251 361; 124 174 251 361; 

2\2_74_74124.jpg
400 299
100 107 221 278; 101 108 224 279; 104 111 219 275; 101 109 223 278; 99 106 229 274; 99 109 220 279; 102 108 219 278; 102 108 219 278; 102 108 219 278; 

2\2_74_74166.jpg
400 281
138 74 306 168; 138 78 309 169; 139 79 306 169; 139 79 305 168; 144 76 306 172; 139 78 306 169; 139 78 306 169; 139 78 306 171; 139 78 306 169; 

2\2_74_74171.jpg
400 300
8 76 392 218; 8 71 391 222; 8 72 391 216; 8 70 392 225; 8 74 388 209; 8 71 391 219; 8 71 391 226; 8 71 392 226; 8 71 391 226; 

2\2_74_74172.jpg
400 284
43 75 364 270; 38 76 363 278; 38 78 362 276; 40 76 363 277; 42 72 365 265; 41 76 363 278; 40 76 363 278; 40 76 363 280; 40 76 363 278; 

2\2_74_74193.jpg
390 400
113 32 360 366; 109 32 363 372; 112 32 361 364; 118 32 361 370; 129 34 364 366; 112 32 362 371; 116 33 361 371; 116 32 362 371; 116 33 361 371; 

2\2_74_74275.jpg
400 269
213 30 389 193; 214 29 389 191; 275 31 389 180; 214 30 389 192; 217 25 386 183; 213 30 388 192; 215 30 389 192; 215 30 389 192; 215 30 389 192; 

2\2_74_74293.jpg
400 300
135 55 384 283; 134 62 382 279; 134 63 379 277; 136 62 381 279; 136 58 366 269; 133 63 381 278; 134 62 382 277; 134 62 382 277; 134 62 382 277; 

2\2_74_74294.jpg
400 298
144 44 211 274; 143 43 215 274; 142 42 212 276; 143 44 214 274; 142 27 221 291; 144 44 214 274; 143 44 214 276; 143 44 214 276; 143 44 214 276; 

2\2_74_74361.jpg
400 300
39 74 378 278; 37 85 382 279; 33 86 352 278; 36 86 379 282; 38 86 361 264; 36 87 381 276; 211 86 379 178; 211 86 379 178; 37 86 379 282; 

2\2_74_74385.jpg
400 240
169 77 383 205; 170 83 379 206; 170 81 382 201; 169 82 381 203; 170 71 388 218; 167 82 381 206; 169 82 381 204; 169 82 381 204; 169 82 381 204; 

2\2_74_74448.jpg
400 320
15 79 363 298; 14 83 361 308; 14 84 362 290; 12 81 360 308; 32 87 350 275; 12 82 361 302; 12 82 360 308; 12 82 361 308; 126 171 309 234; 

2\2_74_74478.jpg
400 266
22 18 300 229; 24 19 294 228; 23 19 295 228; 24 13 294 229; 33 26 294 228; 23 18 294 232; 22 15 294 231; 22 26 294 231; 22 15 294 231; 

2\2_74_74515.jpg
300 400
75 82 271 375; 71 84 272 368; 59 33 268 375; 68 85 270 383; 59 78 271 378; 59 29 270 372; 79 86 163 154; 79 86 239 248; 69 86 267 354; 

2\2_74_74560.jpg
400 303
35 176 177 274; 36 178 177 272; 36 180 176 270; 36 179 176 272; 44 169 181 275; 38 179 173 273; 36 179 176 272; 36 179 176 272; 36 179 176 272; 

2\2_74_74641.jpg
400 300
128 41 267 225; 128 45 268 229; 128 45 267 229; 126 45 267 231; 113 43 272 226; 126 45 267 228; 126 44 268 228; 126 44 268 228; 126 44 268 228; 

2\2_74_74722.jpg
261 400
50 25 201 226; 52 22 197 224; 51 21 196 218; 53 21 196 222; 60 11 197 224; 48 20 197 221; 51 19 195 222; 51 17 195 222; 36 14 204 222; 

2\2_74_74783.jpg
389 399
44 65 348 340; 45 64 345 342; 132 111 259 230; 43 57 345 342; 57 48 338 330; 44 62 345 340; 135 106 260 226; 135 106 260 227; 42 58 345 342; 

2\2_74_74876.jpg
400 300
52 17 299 281; 48 20 296 287; 130 114 218 200; 47 21 299 289; 55 22 294 288; 127 115 222 202; 47 22 298 288; 48 22 298 288; 47 22 298 288; 

2\2_74_74879.jpg
400 264
24 20 365 177; 23 20 364 172; 143 20 364 169; 22 19 363 177; 41 26 358 170; 23 19 362 173; 24 19 364 172; 24 19 364 173; 24 19 364 173; 

2\2_74_74953.jpg
400 266
77 74 327 250; 76 75 326 252; 82 76 330 254; 78 78 327 254; 62 77 333 247; 78 75 326 253; 77 78 326 252; 77 78 326 252; 78 14 326 252; 

2\2_74_74979.jpg
400 363
175 112 346 302; 177 112 348 307; 178 112 346 305; 178 113 346 308; 176 112 346 303; 178 113 348 301; 178 113 346 308; 178 113 346 308; 178 113 346 308; 

2\2_75_75089.jpg
400 266
26 58 205 201; 29 64 207 201; 29 63 206 199; 29 64 208 199; 21 62 209 194; 29 62 208 200; 30 64 208 199; 30 64 208 199; 30 64 208 199; 

2\2_75_75104.jpg
279 400
9 9 266 230; 9 11 271 227; 9 7 269 225; 8 11 269 227; 10 7 268 221; 11 10 270 229; 8 9 269 227; 8 9 269 227; 8 9 269 227; 

2\2_75_75154.jpg
400 300
96 42 302 255; 98 42 296 254; 97 43 297 257; 98 43 294 252; 90 44 297 253; 98 43 294 254; 98 43 294 254; 98 43 294 254; 98 43 294 254; 

2\2_75_75169.jpg
400 300
13 67 179 179; 14 69 177 181; 15 69 177 179; 16 69 175 179; 17 67 179 172; 15 70 175 179; 15 70 176 179; 15 70 176 179; 15 70 176 179; 

2\2_75_75231.jpg
266 400
59 32 236 224; 59 38 235 220; 62 38 232 218; 60 39 234 218; 58 37 235 216; 59 36 234 219; 60 39 234 218; 60 39 234 218; 60 39 234 218; 

2\2_75_75252.jpg
400 400
15 108 194 334; 15 112 188 335; 14 112 188 330; 16 111 189 334; 14 112 193 332; 16 112 191 333; 15 112 189 334; 14 112 189 334; 15 112 189 334; 

2\2_75_75273.jpg
266 400
139 179 251 394; 133 179 253 398; 139 178 252 399; 133 181 251 397; 135 179 254 384; 134 181 253 398; 133 180 251 400; 133 180 251 396; 133 180 251 400; 

2\2_75_75278.jpg
266 400
80 28 241 218; 81 26 242 218; 82 25 240 212; 82 26 243 226; 24 34 231 350; 83 26 243 224; 81 24 242 227; 82 27 242 225; 18 24 242 354; 

2\2_75_75430.jpg
400 265
0 101 316 236; 0 104 312 239; 1 102 312 237; 1 103 312 236; 1 83 313 237; 2 102 312 235; 2 103 311 237; 1 103 311 237; 2 103 311 237; 

2\2_75_75449.jpg
400 261
69 88 212 182; 71 89 214 181; 71 90 213 181; 71 88 214 179; 69 88 212 179; 76 89 214 182; 71 87 213 179; 71 87 213 179; 71 87 213 179; 

2\2_75_75568.jpg
399 265
57 12 310 156; 55 12 314 155; 56 12 209 143; 56 10 310 152; 54 12 308 151; 58 11 310 152; 56 10 198 148; 56 10 187 138; 56 10 388 209; 

2\2_75_75665.jpg
400 323
184 81 338 302; 187 81 338 298; 184 81 336 300; 184 83 336 298; 188 82 339 307; 184 81 337 293; 186 81 265 137; 186 82 336 304; 186 81 337 298; 

2\2_75_75699.jpg
400 400
189 202 386 378; 188 207 386 378; 188 222 385 376; 192 200 384 377; 187 204 383 374; 189 202 386 378; 191 206 384 376; 191 206 385 378; 191 206 384 376; 

2\2_75_75707.jpg
400 267
71 32 256 220; 74 32 256 218; 74 35 256 214; 74 35 255 215; 69 36 257 211; 75 35 256 217; 74 35 255 216; 74 35 255 216; 74 35 255 216; 

2\2_75_75723.jpg
266 400
39 46 224 391; 34 42 228 391; 33 42 221 368; 34 42 226 391; 22 42 225 400; 34 43 227 387; 94 42 178 158; 94 42 178 158; 94 42 178 159; 

2\2_75_75734.jpg
400 220
147 9 393 214; 139 8 396 216; 141 8 393 218; 141 8 396 215; 142 6 396 217; 139 7 398 216; 138 8 394 216; 138 8 394 216; 138 8 394 216; 

2\2_75_75742.jpg
400 304
227 34 356 208; 230 31 356 206; 231 34 356 210; 231 30 358 208; 229 31 353 205; 230 38 356 206; 231 30 357 206; 231 30 357 208; 231 30 357 206; 

2\2_75_75751.jpg
288 400
59 124 208 370; 56 126 214 369; 59 127 212 365; 58 126 213 369; 63 129 214 364; 58 126 213 369; 57 126 213 370; 58 126 213 370; 57 126 213 370; 

2\2_75_75805.jpg
399 300
56 12 335 260; 56 13 337 263; 54 12 336 259; 56 12 336 264; 52 14 338 259; 54 12 336 264; 54 12 336 271; 54 12 336 271; 54 12 335 268; 

2\2_75_75818.jpg
266 400
9 252 249 383; 11 254 250 381; 12 254 249 382; 12 256 249 380; 13 256 253 378; 12 255 249 379; 12 255 248 381; 12 255 248 381; 12 255 248 381; 

2\2_75_75920.jpg
399 300
173 44 400 214; 170 46 399 215; 191 45 399 209; 176 47 398 214; 197 29 398 207; 193 46 399 205; 194 46 399 203; 194 47 399 203; 172 46 399 214; 

2\2_75_75971.jpg
399 265
124 40 317 207; 124 39 315 207; 124 40 316 176; 126 39 315 210; 117 33 312 213; 126 39 315 177; 125 39 315 206; 125 39 315 207; 125 39 315 207; 

2\2_75_75986.jpg
400 195
26 15 214 156; 26 16 214 156; 27 15 214 151; 27 18 213 154; 27 20 216 152; 28 18 214 154; 27 18 212 154; 27 18 212 154; 27 18 212 154; 

2\2_75_75991.jpg
400 213
113 29 365 211; 108 29 367 209; 112 31 366 208; 109 31 366 208; 96 31 371 213; 110 31 368 208; 109 31 365 207; 228 31 365 209; 109 31 365 207; 

2\2_76_76026.jpg
288 400
74 88 251 359; 69 96 251 364; 99 90 222 251; 71 96 250 361; 64 106 267 354; 69 94 251 363; 105 86 220 254; 70 86 251 364; 68 86 249 362; 

2\2_76_76032.jpg
400 400
104 111 302 318; 103 112 301 317; 102 114 300 314; 103 113 301 316; 106 111 300 319; 103 112 301 314; 103 113 301 317; 103 113 301 317; 103 113 301 317; 

2\2_76_76096.jpg
400 210
81 30 315 208; 81 29 313 208; 80 28 316 210; 82 28 312 208; 80 30 313 209; 82 28 313 210; 82 29 312 210; 82 29 312 210; 82 29 312 210; 

2\2_76_76123.jpg
316 399
37 62 207 366; 37 65 206 365; 39 65 207 364; 37 65 206 365; 36 68 200 358; 37 66 207 368; 37 66 206 365; 37 66 206 365; 37 66 206 365; 

2\2_76_76149.jpg
400 250
64 57 334 211; 69 58 338 212; 62 60 335 212; 64 61 338 212; 64 61 338 217; 63 60 338 214; 134 61 199 164; 62 61 340 215; 64 61 337 216; 

2\2_76_76170.jpg
400 300
42 16 284 277; 47 13 280 280; 58 14 222 184; 51 18 280 279; 15 14 278 292; 47 18 279 277; 50 19 280 279; 72 19 211 184; 0 19 280 300; 

2\2_76_76184.jpg
400 400
121 105 303 290; 119 103 304 293; 123 119 297 287; 125 105 300 289; 126 113 287 287; 125 105 301 289; 123 105 301 289; 123 105 301 289; 123 105 301 289; 

2\2_76_76186.jpg
400 266
114 4 309 241; 117 0 310 243; 114 2 306 238; 118 2 310 244; 121 9 312 260; 117 2 311 246; 116 3 310 244; 116 3 311 244; 116 3 310 244; 

2\2_76_76256.jpg
400 290
11 56 249 291; 3 52 249 291; 85 51 197 171; 1 50 249 287; 0 50 249 291; 78 51 251 291; 1 51 249 291; 1 51 249 291; 1 51 249 291; 

2\2_76_76257.jpg
400 400
114 114 296 299; 118 117 295 296; 120 121 292 295; 119 118 294 294; 122 112 279 291; 120 118 292 298; 119 118 293 293; 119 118 293 294; 119 118 293 293; 

2\2_76_76272.jpg
400 400
124 152 293 318; 126 154 291 315; 128 157 289 313; 127 155 290 311; 127 156 289 313; 126 155 291 314; 126 156 291 312; 126 156 290 312; 126 156 291 312; 

2\2_76_76273.jpg
400 291
150 33 249 238; 150 30 248 240; 152 31 249 237; 151 28 248 239; 148 27 247 235; 151 29 248 239; 151 27 247 240; 151 27 247 240; 151 27 247 240; 

2\2_76_76326.jpg
399 300
230 59 346 263; 229 59 343 263; 234 59 346 264; 230 59 344 262; 231 44 344 264; 229 58 344 262; 229 58 344 262; 228 58 344 262; 229 58 344 262; 

2\2_76_76343.jpg
400 400
68 65 328 358; 71 67 325 341; 72 68 324 269; 68 64 327 358; 68 68 331 324; 69 68 323 339; 71 68 322 340; 71 68 322 340; 71 68 326 358; 

2\2_76_76407.jpg
266 400
52 28 184 374; 51 29 186 374; 52 30 181 371; 54 29 184 372; 54 31 181 374; 52 29 181 372; 52 31 183 372; 52 29 184 372; 52 31 183 372; 

2\2_76_76631.jpg
400 300
85 50 286 254; 88 48 282 255; 88 49 181 168; 83 51 282 253; 69 38 261 223; 86 51 281 255; 86 50 281 255; 86 50 281 255; 86 50 184 172; 

2\2_76_76635.jpg
400 266
120 14 274 241; 121 16 273 239; 122 17 272 236; 122 17 272 238; 122 15 274 226; 122 18 273 239; 122 18 272 238; 122 18 272 238; 122 18 272 238; 

2\2_76_76639.jpg
266 400
21 106 246 346; 22 109 246 344; 40 268 232 334; 24 112 245 343; 57 98 218 333; 24 269 244 345; 24 111 245 342; 24 269 244 342; 24 111 245 342; 

2\2_76_76750.jpg
394 400
197 52 294 373; 196 49 296 382; 197 51 292 379; 198 49 294 380; 197 51 312 386; 197 49 292 379; 197 48 293 379; 197 49 293 379; 197 48 293 379; 

2\2_76_76795.jpg
378 399
92 81 290 268; 93 81 288 269; 94 81 288 269; 94 81 288 268; 97 68 292 272; 93 82 291 267; 94 82 287 268; 94 82 287 268; 94 82 287 268; 

2\2_76_76819.jpg
400 336
51 107 351 321; 56 107 354 319; 58 106 354 319; 55 107 353 320; 69 110 349 309; 55 107 352 318; 54 108 352 319; 54 107 352 319; 54 108 352 319; 

2\2_76_76831.jpg
400 316
79 49 157 267; 79 50 158 283; 79 47 158 282; 79 49 158 282; 70 45 174 281; 79 49 158 281; 80 48 158 274; 80 48 157 281; 80 48 158 274; 

2\2_76_76847.jpg
319 399
63 68 242 306; 63 72 248 302; 65 73 243 302; 60 73 247 303; 66 75 242 303; 61 74 244 303; 61 72 248 303; 61 72 248 303; 60 72 246 373; 

2\2_76_76874.jpg
400 310
69 19 327 274; 74 24 326 279; 75 31 318 272; 72 24 322 276; 81 39 315 269; 76 27 324 275; 75 22 323 275; 75 30 323 275; 75 22 323 275; 

2\2_76_76880.jpg
276 400
55 51 219 399; 56 51 216 400; 57 53 216 398; 57 52 214 398; 63 47 219 395; 54 51 217 399; 97 51 177 142; 97 51 179 142; 97 51 177 142; 

2\2_76_76889.jpg
400 266
107 109 276 262; 105 108 274 266; 106 109 272 266; 106 109 271 266; 96 102 303 254; 106 109 275 266; 106 109 276 266; 106 109 276 266; 106 109 276 266; 

2\2_76_76897.jpg
253 400
11 40 169 397; 6 40 169 399; 10 37 171 395; 5 39 168 399; 12 60 167 398; 2 39 170 400; 7 40 168 400; 7 39 168 400; 7 40 168 400; 

2\2_76_76940.jpg
400 340
177 93 344 218; 177 98 343 216; 178 99 343 217; 178 99 341 216; 179 102 339 224; 178 99 342 215; 178 99 341 215; 178 99 341 215; 178 99 341 215; 

2\2_76_76952.jpg
294 399
84 38 214 307; 86 39 213 306; 85 39 210 297; 87 39 212 302; 73 31 213 305; 88 39 212 300; 87 39 212 302; 87 39 212 302; 87 39 212 302; 

2\2_76_76957.jpg
300 400
71 13 217 237; 68 15 216 231; 71 14 215 230; 73 17 215 229; 68 17 219 383; 74 16 215 237; 74 16 215 228; 74 16 215 228; 74 16 215 228; 

2\2_76_76961.jpg
400 300
84 68 338 233; 80 68 338 229; 90 71 335 219; 83 69 340 228; 87 65 334 214; 85 72 338 226; 83 69 339 228; 83 69 339 228; 83 69 339 228; 

2\2_77_77008.jpg
300 400
41 81 264 315; 40 82 272 318; 43 81 272 314; 41 84 272 313; 41 81 269 311; 40 82 272 315; 40 84 271 313; 40 84 272 313; 40 84 271 313; 

2\2_77_77023.jpg
328 400
4 200 323 389; 1 201 328 398; 1 201 328 399; 0 200 328 399; 2 204 326 399; 170 270 213 301; 1 201 328 400; 1 201 163 396; 1 200 328 400; 

2\2_77_77055.jpg
400 320
96 60 301 264; 99 56 304 266; 101 57 306 259; 99 56 304 264; 96 44 311 260; 101 57 305 263; 98 57 304 264; 98 57 304 264; 98 57 304 264; 

2\2_77_77058.jpg
400 318
94 61 286 245; 96 64 287 254; 98 66 289 256; 98 66 287 253; 89 55 297 249; 97 66 287 254; 98 66 286 252; 98 66 286 252; 98 66 286 252; 

2\2_77_77109.jpg
368 400
59 76 310 319; 62 75 311 320; 61 79 311 318; 62 77 309 318; 81 88 304 317; 59 77 309 318; 61 76 309 319; 61 76 309 319; 61 76 309 319; 

2\2_77_77133.jpg
400 266
57 68 333 196; 59 71 333 195; 60 72 332 196; 58 72 332 197; 49 72 340 192; 61 71 333 193; 58 72 333 196; 58 72 333 196; 58 72 333 196; 

2\2_77_77153.jpg
400 303
106 72 290 258; 111 74 288 258; 114 72 287 247; 112 72 286 258; 117 70 293 254; 110 72 286 248; 110 72 288 259; 110 72 288 262; 110 72 288 259; 

2\2_77_77162.jpg
400 400
101 42 311 334; 101 44 311 332; 101 44 309 331; 101 45 308 332; 90 31 314 326; 102 42 308 330; 109 44 240 153; 109 44 240 153; 102 44 308 332; 

2\2_77_77167.jpg
399 357
85 120 267 355; 89 120 267 358; 91 118 267 351; 89 121 265 358; 61 120 289 337; 92 121 264 354; 175 121 263 233; 175 121 263 233; 89 121 268 358; 

2\2_77_77181.jpg
337 400
76 32 249 315; 83 33 246 317; 83 33 248 299; 85 32 245 317; 69 56 257 315; 84 33 246 317; 84 31 244 315; 84 31 244 316; 84 31 245 317; 

2\2_77_77435.jpg
400 266
140 90 277 264; 139 91 272 266; 139 90 273 266; 140 91 272 265; 139 83 274 256; 140 91 274 266; 140 89 273 266; 140 91 273 266; 140 89 273 266; 

2\2_77_77513.jpg
400 341
12 13 227 182; 13 14 224 183; 14 18 226 181; 12 12 224 182; 16 18 221 185; 11 12 225 184; 12 12 224 183; 12 12 224 183; 12 12 224 183; 

2\2_77_77529.jpg
400 320
95 101 367 247; 95 103 361 239; 95 109 359 242; 97 101 360 242; 94 89 359 250; 97 101 360 241; 96 101 359 241; 96 101 361 241; 96 101 360 241; 

2\2_77_77552.jpg
300 400
19 16 175 232; 19 17 173 230; 18 17 166 223; 21 17 175 228; 24 29 177 224; 21 18 174 218; 20 16 175 218; 20 17 175 220; 20 16 176 213; 

2\2_77_77563.jpg
400 400
22 88 379 334; 19 91 376 339; 26 92 376 328; 26 92 374 332; 29 90 374 329; 26 92 374 331; 26 92 374 332; 26 92 374 332; 26 92 374 332; 

2\2_77_77691.jpg
400 300
82 58 310 218; 82 59 311 216; 81 59 308 212; 84 59 309 212; 54 61 308 213; 82 58 309 213; 84 57 293 186; 84 57 309 213; 84 57 309 213; 

2\2_77_77805.jpg
400 320
66 23 340 297; 71 29 343 297; 67 26 336 294; 70 26 342 297; 72 27 340 290; 68 26 342 297; 70 26 341 296; 70 26 341 299; 70 26 341 296; 

2\2_78_78096.jpg
400 266
160 24 262 266; 162 31 261 266; 162 30 261 214; 163 32 259 265; 166 27 261 235; 162 31 259 220; 163 31 259 220; 163 31 259 220; 163 31 259 265; 

2\2_78_78222.jpg
300 400
26 94 284 359; 29 97 287 367; 28 97 288 364; 29 97 288 364; 27 94 283 364; 29 97 289 364; 29 96 288 364; 29 96 288 364; 29 96 288 364; 

2\2_78_78261.jpg
400 315
182 102 343 272; 178 98 344 269; 178 100 343 268; 176 100 343 268; 179 108 346 272; 175 101 341 268; 174 101 342 269; 182 101 342 269; 176 101 342 269; 

2\2_78_78416.jpg
400 266
190 11 378 248; 181 9 378 253; 232 9 379 251; 182 9 378 252; 208 12 358 250; 181 9 379 253; 180 9 379 253; 181 9 379 253; 180 9 376 253; 

2\2_78_78470.jpg
400 300
45 95 166 259; 45 97 171 257; 43 98 170 259; 46 97 172 255; 37 89 183 261; 45 96 170 257; 46 98 172 254; 46 98 172 254; 46 98 172 254; 

2\2_78_78523.jpg
399 300
82 15 326 260; 89 22 331 262; 90 21 331 260; 80 19 330 263; 89 12 334 260; 86 17 331 257; 91 18 331 262; 91 18 331 257; 91 18 331 258; 

2\2_78_78545.jpg
318 400
103 52 272 180; 102 51 271 182; 104 53 270 181; 103 52 270 181; 103 50 270 179; 103 51 269 180; 103 52 270 181; 103 52 270 181; 103 52 270 181; 

2\2_78_78560.jpg
328 400
19 115 301 365; 17 114 304 359; 19 114 302 359; 21 114 304 360; 24 108 304 352; 21 115 305 359; 21 114 304 360; 21 114 304 360; 21 114 304 360; 

2\2_78_78606.jpg
300 400
56 13 199 381; 57 14 202 378; 57 13 188 354; 56 14 201 379; 62 18 192 358; 58 17 190 359; 56 15 201 378; 56 15 202 378; 56 15 199 369; 

2\2_78_78635.jpg
399 306
21 83 365 205; 23 85 364 210; 27 85 362 204; 23 87 361 209; 25 43 359 218; 21 87 361 207; 21 85 364 212; 21 87 364 212; 21 85 364 212; 

2\2_78_78641.jpg
320 400
32 121 205 363; 37 118 206 372; 36 121 204 372; 38 121 204 374; 39 108 200 372; 37 121 204 372; 37 121 205 373; 37 121 205 373; 37 121 205 373; 

2\2_78_78656.jpg
400 266
24 141 366 258; 25 141 364 256; 25 142 364 252; 27 142 364 258; 32 141 368 258; 26 142 366 256; 25 141 364 258; 25 141 365 258; 25 141 364 258; 

2\2_78_78661.jpg
400 320
8 37 217 152; 1 39 215 154; 3 37 226 149; 4 41 219 152; 3 21 212 164; 9 37 218 153; 69 40 219 143; 69 40 219 151; 53 40 219 155; 

2\2_78_78701.jpg
400 360
95 47 341 257; 98 48 343 258; 94 49 338 221; 98 48 343 257; 86 48 345 241; 98 47 396 258; 98 49 342 256; 98 49 342 258; 98 49 342 256; 

2\2_78_78705.jpg
400 388
81 34 372 341; 82 36 370 343; 82 36 370 341; 83 34 371 344; 85 30 371 336; 84 34 371 342; 84 34 371 343; 84 34 371 343; 84 34 371 343; 

2\2_78_78706.jpg
400 320
36 74 294 288; 39 77 294 289; 38 79 294 288; 39 79 294 289; 41 76 295 288; 39 79 292 288; 38 79 294 289; 38 79 294 289; 38 79 294 289; 

2\2_78_78716.jpg
400 300
29 106 385 269; 31 109 382 266; 29 107 381 268; 32 109 384 266; 39 108 384 264; 30 106 384 266; 30 110 384 266; 30 108 384 266; 30 110 384 266; 

2\2_78_78784.jpg
400 318
137 16 298 284; 134 18 298 289; 140 18 289 243; 134 18 298 292; 138 22 301 284; 134 19 299 288; 133 17 298 292; 133 17 298 292; 133 17 298 292; 

2\2_78_78817.jpg
303 400
68 97 234 286; 73 95 231 282; 76 95 232 281; 74 96 231 282; 72 93 230 290; 73 95 231 282; 74 96 230 282; 74 96 230 282; 74 96 230 282; 

2\2_78_78867.jpg
400 194
138 36 296 167; 137 38 296 167; 141 35 297 164; 139 36 294 166; 144 32 296 168; 138 36 298 166; 138 36 296 166; 138 36 296 166; 138 36 296 166; 

2\2_78_78986.jpg
400 320
36 114 346 206; 38 115 346 204; 41 115 347 212; 37 116 346 209; 47 117 350 216; 38 116 346 206; 38 115 347 214; 38 115 347 214; 38 115 347 214; 

2\2_78_78993.jpg
400 300
94 9 318 299; 93 14 314 290; 95 15 316 281; 94 14 315 291; 101 17 314 294; 96 14 316 289; 94 12 315 289; 94 12 315 289; 94 12 315 289; 

2\2_79_79121.jpg
400 300
129 6 289 239; 128 12 292 240; 132 16 291 241; 129 14 291 246; 116 12 298 242; 130 14 292 242; 129 15 291 241; 129 15 291 241; 129 15 291 241; 

2\2_79_79244.jpg
320 400
68 105 280 311; 62 108 280 311; 71 108 282 308; 59 108 279 311; 76 99 280 302; 64 108 282 312; 58 108 279 310; 58 108 279 310; 58 108 279 310; 

2\2_79_79248.jpg
377 400
134 61 358 188; 134 61 359 189; 132 60 360 194; 134 62 358 188; 138 58 356 188; 136 61 354 190; 134 62 357 189; 134 62 357 189; 134 62 357 189; 

2\2_79_79255.jpg
400 332
153 57 372 331; 152 58 372 332; 151 59 370 330; 154 58 372 332; 156 60 372 329; 149 56 372 332; 154 57 371 332; 154 57 371 332; 154 57 371 332; 

2\2_79_79293.jpg
312 400
118 47 279 385; 118 47 277 384; 115 48 280 382; 118 47 278 383; 109 53 286 380; 119 48 274 381; 118 48 277 384; 118 48 277 384; 118 48 277 384; 

2\2_79_79319.jpg
400 304
25 20 241 291; 24 19 244 281; 23 21 243 283; 24 19 243 288; 24 16 243 287; 22 18 243 289; 24 18 244 290; 24 18 244 290; 24 18 244 290; 

2\2_79_79323.jpg
399 320
38 33 174 297; 40 33 172 300; 44 33 172 290; 42 33 175 299; 40 31 178 300; 40 32 173 302; 40 31 175 300; 40 31 175 300; 40 31 175 300; 

2\2_79_79327.jpg
400 266
72 78 206 239; 77 80 210 238; 74 80 206 239; 76 81 209 240; 77 74 209 243; 76 81 207 241; 75 80 209 239; 75 80 209 239; 75 80 209 239; 

2\2_79_79407.jpg
266 400
22 209 237 340; 23 212 238 335; 25 210 233 334; 25 212 237 338; 24 209 242 339; 22 209 236 345; 26 213 237 341; 26 213 237 341; 26 213 237 341; 

2\2_79_79409.jpg
400 300
79 77 379 269; 82 76 378 268; 83 78 379 267; 81 77 377 269; 79 74 376 261; 81 78 378 269; 81 78 378 269; 81 78 378 269; 81 78 378 269; 

2\2_79_79424.jpg
400 154
207 5 392 152; 209 6 399 152; 209 7 399 153; 211 6 399 153; 213 8 394 148; 208 6 400 154; 211 5 400 154; 211 5 400 154; 211 5 400 154; 

2\2_79_79584.jpg
300 400
30 84 232 319; 30 84 234 318; 32 86 232 315; 30 86 233 317; 32 83 230 312; 27 85 234 317; 30 86 234 317; 30 86 234 317; 30 86 234 317; 

2\2_79_79609.jpg
400 266
153 21 396 239; 153 22 397 238; 158 22 395 236; 153 22 396 238; 163 30 395 239; 155 22 397 239; 152 21 396 238; 152 21 396 238; 152 21 396 238; 

2\2_79_79621.jpg
400 320
112 120 382 253; 113 121 384 253; 114 119 380 252; 112 121 382 253; 109 121 381 252; 114 122 382 253; 111 121 380 254; 111 121 380 254; 111 121 380 254; 

2\2_79_79705.jpg
300 400
69 98 219 330; 69 96 221 336; 69 94 219 331; 68 96 221 336; 62 96 219 346; 68 96 221 335; 66 98 222 334; 66 98 222 334; 66 98 222 334; 

2\2_79_79799.jpg
400 300
88 34 215 235; 87 32 219 231; 91 30 214 231; 88 32 219 231; 88 26 220 233; 89 33 218 233; 88 31 218 230; 88 31 218 230; 88 32 218 230; 

2\2_79_79889.jpg
400 400
49 219 364 348; 51 220 364 343; 51 219 363 340; 49 219 362 347; 57 216 360 342; 51 218 364 345; 51 220 364 344; 51 220 364 344; 51 220 364 344; 

2\2_79_79959.jpg
400 312
99 11 264 277; 98 12 262 276; 99 12 260 274; 98 12 262 276; 96 12 256 281; 96 13 260 278; 96 12 262 278; 96 12 262 278; 96 12 262 278; 

2\2_80_80006.jpg
400 320
3 59 217 319; 1 61 216 319; 1 61 216 320; 1 61 215 318; 0 60 220 319; 0 62 216 320; 1 62 216 320; 1 62 216 320; 1 62 216 320; 

2\2_80_80028.jpg
399 266
68 27 222 240; 65 26 222 238; 69 26 224 239; 65 26 222 240; 75 17 228 235; 64 26 222 241; 67 25 222 239; 67 25 222 239; 67 25 222 239; 

2\2_80_80209.jpg
400 299
14 45 196 234; 5 44 198 230; 7 44 199 230; 6 44 198 232; 9 42 198 228; 5 43 198 235; 6 44 197 230; 6 44 197 230; 6 44 197 230; 

2\2_80_80262.jpg
400 300
181 133 376 276; 181 133 373 274; 182 135 374 272; 181 134 374 271; 166 131 378 268; 179 134 372 272; 181 132 373 272; 181 132 373 272; 181 132 373 272; 

2\2_80_80272.jpg
400 320
80 65 341 178; 79 68 340 176; 79 66 337 184; 81 69 336 178; 91 66 337 189; 79 68 338 176; 79 69 338 176; 79 69 338 177; 79 69 338 176; 

2\2_80_80321.jpg
400 400
126 68 322 274; 125 70 322 274; 128 71 320 278; 124 69 321 276; 135 62 322 285; 124 69 321 276; 125 70 322 275; 125 70 322 275; 125 70 322 275; 

2\2_80_80333.jpg
400 335
36 50 270 296; 39 51 267 294; 38 53 268 296; 39 51 268 294; 30 52 267 300; 40 51 268 293; 40 52 267 292; 40 52 267 292; 40 52 267 292; 

2\2_80_80334.jpg
400 266
107 53 273 220; 110 53 273 216; 111 55 270 214; 110 53 271 215; 105 55 271 212; 110 53 271 217; 108 53 271 216; 108 53 271 216; 108 53 271 216; 

2\2_80_80398.jpg
299 400
99 156 291 337; 101 162 292 341; 102 157 292 328; 100 161 291 336; 97 158 291 371; 101 161 290 337; 101 162 291 336; 101 162 291 336; 99 162 291 336; 

2\2_80_80504.jpg
400 285
61 8 317 262; 60 7 301 266; 65 5 301 260; 62 6 302 264; 62 11 312 262; 64 8 304 264; 62 5 301 264; 62 6 301 264; 62 5 298 264; 

2\2_80_80528.jpg
400 344
19 15 261 260; 17 14 262 268; 16 14 260 268; 17 16 264 263; 14 14 264 263; 14 16 266 266; 17 15 264 263; 17 15 264 263; 17 15 264 263; 

2\2_80_80552.jpg
400 266
145 51 304 244; 144 52 306 244; 143 52 304 246; 144 52 304 244; 142 46 304 223; 142 51 304 244; 143 51 304 245; 143 51 304 245; 143 51 304 245; 

2\2_80_80562.jpg
266 400
84 69 184 318; 84 72 182 320; 88 71 181 317; 83 72 182 319; 71 78 185 321; 86 72 180 319; 84 72 181 319; 84 72 181 319; 84 72 181 319; 

2\2_80_80567.jpg
400 266
142 40 299 266; 142 36 301 266; 143 34 298 266; 143 36 300 266; 138 33 298 260; 142 36 301 266; 145 35 300 133; 145 35 300 128; 143 35 300 262; 

2\2_80_80595.jpg
400 263
49 5 209 250; 49 8 213 257; 51 7 215 249; 50 8 212 257; 50 6 216 258; 50 6 212 256; 50 8 212 258; 50 8 212 258; 50 8 212 258; 

2\2_80_80715.jpg
400 299
165 50 396 274; 166 48 398 274; 164 48 400 275; 168 48 398 273; 166 47 400 269; 166 48 397 274; 169 48 400 279; 169 48 400 279; 169 48 400 279; 

2\2_80_80829.jpg
400 300
6 44 375 170; 2 46 374 165; 0 47 370 161; 2 48 372 169; 0 48 374 163; 4 48 376 163; 1 48 372 171; 1 48 372 171; 1 48 372 171; 

2\2_80_80834.jpg
400 300
101 0 399 229; 108 0 399 232; 106 1 399 232; 107 1 398 235; 108 1 400 236; 106 1 400 234; 107 1 398 242; 211 0 352 81; 107 1 398 242; 

2\2_80_80887.jpg
400 300
42 42 269 261; 41 44 271 264; 43 42 268 264; 42 42 269 262; 46 46 264 267; 43 42 269 262; 42 41 269 262; 42 41 269 262; 42 41 269 262; 

2\2_80_80949.jpg
266 400
55 46 224 389; 53 48 218 400; 52 48 224 400; 54 48 220 400; 48 45 219 400; 54 49 218 380; 54 47 221 400; 54 47 220 400; 54 47 221 400; 

2\2_81_81003.jpg
266 400
71 30 245 277; 73 30 235 281; 73 31 250 280; 72 30 234 277; 71 30 253 275; 73 31 242 277; 71 29 235 277; 71 29 235 280; 71 29 265 277; 

2\2_81_81295.jpg
314 400
107 67 254 393; 106 68 247 399; 100 67 255 400; 106 68 247 399; 111 69 255 398; 108 68 250 400; 105 67 248 400; 105 67 248 400; 105 67 248 400; 

2\2_81_81304.jpg
400 266
116 19 302 240; 115 22 302 241; 114 21 301 238; 116 21 302 239; 116 24 299 234; 116 20 302 238; 117 20 302 239; 117 20 302 239; 117 20 302 239; 

2\2_81_81442.jpg
400 289
51 142 219 282; 51 144 223 289; 54 142 219 289; 49 143 221 289; 52 141 220 289; 52 142 222 289; 50 143 222 289; 50 143 222 289; 50 143 222 289; 

2\2_81_81531.jpg
328 400
38 127 239 376; 38 129 236 377; 50 130 174 359; 33 128 234 373; 46 123 231 376; 39 128 236 374; 56 128 176 332; 39 128 235 399; 56 129 176 332; 

2\2_81_81637.jpg
399 347
165 33 386 202; 166 37 387 201; 167 37 385 201; 168 37 385 197; 199 24 395 198; 167 35 386 199; 165 35 386 198; 165 35 386 198; 165 35 386 198; 

2\2_81_81639.jpg
399 301
26 25 208 181; 32 21 207 180; 31 22 206 178; 32 21 208 179; 36 31 201 176; 31 23 208 180; 32 22 208 181; 32 22 208 181; 32 22 208 181; 

2\2_81_81675.jpg
400 300
247 86 380 288; 249 86 381 296; 249 87 374 289; 249 86 384 294; 254 89 377 289; 251 86 379 292; 249 86 385 296; 249 86 384 296; 249 86 385 296; 

2\2_81_81676.jpg
400 198
171 68 324 151; 171 67 324 151; 172 69 321 146; 172 69 324 151; 172 69 321 145; 172 68 324 151; 171 68 325 150; 171 68 325 150; 171 68 325 150; 

2\2_81_81718.jpg
400 266
39 48 232 204; 45 53 237 205; 46 53 233 203; 44 51 235 205; 53 52 236 206; 43 53 235 205; 45 51 235 205; 45 51 235 205; 45 51 235 205; 

2\2_81_81784.jpg
400 290
69 33 339 253; 68 37 339 255; 68 36 337 255; 69 37 339 255; 71 38 340 254; 67 37 339 255; 69 36 339 254; 69 36 339 254; 69 36 339 254; 

2\2_81_81827.jpg
400 300
56 46 271 198; 59 43 271 201; 62 45 270 201; 59 44 270 200; 54 53 278 198; 56 45 269 201; 58 44 270 199; 58 44 270 200; 58 44 270 199; 

2\2_81_81838.jpg
320 400
58 31 227 379; 60 34 228 384; 60 33 229 382; 59 33 228 382; 59 31 230 382; 58 32 228 382; 59 32 228 382; 59 32 228 382; 59 32 228 382; 

2\2_81_81862.jpg
265 400
48 104 169 368; 47 102 171 367; 50 100 171 370; 48 102 170 371; 46 108 169 369; 48 102 170 372; 48 104 170 374; 48 104 170 374; 48 104 170 374; 

2\2_81_81973.jpg
399 276
13 51 275 127; 11 50 278 126; 14 51 280 124; 12 48 276 126; 17 47 278 126; 13 48 276 124; 13 50 276 124; 13 50 276 124; 13 50 276 124; 

2\2_81_81988.jpg
249 399
48 125 192 279; 46 124 198 281; 48 123 195 277; 47 124 197 281; 56 122 197 275; 48 124 199 277; 88 124 188 222; 88 124 188 224; 48 124 197 281; 

2\2_81_81996.jpg
400 267
180 11 334 260; 182 8 332 260; 183 11 332 256; 184 8 332 261; 178 9 334 260; 184 8 334 260; 184 8 332 261; 184 8 332 261; 184 8 332 261; 

2\2_82_82045.jpg
400 300
109 11 255 287; 112 9 249 286; 147 10 256 286; 111 12 252 286; 112 12 246 281; 112 10 251 283; 110 11 251 286; 110 11 251 286; 110 11 251 286; 

2\2_82_82074.jpg
315 399
191 29 299 362; 193 32 303 364; 192 34 292 363; 193 29 302 361; 194 35 302 367; 191 31 303 362; 193 30 302 363; 193 30 302 363; 193 30 302 363; 

2\2_82_82130.jpg
399 302
37 26 374 176; 37 28 375 172; 46 28 374 178; 36 26 374 173; 36 27 375 167; 38 28 373 170; 35 28 375 175; 35 28 375 175; 35 28 375 175; 

2\2_82_82198.jpg
400 260
132 51 331 224; 133 62 330 226; 137 56 329 218; 134 61 329 224; 131 39 336 213; 133 47 330 227; 135 61 329 224; 135 61 329 224; 135 61 329 224; 

2\2_82_82204.jpg
400 300
216 27 348 300; 214 27 353 300; 216 28 348 300; 213 27 353 299; 211 27 351 294; 214 28 350 300; 244 28 325 106; 244 28 325 107; 244 28 325 109; 

2\2_82_82220.jpg
198 400
83 41 166 356; 84 41 167 356; 89 38 168 352; 86 39 166 354; 84 31 169 354; 85 41 167 356; 85 39 166 354; 85 39 166 354; 85 39 166 354; 

2\2_82_82287.jpg
400 300
71 0 279 210; 71 3 278 214; 73 1 281 213; 72 2 281 215; 70 2 283 206; 70 2 279 214; 73 2 281 214; 73 0 281 214; 73 2 281 214; 

2\2_82_82301.jpg
399 358
16 22 197 324; 15 22 199 324; 15 23 197 320; 16 13 198 322; 13 19 202 185; 15 21 200 323; 16 21 198 321; 16 21 198 322; 16 21 198 321; 

2\2_82_82346.jpg
278 400
78 139 241 321; 78 139 242 321; 82 139 238 318; 78 139 241 319; 86 137 239 322; 78 139 241 320; 78 139 242 320; 78 139 242 320; 78 139 242 320; 

2\2_82_82348.jpg
400 299
138 40 399 281; 141 44 398 277; 142 42 397 276; 143 44 399 274; 140 45 400 276; 142 42 399 276; 141 44 398 274; 141 44 398 274; 141 44 398 274; 

2\2_82_82372.jpg
320 400
74 52 267 318; 74 58 263 318; 74 55 259 314; 74 55 263 318; 69 61 258 318; 74 57 262 318; 74 56 264 319; 74 56 264 319; 74 56 264 319; 

2\2_82_82411.jpg
400 278
94 28 188 214; 91 29 187 211; 95 27 186 218; 92 29 188 221; 88 25 187 228; 94 28 186 218; 92 28 188 220; 92 28 188 220; 92 28 188 220; 

2\2_82_82528.jpg
400 320
164 103 382 254; 162 102 392 254; 162 100 393 254; 164 102 391 254; 162 95 396 258; 163 101 392 253; 163 102 392 254; 163 102 392 254; 163 102 392 254; 

2\2_82_82695.jpg
400 266
95 72 275 213; 98 71 276 216; 101 72 272 209; 99 73 274 215; 103 71 275 198; 100 73 273 214; 98 72 274 215; 98 72 274 215; 98 72 274 215; 

2\2_82_82757.jpg
400 266
81 78 296 229; 79 78 298 224; 81 76 296 234; 81 78 296 224; 82 77 299 219; 82 78 297 224; 81 78 296 224; 81 78 296 224; 81 78 296 224; 

2\2_82_82947.jpg
400 300
46 59 332 271; 48 64 331 274; 49 66 332 276; 48 57 334 272; 45 69 342 265; 47 62 333 274; 47 64 332 272; 47 64 332 273; 47 64 332 272; 

2\2_83_83048.jpg
400 266
69 54 272 249; 69 52 272 250; 71 52 270 251; 71 52 271 248; 69 66 271 242; 69 52 272 249; 70 53 272 249; 70 53 272 249; 70 53 272 249; 

2\2_83_83133.jpg
399 333
119 154 396 324; 118 154 400 330; 119 155 399 322; 121 156 400 329; 127 154 399 322; 119 157 400 325; 120 155 399 329; 120 155 399 329; 120 155 399 329; 

2\2_83_83230.jpg
400 367
58 35 233 259; 54 31 232 266; 56 26 231 268; 53 27 232 268; 54 31 232 258; 55 26 232 268; 52 28 232 268; 52 28 232 268; 52 28 232 268; 

2\2_83_83262.jpg
400 266
216 89 383 258; 218 91 388 258; 216 91 387 258; 218 91 388 259; 212 88 392 257; 218 91 387 259; 218 91 388 259; 218 91 388 259; 218 91 388 259; 

2\2_83_83356.jpg
400 243
27 121 385 215; 24 120 386 213; 26 118 384 214; 24 121 384 215; 29 109 381 213; 24 120 384 213; 23 121 384 214; 23 121 384 214; 23 121 384 214; 

2\2_83_83493.jpg
400 275
36 106 352 219; 40 108 349 221; 39 104 343 218; 40 109 350 218; 39 108 350 219; 41 109 349 218; 39 109 350 219; 39 109 350 219; 39 109 350 219; 

2\2_83_83591.jpg
400 266
226 16 379 261; 223 19 375 260; 224 102 349 255; 225 18 376 260; 228 16 376 259; 227 19 375 261; 224 18 375 259; 224 18 375 259; 224 18 375 259; 

2\2_83_83593.jpg
400 300
120 185 385 296; 121 184 385 289; 124 179 384 294; 123 184 384 293; 122 181 388 293; 122 184 383 292; 122 184 384 292; 122 184 384 292; 122 184 384 292; 

2\2_83_83604.jpg
400 280
4 186 391 275; 3 186 391 274; 9 187 391 272; 2 186 392 274; 4 184 392 267; 6 187 392 273; 1 186 392 274; 1 186 392 274; 1 186 392 274; 

2\2_83_83713.jpg
400 300
12 89 301 227; 2 92 298 226; 3 89 295 221; 2 91 297 230; 10 85 321 239; 4 91 299 229; 2 91 297 226; 2 91 298 228; 2 91 297 226; 

2\2_83_83714.jpg
275 400
114 112 216 380; 116 112 216 387; 116 117 218 394; 115 114 216 400; 118 103 217 394; 116 113 215 399; 116 113 215 400; 116 113 215 400; 116 113 215 400; 

2\2_83_83786.jpg
400 320
122 17 249 312; 126 16 252 308; 129 17 202 186; 126 18 249 306; 125 24 249 313; 127 18 201 188; 126 19 199 188; 126 19 199 188; 126 19 199 188; 

2\2_83_83792.jpg
400 320
105 11 378 279; 105 12 368 279; 106 14 366 281; 107 11 368 278; 113 15 366 277; 104 11 368 278; 106 11 368 278; 106 11 368 278; 106 11 368 278; 

2\2_83_83872.jpg
400 266
54 17 232 263; 57 18 232 266; 59 16 232 266; 57 18 232 266; 59 16 232 263; 56 18 232 266; 56 18 232 266; 56 18 232 266; 56 18 232 266; 

2\2_83_83877.jpg
399 261
173 18 362 261; 179 17 361 261; 182 18 363 261; 179 18 361 261; 173 16 361 260; 179 18 361 261; 178 17 361 261; 178 17 361 261; 178 17 361 261; 

2\2_84_84012.jpg
400 266
173 112 363 261; 168 116 364 266; 173 119 363 266; 170 118 363 266; 174 112 364 266; 170 118 364 266; 172 117 363 266; 172 117 363 266; 172 117 363 266; 

2\2_84_84202.jpg
400 266
192 68 321 239; 192 69 321 239; 190 69 321 235; 191 68 321 238; 189 69 329 236; 192 68 323 238; 192 68 320 238; 192 68 320 238; 192 68 320 238; 

2\2_84_84204.jpg
400 266
131 11 308 222; 131 10 309 221; 131 11 305 220; 131 11 308 219; 131 9 309 219; 133 11 308 218; 133 11 307 219; 133 11 307 219; 133 11 307 219; 

2\2_84_84233.jpg
400 300
50 56 365 255; 64 53 364 252; 63 54 363 252; 66 54 364 252; 64 52 363 246; 64 54 364 251; 65 54 364 252; 65 54 364 252; 65 54 364 252; 

2\2_84_84240.jpg
400 300
58 38 346 262; 59 38 348 259; 58 39 343 259; 59 39 346 258; 58 38 346 262; 54 39 344 260; 59 38 346 256; 59 38 346 256; 59 38 346 256; 

2\2_84_84305.jpg
400 319
68 56 224 200; 71 59 222 200; 71 59 219 200; 71 60 221 200; 75 58 221 196; 71 58 222 199; 71 60 221 200; 71 60 221 200; 71 60 221 200; 

2\2_84_84342.jpg
400 268
163 69 307 208; 162 69 307 207; 165 70 306 214; 164 70 306 207; 162 69 309 207; 162 69 307 207; 163 69 306 208; 163 71 306 208; 163 69 306 208; 

2\2_84_84343.jpg
400 320
166 66 339 193; 167 68 342 191; 168 70 341 192; 167 69 342 190; 165 70 341 190; 166 70 342 191; 167 69 341 190; 167 69 341 190; 167 69 341 190; 

2\2_84_84392.jpg
400 307
94 62 254 220; 91 59 254 221; 89 65 253 226; 90 58 253 223; 86 61 250 216; 92 59 254 222; 90 59 253 223; 90 59 253 223; 90 59 253 223; 

2\2_84_84466.jpg
400 300
168 88 273 299; 172 88 272 289; 168 90 273 300; 169 88 272 299; 162 89 273 300; 169 88 272 300; 169 88 272 300; 169 88 272 300; 169 88 272 300; 

2\2_84_84496.jpg
400 300
125 52 286 218; 121 49 286 213; 126 54 286 215; 122 49 287 214; 129 46 286 224; 122 51 288 216; 121 48 287 214; 121 48 287 214; 121 48 287 214; 

2\2_84_84564.jpg
400 266
75 32 293 266; 76 31 294 266; 77 33 288 265; 75 32 293 266; 82 29 292 267; 77 33 293 266; 75 32 294 266; 75 33 293 266; 75 32 294 266; 

2\2_84_84574.jpg
400 345
63 29 342 321; 64 36 338 312; 62 33 337 316; 64 33 335 316; 59 29 336 315; 62 32 336 318; 63 32 336 318; 63 32 336 318; 63 32 336 318; 

2\2_84_84979.jpg
400 300
130 71 321 234; 129 73 318 232; 131 73 314 232; 129 74 317 232; 132 73 315 234; 129 72 318 232; 129 73 317 232; 129 73 317 232; 129 73 317 232; 

2\2_85_85029.jpg
288 360
80 77 198 335; 80 80 198 337; 79 79 201 333; 81 80 198 333; 75 80 208 337; 79 80 198 335; 80 80 198 334; 80 80 198 334; 80 80 198 334; 

2\2_85_85032.jpg
400 266
51 52 245 236; 53 53 242 235; 51 51 242 235; 51 54 242 236; 51 47 237 233; 54 53 242 236; 52 53 242 234; 52 53 242 234; 52 53 242 234; 

2\2_85_85111.jpg
300 400
96 158 208 308; 96 154 206 306; 95 158 204 303; 96 157 205 305; 96 158 206 298; 96 156 207 308; 95 156 206 306; 95 156 206 306; 95 156 206 306; 

2\2_85_85210.jpg
400 266
109 29 196 231; 109 32 198 230; 111 30 195 229; 108 30 196 230; 109 38 231 231; 108 32 196 229; 108 30 197 229; 108 30 197 229; 108 30 197 231; 

2\2_85_85288.jpg
300 400
60 83 266 299; 57 87 269 293; 59 86 259 281; 56 88 268 293; 62 89 264 277; 57 88 269 311; 61 88 266 294; 61 88 266 294; 61 88 266 294; 

2\2_85_85416.jpg
400 345
55 54 280 289; 54 54 278 286; 54 57 276 284; 53 54 276 289; 52 49 279 284; 54 54 276 291; 51 55 276 288; 51 55 276 288; 51 55 276 288; 

2\2_85_85496.jpg
399 299
74 110 325 253; 80 112 319 249; 84 115 317 248; 77 113 319 252; 74 112 322 234; 77 113 323 257; 76 112 319 249; 76 112 319 249; 76 112 319 250; 

2\2_85_85551.jpg
400 350
157 107 341 306; 161 109 342 302; 159 110 343 294; 160 108 342 305; 158 109 338 303; 161 108 342 302; 160 108 343 298; 160 108 343 298; 160 108 343 298; 

2\2_85_85617.jpg
400 384
140 113 265 269; 138 113 261 270; 139 119 261 267; 140 113 261 269; 119 112 271 275; 140 113 262 270; 201 113 261 172; 27 113 265 300; 27 113 266 300; 

2\2_85_85861.jpg
266 400
36 98 208 279; 37 110 206 279; 36 109 205 276; 37 109 205 276; 47 99 207 281; 38 109 205 276; 36 109 204 276; 36 109 204 276; 36 109 204 276; 

2\2_85_85878.jpg
400 300
46 63 369 277; 46 60 371 273; 48 62 369 269; 47 59 370 274; 55 72 366 272; 49 59 369 273; 47 60 370 272; 47 60 370 272; 47 60 370 272; 

2\2_85_85925.jpg
400 300
156 7 392 180; 159 9 394 178; 160 8 390 176; 159 8 394 178; 164 9 397 170; 159 8 393 178; 159 9 392 176; 159 9 392 176; 159 9 392 176; 

2\2_85_85947.jpg
400 306
172 51 344 248; 173 51 340 244; 174 50 344 241; 174 50 341 242; 181 48 345 244; 174 49 341 243; 174 52 340 244; 174 52 340 244; 174 52 340 244; 

2\2_85_85964.jpg
400 300
82 26 301 263; 81 28 304 263; 82 28 301 264; 81 26 302 263; 84 25 302 262; 81 26 303 261; 81 29 304 262; 81 26 304 262; 81 29 304 262; 

2\2_86_86008.jpg
400 266
80 9 315 241; 86 9 316 242; 86 12 318 244; 85 11 316 240; 84 15 318 243; 84 11 316 242; 84 10 316 242; 84 10 316 242; 84 10 316 242; 

2\2_86_86011.jpg
400 320
181 55 319 234; 182 55 317 238; 184 54 321 231; 183 55 316 234; 182 54 319 236; 181 54 316 236; 182 56 317 234; 182 56 317 234; 182 56 317 234; 

2\2_86_86020.jpg
400 266
68 0 307 264; 70 3 307 266; 68 2 307 264; 68 2 308 265; 69 2 307 264; 69 1 308 267; 68 1 307 263; 68 1 307 263; 68 1 307 263; 

2\2_86_86173.jpg
400 266
147 64 253 242; 144 66 252 242; 144 67 252 242; 146 67 251 239; 148 67 252 241; 148 68 250 238; 145 66 250 239; 145 66 250 239; 145 66 250 239; 

2\2_86_86179.jpg
399 303
50 29 278 206; 48 28 272 203; 51 26 277 227; 51 28 273 202; 53 27 274 198; 51 28 275 205; 50 26 272 210; 50 26 272 210; 50 26 272 210; 

2\2_86_86180.jpg
400 303
78 74 359 224; 79 75 359 222; 78 76 359 226; 78 68 361 225; 81 69 359 227; 78 75 362 224; 79 76 361 224; 79 68 361 224; 79 69 361 224; 

2\2_86_86185.jpg
399 303
161 73 385 261; 167 74 385 259; 167 73 383 263; 166 74 384 262; 162 71 381 260; 167 73 384 261; 165 73 383 261; 165 73 383 261; 165 73 383 261; 

2\2_86_86190.jpg
303 400
115 109 214 347; 115 112 214 345; 119 109 211 343; 118 111 215 345; 121 111 214 346; 116 110 214 346; 118 111 215 345; 118 111 215 345; 118 111 215 345; 

2\2_86_86206.jpg
399 336
13 57 303 315; 12 55 298 307; 11 63 295 307; 13 55 301 309; 17 55 303 304; 12 56 300 307; 12 55 302 308; 12 55 302 308; 12 55 302 308; 

2\2_86_86299.jpg
400 266
96 87 345 174; 100 84 345 172; 99 86 346 172; 99 84 344 172; 97 71 341 185; 99 85 343 173; 99 84 343 172; 99 84 343 172; 99 84 343 172; 

2\2_86_86300.jpg
400 266
81 55 391 168; 84 56 398 164; 84 53 398 166; 84 55 398 164; 84 58 399 151; 84 55 400 165; 84 55 400 164; 84 55 400 164; 84 55 400 164; 

2\2_86_86311.jpg
300 400
54 81 254 294; 58 85 256 295; 59 85 255 292; 58 84 256 296; 65 91 248 293; 62 86 254 295; 57 85 254 295; 57 85 254 295; 57 85 254 295; 

2\2_86_86324.jpg
400 301
184 36 306 273; 185 31 304 271; 185 29 304 272; 184 31 304 274; 190 28 305 284; 184 32 306 274; 182 31 305 274; 182 31 305 274; 182 31 305 274; 

2\2_86_86425.jpg
400 266
119 32 264 238; 116 36 266 238; 115 32 269 234; 118 34 261 236; 128 34 252 237; 119 35 265 173; 118 34 261 236; 118 34 262 236; 118 34 261 236; 

2\2_86_86449.jpg
400 320
114 15 373 248; 116 17 370 244; 120 14 371 246; 114 18 371 243; 121 17 370 235; 117 17 369 242; 114 18 370 242; 114 18 370 242; 114 18 370 242; 

2\2_86_86516.jpg
400 300
109 16 352 164; 109 17 348 157; 111 18 351 157; 109 18 348 158; 110 15 351 157; 109 18 348 158; 108 18 348 157; 108 18 348 157; 108 18 348 157; 

2\2_86_86534.jpg
400 300
122 84 284 231; 121 82 285 224; 124 84 283 220; 121 81 284 224; 125 86 286 225; 122 81 285 224; 121 82 282 222; 121 82 282 222; 121 82 282 222; 

2\2_86_86575.jpg
399 300
179 84 391 218; 179 83 388 212; 182 82 387 215; 180 83 387 214; 148 72 381 215; 174 86 387 214; 179 161 233 214; 179 83 388 214; 179 83 386 214; 

2\2_86_86600.jpg
400 290
64 34 349 224; 61 35 354 229; 62 34 354 231; 62 36 354 226; 64 36 352 228; 62 36 354 226; 61 36 354 227; 61 36 354 227; 61 36 354 227; 

2\2_86_86610.jpg
400 231
43 13 145 212; 43 14 148 212; 44 13 144 213; 44 14 144 214; 47 16 144 210; 43 13 144 214; 44 14 143 216; 44 14 143 216; 44 14 143 216; 

2\2_86_86682.jpg
400 300
78 49 243 179; 80 49 240 183; 83 52 398 251; 82 49 241 187; 83 47 399 249; 83 50 399 251; 64 49 399 253; 81 49 399 253; 64 49 399 253; 

2\2_86_86808.jpg
400 300
191 53 366 269; 192 56 370 261; 195 56 361 261; 192 56 369 263; 191 62 368 256; 191 56 368 263; 192 56 369 265; 192 56 369 261; 192 56 369 265; 

2\2_86_86828.jpg
400 286
201 51 383 139; 200 53 383 141; 199 51 381 140; 200 53 383 140; 196 49 381 137; 200 52 383 141; 200 53 381 140; 200 53 381 140; 200 53 381 140; 

2\2_86_86832.jpg
266 400
64 51 215 363; 65 51 217 367; 68 53 212 359; 66 51 215 355; 53 49 229 379; 65 50 216 364; 67 51 215 364; 67 51 215 364; 67 51 215 364; 

2\2_86_86904.jpg
400 355
152 10 386 305; 152 6 385 302; 152 6 386 306; 153 23 385 303; 154 8 386 309; 152 7 385 302; 151 8 385 302; 151 6 385 302; 151 7 385 302; 

2\2_86_86945.jpg
320 400
81 112 242 375; 80 117 239 375; 77 117 243 374; 81 117 241 375; 76 122 246 377; 79 117 241 373; 72 117 241 375; 72 117 241 375; 72 117 241 375; 

2\2_86_86999.jpg
400 355
136 74 299 238; 138 74 298 237; 137 72 299 235; 138 74 298 237; 142 73 298 234; 139 73 298 238; 138 74 296 238; 138 74 296 238; 138 74 296 238; 

2\2_87_87077.jpg
400 300
114 72 304 256; 116 78 304 254; 118 78 304 252; 116 78 306 252; 120 81 307 251; 115 77 305 253; 117 79 306 254; 117 79 306 254; 117 79 306 254; 

2\2_87_87675.jpg
400 300
100 66 368 221; 99 66 369 221; 102 66 369 222; 99 66 368 220; 102 65 365 214; 99 66 369 222; 99 66 369 219; 99 66 369 219; 99 66 369 219; 

2\2_87_87881.jpg
349 362
19 24 237 356; 8 21 236 357; 17 22 236 352; 23 21 235 357; 33 23 238 361; 22 22 235 355; 24 20 236 357; 24 20 236 357; 24 23 236 357; 

2\2_87_87900.jpg
400 385
41 39 362 277; 44 42 359 269; 38 48 358 385; 48 44 359 269; 51 42 361 266; 44 44 361 269; 48 43 360 270; 48 43 360 269; 48 43 360 270; 

2\2_87_87983.jpg
400 300
71 63 391 232; 69 63 393 228; 72 61 390 234; 71 63 394 228; 71 63 391 231; 72 62 394 231; 70 64 394 228; 70 64 394 228; 70 64 394 228; 

2\2_88_88065.jpg
400 278
224 44 378 277; 224 50 379 278; 226 53 379 278; 224 51 381 276; 222 53 384 256; 226 50 381 222; 222 51 381 204; 222 51 381 204; 222 51 381 249; 

2\2_88_88159.jpg
400 320
173 29 332 313; 168 24 335 319; 170 26 336 320; 169 25 334 319; 174 20 329 320; 170 24 335 320; 169 24 332 320; 169 24 332 320; 169 24 332 320; 

2\2_88_88163.jpg
400 320
88 41 246 228; 89 40 246 229; 87 41 241 230; 89 41 244 228; 90 48 244 224; 86 40 246 226; 89 41 243 226; 89 41 243 226; 89 41 243 226; 

2\2_88_88168.jpg
400 320
83 39 265 232; 82 39 265 229; 82 42 259 220; 83 41 263 226; 83 38 263 226; 80 39 264 226; 81 39 264 227; 81 39 264 227; 81 39 264 227; 

2\2_88_88198.jpg
400 305
88 39 338 284; 84 39 337 282; 112 43 329 272; 84 39 334 277; 97 43 332 274; 84 39 335 278; 108 39 334 278; 108 39 334 278; 108 39 334 278; 

2\2_88_88294.jpg
400 300
22 94 382 208; 27 95 383 204; 26 97 381 203; 26 96 381 212; 26 94 384 202; 25 96 381 209; 26 96 381 211; 26 96 381 211; 26 96 381 211; 

2\2_88_88308.jpg
400 324
42 26 295 244; 47 26 294 242; 46 29 302 242; 42 25 294 241; 41 28 291 246; 44 25 294 239; 44 27 294 241; 44 27 294 241; 44 27 294 241; 

2\2_88_88416.jpg
400 266
70 123 305 257; 76 124 306 250; 74 123 301 248; 71 123 305 250; 71 122 313 244; 70 124 306 250; 71 124 306 249; 71 124 306 249; 71 124 306 249; 

2\2_88_88528.jpg
320 400
156 16 312 359; 157 13 311 358; 160 11 309 352; 158 11 312 358; 160 6 310 349; 160 11 311 355; 159 275 247 359; 159 275 247 360; 159 276 246 359; 

2\2_88_88618.jpg
400 328
4 29 176 323; 6 22 175 328; 1 27 164 328; 2 21 174 328; 0 21 164 328; 1 21 173 328; 0 21 173 328; 0 21 173 328; 0 21 173 328; 

2\2_88_88645.jpg
400 310
164 48 314 246; 164 48 316 244; 163 48 316 238; 166 48 314 249; 156 50 318 242; 165 49 314 240; 164 48 316 254; 164 48 316 252; 164 48 316 254; 

2\2_88_88911.jpg
400 300
47 119 339 204; 51 119 339 199; 51 118 338 199; 49 118 339 200; 52 116 343 201; 48 118 338 199; 48 118 338 199; 48 118 338 199; 48 118 338 199; 

2\2_89_89063.jpg
399 394
123 14 274 384; 122 14 274 382; 126 16 275 382; 121 16 274 384; 121 14 273 387; 119 15 272 384; 121 16 277 383; 121 16 277 383; 121 16 277 383; 

2\2_89_89079.jpg
238 400
58 15 150 304; 54 16 148 306; 55 18 151 306; 57 16 148 304; 58 14 148 306; 55 16 149 309; 55 16 149 308; 55 16 149 308; 55 16 149 308; 

2\2_89_89090.jpg
400 300
74 23 340 269; 71 24 341 270; 72 24 339 266; 72 24 341 268; 76 50 346 258; 74 54 341 268; 72 52 341 268; 72 52 341 268; 72 25 341 268; 

2\2_89_89100.jpg
266 400
127 34 212 388; 128 32 211 376; 123 34 213 380; 126 34 211 381; 128 32 213 378; 128 34 212 379; 128 34 211 381; 128 34 211 381; 128 34 211 381; 

2\2_89_89169.jpg
400 296
163 91 388 282; 166 82 386 286; 166 121 387 258; 164 84 387 284; 163 111 389 258; 162 84 388 284; 165 84 387 284; 165 84 387 284; 165 84 387 284; 

2\2_89_89210.jpg
400 400
39 45 176 357; 36 50 174 362; 45 48 173 361; 35 49 174 357; 48 49 179 358; 41 47 172 358; 40 49 174 359; 40 49 174 359; 40 49 174 359; 

2\2_89_89214.jpg
400 330
152 128 378 319; 151 126 378 318; 148 130 381 310; 150 126 379 316; 161 131 382 312; 150 128 378 317; 150 128 379 318; 150 128 379 318; 150 128 379 318; 

2\2_89_89218.jpg
299 400
69 28 270 367; 71 29 265 356; 71 28 217 285; 71 28 265 356; 68 29 264 361; 69 28 221 276; 69 28 266 353; 69 28 266 353; 69 28 266 353; 

2\2_89_89250.jpg
400 300
72 162 277 300; 66 163 276 299; 72 164 274 300; 69 160 277 300; 74 159 275 299; 69 163 276 300; 67 163 276 300; 67 161 276 300; 67 161 276 300; 

2\2_89_89272.jpg
400 253
15 37 212 244; 14 36 212 242; 12 36 209 241; 14 36 212 243; 14 38 211 244; 14 35 209 242; 15 37 211 242; 15 37 211 242; 15 37 211 242; 

2\2_89_89273.jpg
399 357
188 29 376 274; 190 33 377 269; 190 32 379 260; 190 33 375 265; 185 32 374 262; 189 33 375 268; 271 33 374 117; 190 33 374 265; 189 33 374 264; 

2\2_89_89281.jpg
400 320
40 34 261 266; 39 36 259 264; 43 42 259 262; 42 35 259 261; 42 39 266 262; 41 36 258 261; 41 35 259 261; 41 35 259 261; 41 35 259 261; 

2\2_89_89283.jpg
400 320
48 36 228 227; 53 39 226 226; 54 44 228 217; 54 38 228 225; 50 31 224 202; 52 38 226 224; 51 38 226 226; 51 38 226 226; 51 38 226 226; 

2\2_89_89299.jpg
266 400
6 18 171 213; 9 17 171 209; 7 15 170 208; 8 16 170 209; 2 21 172 209; 8 17 173 211; 7 17 170 209; 7 17 170 209; 7 17 170 209; 

2\2_89_89301.jpg
400 300
29 59 258 218; 29 62 259 212; 32 60 257 211; 30 62 257 212; 32 61 261 209; 30 61 258 212; 29 62 257 214; 29 62 257 214; 29 62 257 214; 

2\2_89_89348.jpg
400 265
82 22 349 246; 76 26 347 243; 86 26 343 240; 78 27 348 244; 88 29 344 242; 78 26 344 244; 78 27 348 246; 78 27 348 246; 78 27 346 244; 

2\2_89_89429.jpg
300 400
121 42 223 239; 121 38 224 240; 120 39 216 233; 121 37 225 239; 118 34 222 240; 121 37 225 239; 121 35 227 238; 121 36 227 238; 121 37 227 238; 

2\2_89_89433.jpg
400 266
64 91 347 267; 76 96 342 265; 147 127 343 259; 74 94 342 265; 82 102 344 265; 76 96 344 266; 76 95 344 264; 76 95 342 264; 76 95 342 264; 

2\2_89_89460.jpg
400 300
217 72 369 299; 210 73 368 299; 214 75 369 300; 213 73 368 299; 221 71 369 298; 216 74 370 300; 213 72 369 300; 213 72 369 300; 213 72 369 300; 

2\2_89_89464.jpg
300 400
46 99 284 334; 43 99 284 332; 45 101 281 329; 42 100 284 334; 47 93 284 328; 41 99 288 334; 42 100 285 334; 42 100 286 334; 42 100 285 334; 

2\2_89_89493.jpg
400 239
37 35 363 203; 39 26 363 205; 42 33 361 202; 38 24 365 205; 41 37 365 201; 41 26 364 202; 39 24 363 206; 39 24 363 206; 39 24 363 206; 

2\2_89_89660.jpg
305 399
5 180 219 355; 6 181 221 352; 5 182 218 347; 4 180 220 356; 6 177 221 356; 5 181 218 355; 4 181 219 355; 4 181 219 355; 4 181 219 355; 

2\2_89_89673.jpg
238 399
30 85 197 389; 28 81 198 392; 28 84 197 389; 21 81 197 391; 18 83 195 389; 21 81 198 392; 19 81 198 390; 19 81 197 391; 19 81 197 391; 

2\2_89_89688.jpg
400 266
76 2 396 170; 76 1 399 175; 75 0 394 169; 77 2 398 173; 75 2 398 174; 76 1 400 176; 76 0 400 172; 76 0 400 177; 76 0 400 172; 

2\2_89_89851.jpg
400 286
256 71 349 254; 256 72 344 255; 255 72 342 252; 255 72 344 254; 251 74 343 250; 256 72 342 254; 256 72 342 253; 256 72 342 253; 256 72 342 253; 

2\2_89_89895.jpg
282 400
25 57 218 378; 28 58 221 375; 31 59 220 371; 28 59 219 374; 28 58 212 374; 28 58 218 374; 29 58 219 373; 29 58 219 373; 29 58 219 373; 

2\2_89_89905.jpg
400 300
138 68 354 241; 141 66 353 241; 144 62 346 238; 142 66 352 239; 151 58 356 238; 141 64 351 240; 142 66 351 239; 142 66 351 239; 142 66 351 239; 

2\2_89_89940.jpg
400 366
44 36 357 317; 45 41 351 314; 275 110 314 170; 43 39 352 315; 274 111 314 165; 274 110 315 167; 275 111 313 167; 275 111 313 167; 275 111 313 167; 

2\2_89_89952.jpg
320 400
65 11 251 313; 68 8 251 309; 71 8 250 302; 66 7 249 308; 70 20 261 302; 65 6 248 307; 68 6 247 306; 68 6 247 306; 68 6 247 306; 

2\2_89_89954.jpg
320 400
72 19 242 295; 74 18 242 293; 74 18 241 289; 72 17 242 293; 71 19 242 296; 72 16 242 289; 73 16 242 293; 73 16 242 293; 73 16 242 293; 

2\2_89_89955.jpg
320 400
44 18 266 203; 47 21 266 197; 49 21 266 200; 48 22 265 198; 49 21 265 200; 47 21 264 197; 48 21 266 197; 48 21 266 197; 48 21 266 197; 

2\2_89_89991.jpg
400 312
32 37 289 292; 34 33 287 277; 32 35 282 277; 34 35 287 284; 34 37 284 285; 33 35 285 283; 33 35 288 284; 33 35 288 284; 33 35 288 284; 

2\2_89_89997.jpg
266 400
22 49 250 325; 24 49 251 323; 22 45 249 320; 25 46 251 322; 23 46 252 322; 24 48 251 324; 24 47 251 322; 24 47 251 322; 24 47 251 322; 

2\2_90_90039.jpg
400 293
110 15 252 259; 112 16 251 259; 112 17 251 254; 115 15 251 257; 113 16 251 256; 112 16 251 258; 115 15 251 258; 115 15 251 260; 115 15 251 258; 

2\2_90_90079.jpg
400 266
34 113 166 218; 34 112 166 215; 37 111 167 217; 35 112 167 216; 34 112 168 219; 35 113 164 217; 34 111 166 216; 34 111 166 216; 34 111 166 216; 

2\2_90_90119.jpg
260 195
30 34 240 174; 29 36 245 175; 28 39 239 172; 30 35 244 176; 33 36 237 177; 29 34 245 179; 29 34 245 174; 29 34 245 174; 29 34 245 174; 

2\2_90_90135.jpg
262 400
71 61 219 281; 67 70 220 281; 85 68 190 279; 68 69 219 280; 71 69 221 281; 66 70 220 280; 67 69 220 281; 67 69 220 281; 67 69 220 281; 

2\2_90_90287.jpg
300 400
76 96 300 344; 78 98 298 347; 76 96 291 342; 78 98 298 346; 78 93 292 341; 80 97 298 345; 76 97 298 346; 76 97 298 346; 76 97 298 346; 

2\2_90_90306.jpg
399 300
45 75 205 281; 45 77 202 281; 46 75 199 271; 44 75 201 279; 44 63 201 278; 45 76 203 282; 43 76 201 275; 43 76 201 275; 43 76 201 279; 

2\2_90_90342.jpg
400 265
78 53 296 241; 78 56 296 242; 75 52 296 242; 78 54 296 244; 82 64 293 236; 78 55 295 242; 79 55 296 244; 79 55 296 244; 79 55 296 244; 

2\2_90_90354.jpg
400 266
12 18 239 258; 16 27 239 266; 16 24 239 266; 16 24 239 266; 15 21 232 264; 16 24 238 266; 16 24 238 266; 16 24 238 266; 16 24 238 266; 

2\2_90_90390.jpg
300 400
72 49 239 393; 69 45 239 397; 70 47 235 393; 71 44 238 396; 68 47 238 396; 69 45 236 396; 70 44 238 396; 70 44 238 396; 70 44 238 396; 

2\2_90_90392.jpg
399 289
84 35 317 271; 86 36 318 269; 84 34 318 261; 84 35 318 269; 84 37 316 267; 86 35 318 268; 85 35 316 268; 85 35 316 269; 85 35 316 268; 

2\2_90_90393.jpg
400 266
136 141 274 251; 132 138 274 250; 141 145 275 241; 136 137 274 251; 139 138 276 249; 137 138 274 250; 136 138 273 251; 136 138 273 251; 136 138 273 251; 

2\2_90_90407.jpg
400 299
88 24 248 215; 87 24 249 214; 90 90 236 211; 87 24 249 214; 89 81 244 217; 87 26 248 215; 88 24 248 214; 88 24 248 214; 88 24 248 214; 

2\2_90_90434.jpg
400 286
18 151 320 282; 10 149 322 284; 9 152 321 281; 9 148 322 283; 12 157 322 283; 11 154 323 282; 8 153 321 284; 8 148 321 284; 8 148 321 284; 

2\2_90_90503.jpg
400 258
93 51 236 169; 89 53 232 170; 87 52 232 166; 93 54 232 167; 73 54 236 166; 91 53 233 170; 91 54 232 169; 91 54 232 169; 91 54 232 169; 

2\2_90_90567.jpg
253 400
36 37 232 268; 40 33 232 269; 41 38 226 267; 41 34 231 268; 44 30 228 269; 40 34 231 269; 40 32 231 269; 40 32 231 269; 40 32 231 269; 

2\2_90_90626.jpg
400 266
63 56 278 253; 62 60 277 256; 64 59 272 249; 64 60 275 256; 72 63 277 253; 63 6 276 255; 63 58 276 256; 63 57 276 256; 63 58 276 256; 

2\2_90_90635.jpg
387 400
75 11 225 228; 74 13 226 218; 75 14 223 220; 74 13 226 215; 74 15 224 216; 75 14 226 216; 75 13 225 163; 75 13 224 215; 75 13 226 215; 

2\2_90_90658.jpg
399 352
32 34 355 210; 33 32 358 209; 31 32 357 219; 34 34 357 208; 32 32 361 211; 34 34 358 214; 33 34 358 208; 33 34 358 208; 33 34 358 208; 

2\2_90_90674.jpg
400 286
73 49 238 259; 73 46 237 264; 78 48 238 161; 76 48 237 261; 61 47 242 256; 77 48 236 262; 97 48 236 162; 97 48 236 163; 74 48 236 263; 

2\2_90_90726.jpg
400 266
91 44 341 137; 91 46 341 134; 92 112 329 136; 92 45 341 134; 92 112 330 136; 91 45 341 135; 91 45 341 136; 92 45 341 136; 91 45 341 136; 

2\2_90_90771.jpg
400 300
137 66 278 227; 134 68 281 226; 134 69 277 223; 132 68 280 223; 114 63 286 218; 134 68 280 224; 134 67 279 225; 134 67 279 225; 134 67 279 225; 

2\2_90_90800.jpg
400 266
120 59 333 182; 120 59 334 179; 120 60 334 179; 120 59 334 181; 114 51 334 179; 122 61 336 181; 121 61 334 181; 121 61 334 181; 121 61 334 181; 

2\2_90_90859.jpg
400 302
25 44 208 244; 28 44 207 243; 27 44 207 238; 29 43 207 244; 33 54 208 235; 28 41 204 244; 28 44 206 243; 28 44 207 244; 28 44 205 272; 

2\2_90_90887.jpg
281 400
44 167 257 374; 43 164 254 375; 78 185 192 342; 45 166 252 371; 48 163 257 366; 43 163 256 378; 44 165 257 376; 44 165 257 376; 44 165 257 376; 

2\2_91_91016.jpg
400 292
26 98 241 255; 26 100 241 256; 23 100 242 256; 26 100 241 255; 15 98 243 255; 26 99 239 258; 27 100 240 256; 27 100 240 256; 27 100 240 256; 

2\2_91_91042.jpg
400 274
139 68 342 251; 137 68 341 244; 140 69 339 247; 138 69 340 245; 131 73 339 243; 139 69 339 245; 139 70 341 243; 139 70 341 243; 139 70 341 243; 

2\2_91_91073.jpg
400 381
9 159 198 328; 8 158 200 329; 8 159 199 327; 8 158 199 327; 10 146 197 326; 8 159 199 328; 8 159 198 326; 8 159 198 326; 8 159 198 326; 

2\2_91_91116.jpg
400 266
168 39 392 216; 169 41 392 217; 170 44 393 219; 171 42 391 216; 172 34 384 239; 172 42 391 214; 171 42 392 217; 171 42 392 217; 171 42 392 217; 

2\2_91_91198.jpg
382 400
13 123 291 344; 12 127 289 341; 11 127 291 341; 9 125 288 343; 12 122 289 338; 11 125 288 343; 10 126 288 343; 10 126 288 343; 10 126 288 343; 

2\2_91_91391.jpg
400 270
133 54 231 261; 132 52 228 264; 131 54 227 270; 132 51 229 265; 129 52 232 266; 133 51 230 268; 132 52 229 267; 132 52 229 264; 132 52 229 267; 

2\2_91_91457.jpg
400 268
65 81 241 260; 66 82 239 262; 66 82 241 266; 65 82 239 262; 67 79 236 266; 65 82 240 269; 65 82 239 263; 66 82 239 264; 65 82 239 263; 

2\2_91_91491.jpg
400 272
186 31 325 187; 188 33 325 186; 187 29 323 191; 189 32 324 187; 185 29 325 193; 189 31 325 195; 188 32 326 190; 188 32 326 192; 188 32 326 190; 

2\2_91_91603.jpg
400 266
88 66 218 265; 88 72 219 261; 89 72 219 267; 88 73 221 264; 81 78 222 267; 88 71 221 220; 88 73 221 267; 88 75 221 267; 88 73 221 267; 

2\2_91_91635.jpg
400 300
151 71 260 234; 151 73 262 233; 152 74 264 226; 152 72 262 232; 151 72 264 234; 151 72 261 233; 151 71 268 232; 151 72 268 232; 151 71 268 232; 

2\2_91_91646.jpg
400 376
108 128 269 294; 107 128 269 292; 111 128 264 291; 109 128 268 291; 110 128 269 289; 111 127 266 292; 109 127 268 292; 109 127 268 292; 109 127 268 292; 

2\2_91_91670.jpg
400 300
86 81 309 277; 85 74 314 275; 94 77 301 270; 85 74 314 276; 84 70 309 263; 84 73 315 279; 84 74 314 276; 84 74 314 276; 84 74 314 276; 

2\2_91_91717.jpg
400 300
47 32 276 274; 51 31 278 274; 51 32 278 272; 48 32 276 274; 52 33 279 270; 49 31 275 273; 49 32 276 274; 49 32 276 274; 49 32 276 274; 

2\2_91_91732.jpg
400 300
191 94 363 259; 192 96 361 259; 196 98 359 255; 192 96 358 258; 188 99 362 247; 192 96 359 259; 191 97 358 259; 191 97 359 259; 191 97 358 259; 

2\2_91_91853.jpg
286 400
122 113 248 369; 119 115 249 365; 123 115 244 372; 121 115 249 369; 120 116 243 361; 120 113 249 370; 121 115 249 370; 121 115 249 370; 121 115 249 370; 

2\2_91_91953.jpg
307 400
76 72 223 378; 81 78 229 377; 79 76 221 371; 77 71 229 378; 84 74 231 373; 77 72 226 375; 77 71 229 375; 77 72 229 375; 77 71 229 376; 

2\2_92_92067.jpg
400 300
151 4 361 153; 152 1 361 150; 154 0 362 149; 152 0 360 149; 149 1 361 147; 154 2 361 152; 151 1 361 148; 151 1 361 149; 151 1 361 148; 

2\2_92_92133.jpg
400 288
91 3 325 205; 95 5 325 202; 94 3 326 203; 94 3 325 202; 97 4 327 197; 93 2 327 200; 95 3 324 202; 95 3 324 202; 95 3 324 202; 

2\2_92_92143.jpg
227 400
12 31 210 176; 14 32 208 180; 15 30 204 170; 14 32 208 179; 12 30 208 176; 13 33 208 179; 14 32 207 344; 14 32 207 344; 14 32 207 344; 

2\2_92_92154.jpg
400 320
25 109 231 206; 25 111 232 204; 28 108 235 197; 25 111 231 203; 31 105 231 199; 28 111 231 205; 25 111 231 193; 25 111 231 193; 25 111 231 193; 

2\2_92_92179.jpg
277 400
85 28 266 351; 89 30 268 361; 95 27 263 345; 89 28 268 364; 88 30 266 354; 88 28 268 364; 88 28 183 141; 88 28 183 141; 88 28 183 141; 

2\2_92_92216.jpg
400 260
28 82 136 228; 28 79 137 229; 87 72 137 225; 29 72 138 229; 32 78 138 229; 29 78 136 231; 29 71 137 229; 29 73 136 230; 29 71 137 231; 

2\2_92_92253.jpg
400 266
8 11 225 258; 4 11 225 266; 4 10 226 266; 1 12 225 265; 47 11 224 254; 2 11 224 266; 0 12 225 266; 0 12 225 266; 0 12 225 266; 

2\2_92_92269.jpg
351 399
93 96 223 308; 95 96 226 304; 98 94 224 302; 96 95 226 305; 92 99 225 304; 94 95 224 304; 96 95 224 305; 96 95 224 305; 96 95 224 305; 

2\2_92_92287.jpg
400 268
114 33 363 263; 119 37 362 265; 117 38 351 264; 119 38 363 265; 111 37 360 259; 117 38 363 268; 120 39 361 264; 118 38 362 267; 118 39 361 264; 

2\2_92_92300.jpg
400 299
129 88 373 299; 127 88 395 299; 128 85 385 298; 126 88 396 299; 132 88 398 299; 127 88 396 299; 129 88 395 299; 129 88 395 299; 129 88 395 299; 

2\2_92_92306.jpg
400 320
167 52 344 280; 173 56 344 277; 170 55 352 276; 169 56 346 278; 162 56 343 276; 169 54 346 278; 168 55 345 277; 168 55 345 277; 168 55 345 277; 

2\2_92_92312.jpg
400 300
39 89 229 281; 40 91 227 276; 36 92 230 266; 39 90 225 273; 37 89 228 272; 39 89 224 273; 39 90 226 273; 39 90 226 273; 39 90 226 273; 

2\2_92_92517.jpg
400 396
48 51 338 369; 50 50 340 368; 49 48 343 368; 51 48 341 365; 51 47 342 366; 51 49 339 366; 212 190 291 269; 212 190 291 269; 209 190 291 269; 

2\2_92_92558.jpg
280 400
47 23 224 372; 49 28 228 369; 44 29 226 347; 47 28 227 375; 40 28 233 361; 48 28 228 369; 47 28 226 375; 47 28 226 375; 47 28 226 375; 

2\2_92_92577.jpg
400 300
122 32 320 246; 120 31 317 241; 118 32 319 239; 120 32 317 246; 119 34 318 242; 121 32 316 250; 120 34 318 246; 120 32 318 246; 120 32 318 246; 

2\2_92_92678.jpg
400 270
245 42 389 230; 245 44 389 236; 256 43 388 134; 246 44 391 231; 246 44 391 226; 245 110 348 232; 246 42 391 232; 246 42 391 232; 246 42 391 232; 

2\2_92_92683.jpg
400 280
50 53 266 208; 44 56 271 211; 45 50 272 210; 46 54 270 211; 46 54 275 208; 42 53 270 211; 44 55 270 211; 44 54 270 211; 44 55 270 211; 

2\2_92_92684.jpg
400 299
177 35 325 237; 181 35 323 239; 179 37 321 233; 183 36 322 236; 185 35 326 231; 178 37 323 235; 183 35 321 237; 183 35 321 237; 183 35 321 237; 

2\2_92_92712.jpg
400 266
195 9 294 204; 198 11 292 208; 198 9 295 204; 198 11 291 207; 196 8 291 208; 198 10 293 208; 198 11 291 208; 198 11 291 208; 198 11 291 208; 

2\2_92_92797.jpg
400 266
104 61 365 259; 106 63 374 256; 106 61 370 253; 106 62 374 257; 111 62 308 229; 103 63 374 266; 106 61 375 256; 106 61 375 256; 106 61 375 256; 

2\2_92_92836.jpg
400 320
131 23 359 275; 136 23 361 273; 137 25 359 271; 135 24 361 271; 131 25 359 273; 136 21 361 271; 135 23 361 273; 135 23 361 273; 135 23 361 273; 

2\2_92_92852.jpg
301 399
98 12 200 378; 97 13 201 378; 95 12 198 373; 97 13 199 378; 99 6 202 380; 97 15 196 378; 97 11 198 378; 97 11 198 378; 97 11 198 378; 

2\2_92_92860.jpg
285 400
19 138 275 329; 16 137 276 331; 16 138 275 324; 16 138 275 329; 18 136 269 317; 16 134 274 331; 16 138 274 328; 16 138 274 328; 16 138 274 328; 

2\2_92_92935.jpg
400 300
119 44 397 268; 114 46 399 266; 114 46 400 264; 117 45 398 266; 114 43 398 267; 118 44 372 268; 117 45 399 267; 117 45 399 267; 117 45 399 267; 

2\2_92_92937.jpg
400 400
19 212 184 349; 24 216 184 349; 25 216 178 348; 23 216 182 348; 24 214 182 351; 24 216 184 348; 26 216 182 348; 26 216 182 348; 26 216 182 348; 

2\2_92_92976.jpg
400 300
74 29 282 276; 72 28 282 278; 72 29 287 276; 72 29 282 276; 74 31 281 275; 74 29 284 276; 72 29 282 276; 72 29 282 276; 72 29 282 276; 

2\2_93_93105.jpg
400 300
85 26 258 281; 84 25 258 284; 90 24 256 282; 84 23 258 299; 76 21 259 296; 85 24 259 283; 84 26 259 300; 84 26 258 281; 84 26 259 300; 

2\2_93_93142.jpg
400 266
60 19 305 246; 58 20 307 246; 58 20 304 245; 58 19 304 248; 59 27 305 251; 59 18 305 246; 59 18 306 249; 59 18 306 249; 59 18 306 249; 

2\2_93_93275.jpg
400 300
72 15 141 286; 73 18 141 280; 71 18 138 274; 74 18 139 280; 74 20 139 286; 74 18 141 281; 74 17 141 279; 74 17 141 279; 74 17 141 279; 

2\2_93_93311.jpg
400 300
66 47 334 262; 64 46 329 260; 71 49 325 261; 65 48 329 262; 74 46 330 266; 64 47 332 261; 64 47 331 261; 64 47 331 261; 64 47 331 261; 

2\2_93_93335.jpg
400 400
62 100 343 278; 60 102 344 281; 58 102 345 278; 60 104 342 279; 59 102 348 286; 60 102 344 276; 60 104 342 312; 60 104 341 317; 60 104 169 187; 

2\2_93_93337.jpg
400 270
39 24 221 230; 39 24 220 228; 41 41 218 226; 41 22 221 228; 39 38 222 229; 39 24 219 227; 41 22 221 227; 41 22 221 227; 41 22 221 227; 

2\2_93_93365.jpg
320 400
53 44 291 318; 51 46 292 328; 49 46 289 314; 52 46 291 324; 46 46 291 320; 52 48 290 324; 54 47 291 324; 54 47 291 324; 54 47 291 324; 

2\2_93_93375.jpg
400 400
35 24 279 245; 34 26 279 247; 32 26 283 243; 35 26 278 244; 44 28 278 244; 34 26 279 248; 34 26 279 244; 34 26 279 244; 34 26 279 244; 

2\2_93_93399.jpg
400 300
139 68 251 263; 142 67 251 261; 145 71 252 258; 139 66 250 258; 144 68 251 269; 142 66 251 261; 139 68 251 259; 139 68 251 259; 139 68 251 259; 

2\2_93_93506.jpg
400 296
197 58 368 287; 198 59 366 288; 196 58 365 286; 196 61 367 289; 202 59 369 289; 194 61 366 286; 196 61 366 288; 196 61 366 288; 196 61 366 288; 

2\2_93_93515.jpg
400 266
85 19 314 231; 82 21 313 231; 82 22 312 229; 82 21 314 232; 87 25 314 227; 85 21 315 228; 84 22 315 231; 84 22 315 231; 84 22 315 231; 

2\2_93_93571.jpg
400 371
67 64 349 326; 68 65 349 306; 74 64 345 312; 68 64 348 317; 71 62 345 313; 68 64 348 304; 67 64 348 318; 67 64 348 318; 67 64 348 318; 

2\2_93_93663.jpg
320 400
89 159 226 331; 92 156 226 331; 89 159 228 327; 92 158 228 328; 91 155 223 322; 91 158 229 327; 92 157 227 329; 92 157 227 329; 92 157 227 329; 

2\2_93_93686.jpg
299 399
38 79 271 384; 32 76 276 385; 22 82 279 378; 24 76 279 386; 34 84 269 383; 24 79 277 387; 25 78 278 388; 25 78 278 388; 25 78 278 388; 

2\2_93_93781.jpg
400 260
102 14 274 204; 102 15 272 203; 104 14 276 200; 102 15 272 202; 119 20 271 198; 100 14 272 201; 104 17 273 200; 104 17 273 201; 104 17 273 202; 

2\2_93_93790.jpg
400 301
39 161 229 302; 41 159 228 299; 38 161 224 298; 41 160 228 300; 41 162 229 302; 36 161 227 299; 41 161 228 298; 41 161 228 298; 41 161 228 298; 

2\2_93_93798.jpg
400 300
129 91 272 231; 132 95 275 230; 134 96 270 232; 132 92 274 229; 134 96 271 232; 130 94 274 229; 132 91 274 229; 132 91 274 229; 132 91 274 229; 

2\2_93_93890.jpg
400 259
8 52 291 239; 12 58 291 241; 9 61 296 237; 9 57 292 244; 10 54 292 244; 9 58 291 240; 9 57 291 242; 9 57 291 242; 9 57 291 242; 

2\2_93_93933.jpg
399 282
55 25 244 270; 57 25 243 264; 55 26 242 249; 58 25 241 258; 59 20 245 262; 59 25 243 265; 58 25 241 260; 58 25 241 261; 58 25 241 260; 

2\2_93_93961.jpg
400 303
9 58 301 303; 11 61 301 300; 23 63 274 159; 12 62 301 303; 16 60 303 301; 13 61 301 303; 13 157 301 303; 13 157 301 303; 12 61 301 303; 

2\2_93_93978.jpg
349 399
24 52 194 345; 24 51 197 347; 24 52 192 343; 23 52 195 342; 28 52 195 342; 25 52 196 341; 24 54 194 342; 24 52 194 342; 24 54 194 342; 

2\2_93_93981.jpg
400 274
202 92 365 243; 204 94 366 242; 203 96 360 242; 204 94 363 242; 208 91 363 239; 204 94 362 242; 203 94 363 243; 203 94 363 243; 203 94 363 243; 

2\2_93_93988.jpg
400 274
202 92 367 246; 201 92 365 243; 207 94 362 238; 203 93 364 242; 199 93 363 246; 200 94 364 242; 202 94 364 244; 202 94 364 244; 202 94 364 244; 

2\2_94_94015.jpg
400 353
1 91 262 271; 3 90 263 271; 3 92 260 269; 2 89 261 269; 6 89 266 267; 1 90 262 269; 2 89 261 268; 2 89 261 268; 2 89 261 268; 

2\2_94_94088.jpg
400 300
244 16 336 182; 246 16 339 178; 245 16 334 178; 247 17 339 177; 246 18 341 183; 245 16 339 177; 247 16 339 178; 247 16 339 178; 247 16 339 178; 

2\2_94_94130.jpg
317 400
34 71 279 376; 38 70 283 376; 32 68 282 372; 33 69 282 377; 34 69 281 374; 36 69 281 378; 35 69 279 378; 35 69 279 378; 35 69 279 378; 

