500

3\3_94_94137.jpg
400 298
14 7 259 270; 18 5 260 269; 17 7 258 268; 16 5 259 268; 15 4 263 264; 16 5 261 268; 16 6 259 268; 16 6 259 268; 16 6 259 268; 

3\3_94_94173.jpg
400 385
119 84 251 356; 120 90 251 351; 122 92 251 352; 119 90 249 357; 114 87 261 361; 121 92 253 343; 118 90 249 356; 118 90 249 358; 118 90 250 356; 

3\3_94_94174.jpg
303 400
11 200 224 392; 9 201 226 392; 6 202 225 391; 8 201 226 393; 8 195 227 394; 76 201 171 307; 6 201 225 393; 6 201 225 393; 6 201 225 393; 

3\3_94_94199.jpg
400 300
7 44 311 194; 1 44 295 190; 135 55 294 190; 1 44 296 191; 2 49 399 292; 111 45 298 193; 112 45 296 191; 0 46 296 191; 129 46 296 191; 

3\3_94_94218.jpg
286 400
83 49 205 370; 79 50 209 372; 95 49 204 369; 79 49 207 373; 96 49 210 379; 79 49 208 376; 79 50 207 373; 79 50 207 373; 79 50 207 373; 

3\3_94_94263.jpg
400 300
116 66 274 296; 117 61 274 300; 143 62 211 146; 117 58 274 300; 113 57 279 299; 145 58 214 145; 116 57 273 300; 116 57 273 300; 116 57 273 300; 

3\3_94_94291.jpg
400 361
174 61 276 276; 176 62 276 278; 174 65 274 282; 174 62 274 281; 170 54 282 278; 174 61 274 279; 174 63 274 281; 174 63 274 281; 174 63 274 281; 

3\3_94_94324.jpg
400 365
48 38 322 339; 50 41 320 337; 49 39 319 338; 50 39 319 336; 51 36 324 328; 197 167 274 246; 47 40 320 333; 47 40 320 334; 47 40 320 333; 

3\3_94_94359.jpg
399 342
17 152 389 336; 11 149 387 340; 11 152 386 331; 9 150 389 338; 17 156 381 328; 10 149 390 327; 8 148 391 339; 8 152 391 339; 8 148 391 339; 

3\3_94_94371.jpg
330 400
28 55 256 374; 27 53 258 377; 28 99 251 371; 27 54 257 379; 18 54 256 369; 28 56 257 354; 26 56 257 375; 26 56 258 378; 26 56 257 375; 

3\3_94_94374.jpg
400 216
37 54 365 188; 34 54 369 185; 36 55 368 165; 32 54 369 188; 36 54 371 177; 32 54 368 186; 32 54 369 187; 32 54 369 187; 32 54 369 187; 

3\3_94_94490.jpg
400 300
44 164 363 262; 41 164 362 263; 36 167 358 252; 42 165 359 263; 31 172 366 251; 122 165 228 263; 41 165 359 261; 41 165 359 261; 41 165 359 261; 

3\3_94_94592.jpg
299 400
58 34 289 257; 60 37 290 255; 64 39 289 254; 59 35 291 256; 59 43 295 259; 60 36 291 258; 59 36 291 258; 59 36 291 258; 59 36 291 258; 

3\3_94_94612.jpg
290 400
39 48 236 358; 41 54 235 361; 39 52 126 351; 42 54 233 362; 41 52 235 353; 42 53 234 352; 42 54 234 363; 42 54 234 363; 42 54 234 363; 

3\3_94_94620.jpg
400 300
129 23 288 257; 124 22 289 256; 148 24 266 212; 125 19 286 258; 139 28 283 251; 126 20 287 258; 127 19 286 256; 127 19 286 256; 127 19 286 256; 

3\3_94_94650.jpg
400 224
108 17 302 212; 110 16 299 211; 108 18 300 210; 109 17 302 211; 104 22 300 210; 109 18 301 211; 108 18 301 211; 108 18 301 211; 108 18 301 211; 

3\3_94_94683.jpg
399 267
191 20 367 166; 191 26 369 162; 198 27 367 162; 192 25 369 165; 195 24 368 162; 192 25 367 163; 194 24 370 161; 194 24 370 161; 194 24 370 161; 

3\3_94_94693.jpg
400 266
84 26 321 238; 84 28 318 236; 88 32 318 232; 83 26 320 238; 85 27 318 224; 82 23 322 235; 82 26 321 237; 82 26 321 237; 82 26 321 237; 

3\3_94_94781.jpg
400 153
11 19 245 136; 13 20 244 136; 12 18 244 134; 11 19 244 138; 9 20 245 136; 12 19 243 136; 12 21 243 136; 12 21 243 136; 12 21 243 136; 

3\3_94_94816.jpg
400 400
188 59 389 227; 183 60 385 223; 183 63 383 219; 184 60 384 221; 185 53 385 219; 183 59 385 223; 186 63 384 221; 186 63 384 221; 186 63 384 221; 

3\3_94_94826.jpg
400 281
39 64 288 249; 36 66 290 247; 49 66 281 238; 36 68 289 252; 49 67 288 243; 36 99 231 250; 36 68 290 251; 36 68 290 251; 36 68 290 251; 

3\3_94_94844.jpg
400 266
146 45 300 249; 145 42 301 248; 145 45 297 235; 146 43 301 249; 149 41 299 247; 147 43 300 248; 145 42 299 249; 145 42 299 249; 145 43 299 249; 

3\3_94_94894.jpg
400 331
29 22 216 207; 30 21 212 204; 32 21 210 200; 30 22 211 202; 31 19 211 200; 30 22 213 203; 30 22 213 202; 30 22 213 202; 30 22 213 202; 

3\3_94_94902.jpg
400 363
183 47 397 354; 176 47 399 362; 202 54 393 324; 174 48 399 362; 192 49 400 353; 178 48 400 334; 174 47 400 362; 174 47 400 362; 174 71 400 362; 

3\3_94_94917.jpg
400 300
0 120 363 280; 1 120 365 279; 2 122 339 272; 0 120 363 279; 3 119 361 269; 1 120 364 277; 0 120 363 277; 0 120 363 277; 0 120 363 277; 

3\3_94_94937.jpg
400 270
154 67 372 259; 156 67 377 264; 153 64 304 196; 156 68 378 265; 151 68 381 266; 156 68 378 269; 155 68 378 264; 155 68 378 264; 155 68 378 264; 

3\3_94_94953.jpg
399 290
155 12 349 283; 158 13 351 282; 159 16 306 165; 157 14 351 282; 155 19 353 281; 157 14 351 283; 159 14 352 280; 159 14 352 280; 159 14 352 280; 

3\3_94_94985.jpg
270 400
11 132 251 396; 14 133 256 397; 19 144 252 389; 14 144 252 399; 15 140 254 400; 62 286 207 353; 14 144 251 400; 14 141 252 400; 14 144 251 400; 

3\3_95_95010.jpg
400 285
93 28 370 255; 96 32 368 254; 88 29 363 252; 94 30 367 255; 94 31 370 246; 92 30 367 254; 92 28 364 256; 92 28 367 256; 92 28 364 256; 

3\3_95_95044.jpg
400 205
118 27 208 128; 118 27 208 129; 121 29 203 122; 119 28 206 129; 118 28 206 129; 119 28 206 130; 118 28 206 131; 118 28 206 131; 118 28 206 131; 

3\3_95_95049.jpg
285 400
50 22 204 216; 49 18 206 217; 51 42 196 208; 48 18 201 216; 46 18 203 223; 49 46 202 217; 47 16 201 218; 47 16 201 218; 47 16 201 218; 

3\3_95_95116.jpg
260 400
32 49 249 246; 32 51 249 249; 51 62 208 216; 34 49 249 250; 34 52 247 229; 34 49 248 249; 34 50 250 251; 34 50 250 251; 34 50 250 251; 

3\3_95_95325.jpg
399 230
82 45 195 224; 82 45 196 229; 83 47 194 230; 83 46 195 230; 81 47 194 229; 83 46 195 230; 83 46 194 230; 83 46 194 230; 83 46 194 230; 

3\3_95_95340.jpg
399 399
137 24 291 253; 138 27 292 254; 138 24 290 260; 139 26 291 254; 136 27 294 254; 134 37 290 256; 138 26 290 254; 138 26 290 254; 138 26 290 254; 

3\3_95_95343.jpg
400 264
123 80 394 260; 116 82 398 263; 117 83 400 264; 115 81 399 264; 118 83 396 265; 115 81 399 263; 116 81 399 265; 116 81 399 265; 116 81 399 265; 

3\3_95_95361.jpg
400 266
31 28 362 219; 26 31 368 220; 32 35 371 216; 24 31 365 221; 26 28 368 221; 26 31 368 222; 24 31 373 220; 24 31 372 222; 24 31 364 220; 

3\3_95_95422.jpg
302 400
21 44 202 249; 24 49 199 245; 24 49 197 247; 22 45 201 248; 26 46 189 244; 21 45 202 246; 22 44 200 247; 22 44 200 247; 22 44 200 247; 

3\3_95_95440.jpg
400 288
35 39 243 272; 39 39 244 281; 170 151 243 252; 36 32 243 281; 41 39 241 281; 179 166 243 254; 35 38 243 281; 35 38 243 281; 35 38 243 281; 

3\3_95_95489.jpg
400 368
193 106 389 363; 193 109 381 366; 198 109 384 363; 194 108 394 368; 198 101 389 358; 194 109 392 338; 194 109 395 368; 194 109 392 368; 194 109 392 366; 

3\3_95_95581.jpg
400 300
202 14 370 286; 201 14 371 288; 228 44 369 189; 202 13 369 288; 196 8 366 286; 202 13 369 288; 201 14 371 289; 201 14 371 289; 201 14 371 289; 

3\3_95_95588.jpg
335 400
28 95 221 331; 30 93 223 328; 30 95 220 321; 28 95 220 329; 32 92 221 328; 28 94 221 328; 28 95 220 330; 28 95 220 330; 28 95 220 330; 

3\3_95_95597.jpg
400 300
101 5 347 298; 101 0 351 300; 99 1 322 207; 104 1 348 299; 96 2 347 261; 64 1 325 213; 120 127 350 259; 224 229 319 300; 105 0 350 259; 

3\3_95_95620.jpg
266 400
62 71 198 398; 64 72 199 399; 65 72 196 391; 65 74 199 400; 62 72 200 400; 64 72 199 353; 64 74 197 400; 64 74 197 400; 64 74 197 400; 

3\3_95_95622.jpg
247 400
34 69 192 396; 30 56 192 399; 37 58 189 391; 34 57 191 399; 33 51 192 400; 33 55 189 354; 34 58 190 400; 34 58 190 400; 34 58 190 400; 

3\3_95_95642.jpg
348 400
119 180 292 381; 118 178 291 381; 123 176 289 367; 117 177 291 380; 128 175 290 353; 119 177 291 351; 118 176 292 372; 118 176 292 372; 118 176 292 372; 

3\3_95_95651.jpg
249 400
121 16 238 309; 121 16 236 312; 122 16 234 311; 122 15 235 314; 119 13 238 315; 121 44 236 314; 121 14 235 312; 121 14 235 312; 121 14 235 312; 

3\3_95_95660.jpg
400 287
254 12 386 161; 254 12 384 159; 256 12 384 161; 252 12 385 157; 246 8 382 162; 251 12 385 156; 253 13 384 157; 253 13 384 157; 253 13 384 157; 

3\3_95_95680.jpg
400 293
19 58 206 266; 18 56 214 266; 21 57 209 268; 18 57 212 266; 21 50 214 274; 19 58 212 265; 17 58 211 267; 17 58 211 267; 17 58 211 267; 

3\3_95_95681.jpg
400 305
54 41 149 273; 49 39 151 274; 52 42 143 270; 51 40 149 273; 54 41 147 272; 51 40 149 274; 50 41 150 273; 50 41 150 273; 50 41 150 273; 

3\3_95_95684.jpg
399 266
61 65 225 243; 62 62 224 239; 60 66 219 235; 61 64 222 239; 61 65 222 240; 61 64 221 240; 62 65 223 241; 62 65 223 241; 62 65 223 241; 

3\3_95_95689.jpg
399 291
207 112 388 291; 204 116 395 291; 205 149 395 289; 206 114 395 291; 205 116 400 292; 207 115 396 291; 206 114 394 292; 206 114 394 292; 206 114 394 292; 

3\3_95_95695.jpg
400 266
197 94 356 258; 197 96 358 254; 201 99 352 246; 198 98 358 252; 199 92 357 251; 199 97 358 253; 198 98 358 255; 198 98 358 255; 198 98 358 255; 

3\3_95_95850.jpg
267 400
55 28 228 371; 55 29 243 369; 56 31 241 367; 54 28 244 368; 60 27 240 364; 55 32 244 368; 55 28 243 369; 55 28 243 369; 55 28 243 369; 

3\3_95_95854.jpg
400 266
118 79 311 194; 116 78 312 192; 118 80 307 192; 118 79 311 192; 121 81 308 200; 118 80 312 194; 119 79 311 193; 117 79 311 193; 147 79 271 194; 

3\3_95_95901.jpg
352 400
25 72 233 324; 31 69 232 313; 36 73 232 311; 28 71 233 311; 35 73 238 328; 30 71 233 311; 26 71 233 310; 26 71 234 310; 26 71 233 310; 

3\3_95_95922.jpg
399 266
111 72 218 230; 110 73 215 224; 111 73 212 216; 110 74 217 229; 110 77 218 230; 110 73 219 224; 108 75 217 225; 108 74 217 225; 108 75 217 225; 

3\3_96_96013.jpg
400 322
83 67 334 284; 82 71 332 276; 83 70 331 266; 84 72 331 278; 81 71 336 268; 82 69 334 275; 83 72 332 278; 83 72 332 278; 83 72 332 278; 

3\3_96_96016.jpg
322 400
87 95 234 364; 86 89 233 359; 88 88 236 358; 88 86 233 361; 87 88 234 360; 88 88 236 363; 87 87 234 364; 87 87 234 364; 87 87 234 364; 

3\3_96_96054.jpg
320 400
49 42 219 310; 50 42 219 308; 48 44 223 307; 47 41 223 312; 49 45 222 314; 47 41 218 315; 47 42 222 313; 47 42 222 313; 47 42 222 313; 

3\3_96_96082.jpg
400 358
186 179 360 321; 193 179 358 321; 201 189 358 308; 191 179 359 322; 199 187 354 325; 196 189 359 321; 191 179 360 322; 191 179 358 320; 191 179 360 322; 

3\3_96_96207.jpg
400 320
16 74 362 243; 15 76 362 245; 14 76 362 240; 17 65 362 246; 19 77 361 221; 16 65 362 236; 16 66 361 239; 16 66 361 246; 16 66 361 246; 

3\3_96_96221.jpg
400 368
35 11 249 274; 34 12 251 274; 38 13 246 267; 36 13 248 274; 38 14 251 275; 37 29 248 272; 35 12 249 274; 35 12 249 274; 35 12 249 274; 

3\3_96_96340.jpg
400 300
150 62 311 294; 151 64 312 300; 152 64 312 300; 150 64 310 300; 151 61 308 298; 151 64 310 300; 150 65 311 300; 150 65 311 300; 150 65 311 300; 

3\3_96_96362.jpg
300 400
17 62 109 276; 14 61 109 274; 15 61 107 272; 15 61 109 272; 18 63 112 272; 15 61 108 272; 14 62 109 272; 14 62 109 272; 14 62 109 272; 

3\3_96_96469.jpg
400 266
68 49 351 230; 70 50 353 237; 67 52 343 139; 64 49 353 241; 60 51 353 236; 65 49 354 241; 65 50 353 239; 65 50 353 239; 65 50 353 239; 

3\3_96_96537.jpg
400 300
7 59 294 270; 8 59 293 261; 8 72 289 248; 7 58 293 268; 9 80 289 261; 8 58 292 264; 6 58 293 266; 6 58 293 266; 6 58 293 266; 

3\3_96_96563.jpg
400 266
60 21 277 258; 60 21 281 264; 68 20 244 241; 62 20 281 265; 65 17 277 265; 61 21 281 262; 61 18 281 266; 61 18 281 266; 61 18 281 266; 

3\3_96_96597.jpg
400 335
129 135 270 336; 133 135 271 335; 133 134 268 335; 134 134 269 335; 128 132 272 331; 135 133 270 321; 134 134 269 335; 134 134 269 335; 134 134 269 335; 

3\3_96_96682.jpg
400 310
124 71 322 222; 123 69 322 216; 122 70 320 217; 124 69 320 216; 129 68 321 225; 123 71 321 217; 122 70 320 216; 122 70 320 216; 122 70 320 216; 

3\3_96_96769.jpg
400 258
6 52 238 220; 2 55 238 213; 1 56 237 212; 1 54 238 214; 4 54 241 202; 1 54 237 211; 1 54 238 214; 1 54 238 214; 1 54 238 214; 

3\3_96_96778.jpg
400 266
73 30 320 237; 84 30 319 238; 82 32 317 237; 76 30 317 239; 77 33 317 231; 75 30 319 237; 75 31 317 239; 75 31 317 239; 75 31 317 239; 

3\3_96_96962.jpg
399 296
123 45 325 292; 122 46 327 295; 121 44 324 177; 122 47 326 296; 125 34 316 290; 120 45 325 186; 122 48 326 295; 122 48 325 293; 122 48 326 295; 

3\3_97_97137.jpg
400 266
202 98 358 258; 199 97 357 256; 196 99 360 253; 198 98 359 252; 204 98 356 254; 198 98 359 255; 199 98 359 254; 199 98 359 254; 199 98 359 254; 

3\3_97_97280.jpg
400 300
101 60 318 291; 99 61 322 291; 97 64 320 289; 100 56 320 291; 101 63 320 289; 99 62 321 289; 99 64 320 289; 99 64 319 289; 99 64 320 289; 

3\3_97_97290.jpg
400 266
107 59 292 259; 105 59 292 259; 104 59 291 254; 105 59 291 256; 100 57 289 254; 104 59 291 258; 105 59 291 254; 105 59 291 254; 105 59 291 254; 

3\3_97_97313.jpg
400 266
119 25 281 259; 121 22 279 265; 120 23 274 267; 120 23 279 267; 121 25 279 267; 153 88 241 215; 121 22 277 217; 121 22 277 267; 161 127 233 189; 

3\3_97_97359.jpg
399 267
35 67 356 223; 35 64 368 223; 32 65 369 223; 35 63 369 227; 35 64 368 223; 33 63 363 222; 35 63 367 225; 35 63 367 227; 35 63 367 225; 

3\3_97_97407.jpg
400 200
20 16 294 182; 21 21 291 178; 24 21 291 132; 21 20 292 179; 27 21 294 179; 21 22 292 178; 22 24 291 179; 38 131 288 178; 22 24 291 179; 

3\3_97_97676.jpg
400 285
13 16 254 251; 21 22 254 245; 57 132 236 241; 21 21 252 246; 27 19 252 247; 59 139 113 203; 58 139 113 201; 201 39 253 96; 58 139 228 245; 

3\3_97_97700.jpg
400 293
25 84 234 276; 26 81 232 279; 25 84 231 273; 25 81 233 278; 31 84 232 273; 25 82 233 277; 24 82 234 277; 24 82 234 277; 24 82 234 277; 

3\3_97_97709.jpg
300 400
86 24 231 364; 87 21 226 361; 84 26 229 369; 84 21 228 366; 86 21 229 364; 86 45 228 355; 135 24 199 100; 135 24 199 100; 135 24 199 114; 

3\3_97_97710.jpg
308 400
42 4 249 305; 41 0 252 321; 42 10 247 291; 39 2 252 322; 42 4 248 400; 39 130 122 216; 39 2 211 212; 39 2 211 216; 39 2 251 320; 

3\3_97_97769.jpg
400 232
22 20 216 151; 26 22 214 151; 25 21 216 149; 24 21 217 148; 26 24 215 152; 28 22 214 149; 22 22 218 149; 22 22 218 149; 22 22 218 149; 

3\3_97_97770.jpg
400 400
11 119 240 361; 9 119 237 358; 12 118 238 359; 10 119 239 360; 12 118 238 364; 12 119 239 353; 9 119 241 360; 9 119 241 360; 9 119 241 360; 

3\3_97_97847.jpg
400 400
83 31 295 278; 85 34 291 276; 84 36 289 277; 85 35 290 274; 84 35 288 274; 84 45 289 275; 84 34 289 274; 84 34 289 274; 84 34 289 274; 

3\3_97_97863.jpg
269 400
5 91 242 269; 6 92 242 266; 8 94 241 265; 6 89 241 268; 8 92 246 264; 7 92 242 268; 6 92 241 268; 6 92 241 268; 6 92 241 268; 

3\3_97_97915.jpg
380 400
32 114 277 348; 33 114 272 344; 34 114 269 344; 34 114 272 343; 35 115 277 348; 34 114 275 344; 36 114 272 343; 36 114 272 343; 36 114 272 343; 

3\3_97_97923.jpg
298 400
29 28 271 276; 27 26 268 278; 26 28 268 274; 26 28 268 278; 26 27 270 276; 28 44 268 276; 27 28 266 278; 27 28 266 278; 27 28 266 278; 

3\3_97_97970.jpg
400 300
36 46 370 238; 36 47 366 238; 34 48 368 234; 38 48 368 240; 29 49 368 242; 39 48 365 238; 38 48 367 241; 38 48 367 241; 38 48 367 241; 

3\3_97_97974.jpg
400 300
37 81 345 252; 35 81 346 256; 48 79 339 256; 36 82 346 258; 38 82 345 254; 36 81 347 258; 38 81 346 258; 38 81 346 258; 38 81 346 258; 

3\3_97_97976.jpg
400 300
19 57 362 226; 12 64 365 227; 24 64 361 224; 14 54 364 226; 16 62 361 218; 14 62 364 224; 14 62 361 228; 14 62 361 228; 14 62 361 228; 

3\3_97_97991.jpg
400 300
66 58 275 294; 69 59 274 290; 69 59 275 286; 66 58 275 297; 62 58 274 289; 67 58 274 296; 66 58 274 297; 66 58 274 297; 66 58 274 297; 

3\3_97_97994.jpg
400 300
64 103 297 298; 68 100 298 299; 66 100 302 292; 65 99 302 299; 70 101 300 300; 68 99 302 298; 65 98 301 300; 65 98 301 300; 65 98 301 300; 

3\3_98_98011.jpg
341 399
8 3 216 220; 11 7 219 223; 13 12 217 218; 10 4 219 225; 17 12 326 214; 10 41 218 222; 10 4 220 225; 10 4 220 225; 10 4 220 225; 

3\3_98_98012.jpg
300 400
60 71 290 260; 59 71 293 263; 61 71 292 259; 59 72 292 261; 61 68 289 368; 58 72 294 261; 59 71 293 261; 59 71 294 372; 59 71 293 261; 

3\3_98_98020.jpg
399 266
194 9 384 202; 199 9 382 198; 197 11 381 199; 199 9 380 198; 205 7 378 194; 199 10 382 200; 202 10 373 198; 202 10 387 206; 202 10 375 198; 

3\3_98_98084.jpg
400 324
91 56 309 274; 89 54 311 271; 89 59 308 273; 92 55 308 272; 89 56 308 272; 91 54 310 273; 92 56 309 272; 92 56 309 272; 92 56 309 272; 

3\3_98_98087.jpg
400 299
22 68 397 222; 22 69 376 222; 23 70 398 223; 23 70 398 223; 17 67 400 225; 23 69 397 220; 23 70 398 222; 23 70 398 222; 23 70 398 222; 

3\3_98_98109.jpg
400 385
129 115 279 266; 127 120 277 268; 131 118 276 267; 132 119 276 266; 135 119 276 268; 131 119 278 268; 132 114 278 266; 132 114 278 270; 132 114 278 266; 

3\3_98_98252.jpg
399 267
121 70 327 263; 123 73 324 261; 124 79 326 266; 125 73 324 264; 113 79 324 259; 124 74 326 264; 124 74 325 264; 124 74 326 264; 124 74 325 264; 

3\3_98_98257.jpg
326 400
117 34 296 155; 119 36 295 152; 118 34 293 151; 117 30 295 150; 115 34 298 156; 117 43 296 152; 119 32 296 150; 119 32 296 150; 119 32 296 186; 

3\3_98_98321.jpg
400 268
113 47 321 192; 114 47 321 188; 114 47 314 188; 114 48 321 194; 111 46 319 192; 114 48 320 194; 114 49 320 190; 114 49 320 190; 114 49 320 190; 

3\3_98_98428.jpg
400 184
141 15 364 185; 140 15 362 184; 142 15 362 184; 143 17 362 184; 130 18 364 184; 142 16 364 184; 143 17 363 184; 143 17 363 184; 143 17 363 184; 

3\3_98_98431.jpg
400 266
83 29 298 247; 81 32 298 250; 84 31 296 246; 82 29 298 249; 79 31 304 248; 83 30 296 248; 82 31 297 249; 82 31 297 249; 82 31 297 249; 

3\3_98_98589.jpg
400 300
52 124 288 292; 53 131 288 292; 57 131 286 293; 54 131 287 293; 55 129 288 294; 55 131 288 292; 54 131 287 292; 54 131 287 292; 54 131 287 292; 

3\3_98_98592.jpg
400 266
26 87 371 195; 24 89 372 194; 29 90 368 191; 26 91 370 198; 27 88 365 196; 26 91 369 194; 25 92 370 195; 25 92 370 195; 25 92 370 195; 

3\3_98_98614.jpg
320 400
61 33 260 256; 60 37 260 259; 60 36 263 253; 60 36 261 258; 0 68 169 308; 68 45 259 256; 61 36 261 258; 61 36 261 258; 61 36 261 258; 

3\3_98_98996.jpg
400 400
169 23 366 172; 170 27 366 170; 168 27 365 163; 170 26 366 170; 163 28 366 176; 169 27 368 169; 170 25 367 170; 170 25 367 170; 170 25 367 170; 

3\3_99_99041.jpg
261 400
11 17 217 259; 12 17 208 256; 17 21 211 258; 12 17 208 256; 14 21 228 398; 12 45 208 257; 12 16 208 256; 12 16 208 256; 12 16 208 256; 

3\3_99_99079.jpg
400 288
141 42 351 224; 141 40 351 227; 144 38 354 228; 141 39 350 227; 140 31 349 223; 139 39 351 227; 142 41 349 222; 142 41 349 222; 142 41 349 222; 

3\3_99_99198.jpg
400 381
153 22 354 218; 155 16 351 219; 153 61 351 216; 151 15 354 222; 173 16 356 228; 151 22 351 221; 150 16 350 219; 150 16 350 219; 150 16 350 219; 

3\3_99_99223.jpg
300 400
50 99 217 316; 50 102 219 322; 74 104 218 309; 55 102 219 322; 72 96 221 308; 54 101 220 309; 56 102 218 321; 55 102 218 322; 56 102 218 321; 

3\3_99_99257.jpg
400 300
199 99 344 287; 194 102 345 286; 201 101 341 286; 194 100 346 286; 198 96 349 289; 195 100 345 286; 194 99 345 285; 194 99 345 286; 194 99 345 285; 

3\3_99_99263.jpg
299 400
111 25 279 382; 112 19 282 400; 115 19 280 389; 112 16 283 400; 134 19 284 362; 111 46 282 351; 112 16 281 400; 112 16 281 400; 112 16 281 400; 

3\3_99_99279.jpg
400 251
32 57 356 215; 35 61 356 209; 38 60 355 209; 36 61 357 211; 36 58 358 207; 37 61 356 209; 37 61 356 207; 53 72 356 207; 37 61 356 211; 

3\3_99_99358.jpg
266 400
64 48 238 387; 68 45 237 391; 69 67 229 390; 65 35 237 391; 66 55 247 389; 64 48 238 364; 64 45 250 391; 64 45 237 391; 64 45 235 391; 

3\3_99_99416.jpg
304 400
56 22 284 334; 54 18 291 327; 91 21 251 164; 56 18 289 327; 56 19 289 400; 56 45 289 354; 56 20 289 400; 56 20 289 400; 120 20 211 138; 

3\3_99_99456.jpg
400 266
179 95 372 256; 180 98 369 259; 198 96 368 259; 181 97 369 260; 195 98 366 258; 193 96 368 259; 179 96 369 258; 179 96 369 259; 179 96 369 258; 

3\3_99_99483.jpg
400 313
83 20 331 249; 82 19 332 246; 83 22 329 248; 82 22 331 252; 80 22 332 249; 82 22 331 251; 82 22 332 252; 82 21 332 252; 82 22 332 254; 

3\3_99_99610.jpg
400 295
239 37 381 292; 236 31 382 294; 238 37 381 295; 237 32 381 295; 244 31 382 295; 236 34 382 294; 238 34 382 295; 238 34 382 295; 238 34 382 295; 

3\3_99_99711.jpg
400 300
78 79 233 237; 79 79 236 237; 78 79 233 237; 79 81 233 237; 77 78 235 237; 79 79 233 237; 80 79 233 237; 80 79 233 237; 80 79 233 237; 

3\3_99_99780.jpg
400 300
32 142 181 294; 31 144 181 300; 29 146 183 300; 30 144 181 300; 31 147 181 299; 29 145 181 299; 32 144 179 300; 32 144 179 300; 32 144 179 300; 

3\3_99_99802.jpg
400 300
109 60 361 296; 107 64 361 297; 107 64 353 300; 108 62 359 299; 109 64 355 299; 108 61 361 300; 109 62 365 300; 109 62 361 300; 109 62 365 300; 

3\3_100_100061.jpg
298 400
15 67 207 234; 15 69 220 231; 20 72 217 226; 15 69 220 231; 15 66 220 230; 17 69 219 233; 16 69 219 233; 16 67 219 233; 16 69 219 233; 

3\3_100_100070.jpg
277 400
51 36 223 370; 53 36 221 369; 54 36 219 356; 54 38 220 370; 52 39 222 367; 52 37 220 369; 54 38 221 369; 54 38 221 369; 54 38 221 369; 

3\3_100_100074.jpg
400 259
62 37 276 155; 66 38 281 152; 66 41 276 153; 66 40 279 154; 64 39 278 156; 66 40 279 153; 66 41 279 154; 66 41 279 154; 66 41 279 154; 

3\3_100_100139.jpg
400 320
118 126 326 250; 111 126 326 247; 114 126 326 257; 113 126 327 254; 114 126 319 253; 114 126 326 256; 112 126 326 254; 112 126 326 254; 112 126 326 254; 

3\3_100_100159.jpg
400 300
88 75 321 296; 91 77 321 298; 95 78 319 300; 88 76 322 300; 89 76 316 300; 88 76 321 299; 88 76 321 300; 88 76 321 300; 168 76 286 184; 

3\3_100_100170.jpg
366 399
101 19 288 385; 101 19 289 400; 101 17 285 395; 101 19 288 400; 97 19 288 397; 101 41 288 357; 100 20 288 400; 100 20 288 400; 100 20 288 400; 

3\3_100_100376.jpg
400 300
72 79 234 242; 80 78 234 238; 79 80 233 238; 79 79 233 237; 78 79 233 234; 79 78 233 237; 79 79 232 237; 79 79 232 237; 79 79 232 237; 

3\3_100_100391.jpg
399 399
101 170 375 346; 103 168 375 343; 104 170 370 341; 102 170 375 344; 107 169 371 332; 101 168 375 342; 101 184 253 342; 101 170 375 342; 101 184 259 342; 

3\3_100_100396.jpg
399 252
53 49 287 246; 50 50 283 244; 52 50 283 246; 51 51 282 249; 50 48 290 240; 50 50 285 250; 51 51 284 250; 51 51 284 250; 51 51 284 250; 

3\3_100_100461.jpg
400 176
13 16 199 154; 14 19 202 152; 16 19 200 150; 11 19 203 155; 17 23 208 151; 11 16 199 156; 9 17 200 155; 9 17 200 155; 9 17 200 155; 

3\3_100_100465.jpg
400 266
213 42 380 229; 212 41 378 228; 214 43 376 219; 214 44 376 228; 218 34 372 219; 214 44 376 161; 214 45 376 228; 214 45 376 228; 214 45 376 228; 

3\3_100_100486.jpg
400 266
165 41 316 212; 164 39 316 211; 168 42 318 208; 166 42 315 211; 148 47 332 211; 165 42 317 212; 165 42 316 212; 165 42 316 212; 165 42 316 212; 

3\3_100_100517.jpg
400 266
42 67 179 216; 41 67 178 216; 44 70 177 214; 41 67 176 217; 42 65 192 216; 42 68 178 217; 41 67 176 217; 41 67 176 217; 41 67 176 217; 

3\3_100_100631.jpg
266 399
48 45 206 323; 48 38 210 330; 50 43 206 325; 48 36 210 330; 45 65 210 327; 48 41 205 328; 47 38 210 330; 45 38 210 330; 47 38 210 330; 

3\3_100_100633.jpg
400 320
88 88 256 274; 89 86 259 274; 91 89 253 269; 91 88 258 276; 84 78 255 244; 92 88 259 274; 90 88 259 273; 90 88 259 273; 90 88 259 273; 

3\3_100_100791.jpg
400 266
174 82 345 209; 171 82 348 210; 174 85 345 204; 174 84 347 216; 169 80 348 216; 174 84 347 214; 176 84 347 208; 176 84 347 213; 176 84 347 208; 

3\3_100_100991.jpg
241 400
66 216 165 396; 67 215 164 400; 68 218 162 391; 68 218 162 399; 71 214 176 394; 68 218 164 353; 67 217 162 400; 67 217 162 400; 67 217 162 400; 

3\3_101_101034.jpg
399 284
80 66 361 241; 82 67 361 234; 82 71 356 233; 83 69 360 241; 90 66 358 241; 83 68 361 239; 83 69 360 241; 83 69 360 241; 83 69 360 241; 

3\3_101_101035.jpg
399 301
18 82 340 261; 16 80 340 249; 20 81 339 250; 18 80 340 253; 11 80 346 249; 17 80 340 249; 18 81 340 251; 18 81 340 251; 18 81 340 251; 

3\3_101_101060.jpg
266 400
56 72 176 229; 57 72 176 228; 59 74 176 229; 58 74 177 228; 55 69 179 226; 57 74 176 228; 58 75 175 228; 58 75 175 228; 58 75 175 228; 

3\3_101_101115.jpg
400 326
30 27 179 310; 28 26 181 303; 28 30 184 299; 30 28 181 303; 31 33 178 304; 28 27 181 304; 29 29 181 304; 29 29 181 304; 29 29 181 304; 

3\3_101_101314.jpg
400 374
142 150 331 349; 145 152 328 348; 154 162 326 342; 146 149 327 344; 112 150 381 338; 143 149 329 341; 208 149 326 274; 143 149 326 346; 144 149 326 344; 

3\3_101_101372.jpg
395 400
221 70 362 352; 221 69 365 354; 220 70 364 353; 222 66 365 354; 220 63 365 356; 218 69 365 354; 220 69 365 355; 220 69 365 355; 220 69 365 355; 

3\3_101_101389.jpg
400 293
58 50 256 267; 64 50 259 266; 72 51 256 264; 64 51 259 265; 79 46 252 277; 69 137 158 206; 64 50 259 264; 64 50 259 264; 64 50 259 264; 

3\3_101_101394.jpg
400 280
162 34 336 236; 164 34 334 234; 170 34 334 236; 164 35 334 233; 162 31 340 249; 164 34 334 234; 164 34 334 234; 164 34 334 234; 164 34 334 234; 

3\3_101_101403.jpg
369 400
238 94 330 378; 237 91 329 375; 240 95 325 375; 237 93 328 377; 244 87 329 365; 237 94 329 361; 237 95 328 377; 237 95 328 377; 237 95 328 377; 

3\3_101_101415.jpg
400 260
241 9 342 252; 242 9 341 259; 247 12 341 259; 244 10 341 260; 246 5 338 257; 242 11 341 260; 243 11 341 260; 243 11 341 260; 243 11 341 260; 

3\3_101_101434.jpg
400 300
84 50 347 256; 92 47 349 256; 99 53 341 244; 86 48 346 254; 162 67 335 244; 166 46 344 240; 166 48 344 240; 88 48 344 255; 166 48 344 240; 

3\3_101_101449.jpg
313 400
39 28 265 213; 42 28 264 216; 43 31 263 218; 41 29 263 215; 41 30 262 208; 40 46 264 214; 41 28 264 215; 41 28 264 215; 41 28 264 215; 

3\3_101_101455.jpg
245 400
85 61 211 306; 89 58 211 309; 81 66 207 312; 89 64 211 309; 85 54 212 300; 89 66 210 312; 89 62 209 311; 89 62 209 311; 89 65 209 311; 

3\3_101_101466.jpg
300 399
3 7 245 291; 4 0 250 287; 50 100 146 180; 1 1 253 290; 3 0 249 281; 2 14 251 289; 1 0 252 290; 1 0 252 290; 1 0 252 290; 

3\3_101_101469.jpg
400 310
69 121 314 286; 71 124 314 280; 68 126 314 283; 71 125 313 280; 75 129 315 282; 71 125 314 282; 72 125 312 281; 71 125 312 282; 72 125 312 282; 

3\3_101_101470.jpg
400 400
141 126 324 333; 136 124 316 333; 183 121 282 295; 142 122 319 332; 163 115 318 327; 141 122 317 334; 141 121 317 335; 141 121 320 335; 141 121 318 331; 

3\3_101_101513.jpg
286 400
62 51 237 332; 60 51 229 328; 62 54 228 331; 62 52 227 330; 60 50 232 340; 59 52 228 330; 62 52 228 331; 62 52 229 331; 62 52 228 331; 

3\3_101_101693.jpg
400 300
137 32 384 283; 143 36 384 276; 204 155 332 260; 140 33 384 275; 140 32 378 270; 209 152 326 247; 141 30 384 277; 141 30 384 277; 141 30 384 277; 

3\3_101_101770.jpg
400 297
67 45 255 297; 64 52 264 298; 66 56 258 298; 64 52 261 298; 71 49 261 298; 129 53 207 147; 66 53 251 298; 66 53 251 298; 66 53 250 298; 

3\3_101_101797.jpg
283 400
101 76 191 346; 102 78 195 344; 104 79 188 344; 101 79 189 346; 104 13 193 352; 102 76 194 349; 102 79 188 344; 8 312 278 399; 6 278 278 400; 

3\3_101_101875.jpg
400 266
94 24 299 221; 98 24 299 221; 116 44 281 207; 98 25 298 219; 96 24 298 221; 97 26 298 221; 98 24 298 220; 98 24 298 220; 98 24 298 220; 

3\3_101_101902.jpg
300 400
92 5 229 370; 84 7 231 374; 90 42 228 369; 82 9 230 376; 98 14 230 372; 82 13 232 376; 82 7 229 376; 82 7 229 376; 82 1 229 376; 

3\3_102_102105.jpg
345 399
78 81 265 326; 81 80 262 325; 78 82 264 328; 78 82 262 323; 79 79 262 323; 77 82 264 323; 78 82 262 322; 78 82 262 322; 78 82 262 322; 

3\3_102_102136.jpg
232 400
36 51 196 381; 38 56 196 383; 33 57 194 366; 36 54 196 384; 37 58 198 362; 37 52 196 383; 38 53 196 384; 38 53 196 384; 38 53 196 384; 

3\3_102_102292.jpg
400 229
44 47 372 201; 36 48 374 199; 42 52 366 198; 26 46 372 203; 39 54 375 197; 49 48 373 203; 129 46 187 111; 129 46 373 202; 129 46 200 123; 

3\3_102_102440.jpg
320 400
66 18 244 393; 67 17 244 389; 71 21 239 382; 66 19 246 392; 74 18 234 388; 67 18 243 389; 100 19 208 158; 66 19 244 393; 67 19 244 392; 

3\3_102_102445.jpg
400 266
221 88 351 254; 222 88 351 254; 224 91 349 250; 221 89 351 252; 231 83 345 256; 221 89 351 250; 220 89 351 251; 220 89 351 251; 220 89 351 251; 

3\3_102_102510.jpg
400 300
13 152 233 272; 13 154 233 271; 13 154 232 273; 15 154 232 272; 16 155 241 278; 16 154 232 271; 14 153 232 271; 14 153 232 271; 14 153 232 271; 

3\3_102_102736.jpg
266 400
67 28 198 376; 67 28 198 375; 66 37 195 374; 69 29 198 375; 66 32 198 375; 68 30 198 376; 69 29 196 376; 69 29 196 376; 69 29 196 376; 

3\3_102_102751.jpg
400 300
60 21 321 255; 62 18 318 254; 241 18 316 237; 61 18 317 254; 58 19 325 242; 62 18 314 257; 61 18 316 256; 61 18 316 256; 61 18 316 255; 

3\3_102_102768.jpg
400 377
162 15 328 313; 164 10 339 313; 164 14 336 312; 163 12 339 314; 172 21 334 309; 164 12 340 314; 163 12 339 315; 163 12 339 315; 163 12 339 315; 

3\3_102_102820.jpg
400 320
129 77 338 221; 129 78 339 209; 130 78 337 211; 129 78 338 209; 128 74 345 229; 131 78 339 216; 129 78 338 209; 129 78 338 210; 129 78 338 209; 

3\3_102_102824.jpg
400 320
91 33 259 272; 91 34 257 271; 91 37 257 264; 94 36 258 271; 84 46 254 266; 91 35 256 271; 95 36 154 109; 95 36 252 271; 95 36 254 269; 

3\3_102_102831.jpg
400 320
171 83 339 310; 176 84 339 308; 176 82 337 307; 174 84 340 309; 156 81 334 307; 175 84 338 309; 173 84 340 309; 173 84 340 309; 173 84 340 309; 

3\3_102_102948.jpg
299 400
36 57 255 355; 33 53 255 340; 33 55 249 344; 35 54 254 356; 41 53 247 370; 31 53 255 352; 34 54 253 400; 34 54 252 356; 34 54 254 353; 

3\3_102_102983.jpg
400 310
202 41 361 305; 199 44 361 303; 208 44 348 174; 198 44 361 302; 189 39 361 295; 197 45 361 302; 198 45 360 302; 198 45 360 302; 229 52 346 172; 

3\3_103_103048.jpg
400 331
144 48 376 328; 146 49 374 330; 143 49 373 331; 144 51 375 331; 145 39 374 332; 144 49 376 331; 144 50 376 331; 144 50 376 331; 144 50 376 331; 

3\3_103_103161.jpg
399 297
60 63 235 169; 63 63 234 171; 64 63 234 169; 64 63 234 168; 45 67 240 167; 65 64 232 168; 65 64 234 170; 65 64 234 170; 65 64 234 170; 

3\3_103_103198.jpg
400 261
21 24 177 259; 15 23 177 261; 18 24 181 261; 15 23 177 261; 20 18 178 261; 16 22 176 261; 14 22 176 261; 14 22 176 261; 14 22 176 261; 

3\3_103_103222.jpg
400 365
98 30 344 242; 101 31 342 242; 98 33 341 239; 98 31 342 241; 106 29 341 246; 98 29 341 242; 99 30 342 241; 99 30 342 241; 99 30 342 241; 

3\3_103_103262.jpg
400 300
190 52 350 234; 192 59 352 237; 197 61 345 229; 193 58 350 237; 191 61 357 245; 193 57 352 238; 193 57 352 158; 193 57 352 236; 193 57 352 159; 

3\3_103_103279.jpg
400 266
145 32 308 264; 149 32 306 267; 183 36 299 266; 147 32 307 266; 154 44 295 267; 149 32 309 266; 148 32 307 266; 148 32 307 266; 148 32 307 266; 

3\3_103_103291.jpg
400 266
153 8 301 261; 153 8 299 267; 152 9 299 264; 153 8 299 267; 152 1 300 266; 154 8 301 267; 153 7 300 267; 153 7 300 267; 153 7 300 267; 

3\3_103_103299.jpg
375 250
56 64 222 221; 56 65 222 218; 56 64 220 214; 56 65 221 219; 56 59 219 220; 58 63 222 215; 54 65 221 217; 54 65 221 217; 54 65 221 217; 

3\3_103_103319.jpg
274 200
15 56 165 171; 19 56 163 175; 21 54 168 172; 17 56 163 171; 21 59 167 172; 18 56 168 169; 16 57 162 172; 16 57 162 172; 16 57 162 172; 

3\3_103_103439.jpg
400 400
81 50 188 312; 80 51 187 312; 85 52 158 301; 81 51 186 311; 81 50 184 310; 80 51 185 310; 81 51 187 312; 81 51 187 312; 81 51 187 312; 

3\3_103_103474.jpg
400 300
22 22 308 188; 21 23 305 186; 22 22 306 187; 21 23 306 186; 19 22 309 182; 21 21 306 188; 22 23 306 187; 22 23 306 187; 22 23 306 187; 

3\3_103_103561.jpg
400 373
39 52 370 323; 40 52 369 332; 38 57 368 325; 39 53 370 330; 43 54 368 319; 39 54 369 330; 38 54 371 331; 38 54 371 331; 38 54 371 331; 

3\3_103_103660.jpg
348 400
41 48 306 319; 44 51 302 312; 57 177 220 257; 40 51 302 318; 29 36 302 306; 36 44 309 321; 38 48 305 318; 38 48 303 316; 39 49 304 318; 

3\3_103_103713.jpg
300 400
71 112 218 256; 69 114 218 247; 72 116 216 246; 69 115 218 247; 69 110 219 244; 69 115 219 247; 69 115 218 247; 69 115 218 247; 69 115 218 247; 

3\3_103_103778.jpg
400 300
71 4 274 298; 72 2 273 296; 68 1 271 292; 72 0 274 296; 80 4 276 290; 72 1 273 294; 70 1 275 296; 70 1 275 296; 70 1 275 296; 

3\3_103_103795.jpg
234 400
18 226 214 384; 22 228 217 379; 30 231 195 367; 18 227 216 378; 31 228 206 376; 18 227 214 376; 17 228 214 378; 17 228 214 379; 17 228 214 378; 

3\3_103_103946.jpg
400 266
178 21 385 246; 177 21 386 244; 184 21 388 243; 179 22 384 246; 184 39 387 238; 180 22 384 242; 179 21 384 241; 179 21 384 241; 179 21 384 245; 

3\3_103_103951.jpg
400 300
79 161 242 241; 83 164 240 242; 90 163 238 236; 82 164 239 242; 66 162 246 245; 84 163 238 241; 84 164 241 242; 84 164 241 242; 84 164 241 242; 

3\3_103_103967.jpg
312 400
80 54 296 278; 78 59 298 278; 78 56 290 277; 78 58 296 277; 78 68 289 280; 79 58 296 278; 78 57 295 279; 78 57 295 279; 78 57 295 279; 

3\3_103_103969.jpg
400 337
21 19 266 216; 16 16 264 212; 18 22 256 213; 16 18 264 215; 22 25 264 219; 16 19 264 215; 14 18 265 215; 14 18 266 213; 14 18 265 214; 

3\3_103_103970.jpg
400 291
137 40 354 249; 138 35 359 248; 141 36 354 245; 138 34 358 246; 131 41 355 247; 138 34 358 246; 138 34 357 245; 138 34 357 245; 138 34 357 245; 

3\3_104_104060.jpg
266 400
49 36 225 243; 55 37 222 239; 56 36 218 236; 52 38 223 240; 49 36 226 235; 52 38 224 239; 52 38 222 239; 52 38 222 239; 52 38 222 239; 

3\3_104_104066.jpg
400 315
56 11 357 230; 57 12 355 224; 56 14 353 226; 56 14 356 231; 42 12 355 236; 56 13 354 231; 56 13 356 230; 56 13 356 230; 56 13 356 230; 

3\3_104_104094.jpg
266 400
43 24 216 391; 46 21 222 398; 42 24 218 391; 43 22 220 400; 49 24 223 395; 43 21 220 400; 43 21 218 400; 43 22 218 400; 43 21 218 400; 

3\3_104_104344.jpg
400 300
101 34 314 227; 101 36 313 227; 107 34 309 226; 102 33 313 226; 109 31 315 226; 102 35 312 226; 102 34 312 225; 102 35 312 225; 102 34 312 225; 

3\3_104_104351.jpg
400 351
54 12 352 281; 52 17 354 276; 135 18 297 137; 55 14 351 278; 66 16 348 280; 55 15 351 278; 132 14 350 154; 54 14 350 278; 54 14 350 278; 

3\3_104_104400.jpg
400 264
114 54 294 232; 114 56 292 232; 114 58 289 232; 115 56 291 231; 114 56 292 234; 112 55 291 231; 115 54 291 231; 115 54 291 231; 115 54 291 231; 

3\3_104_104428.jpg
294 400
66 28 193 381; 66 27 198 385; 66 34 194 386; 67 30 198 385; 69 28 204 384; 69 31 198 385; 94 29 158 111; 68 29 197 385; 94 29 158 111; 

3\3_104_104455.jpg
400 300
109 49 287 259; 111 48 287 259; 111 49 284 254; 112 49 285 259; 109 45 284 258; 111 49 285 258; 110 48 285 259; 110 48 285 259; 110 48 285 259; 

3\3_104_104464.jpg
400 300
82 46 353 295; 82 44 353 299; 81 46 345 300; 84 45 352 299; 81 46 346 296; 82 46 352 267; 170 89 321 228; 170 89 321 228; 170 89 321 228; 

3\3_104_104507.jpg
399 296
26 75 385 273; 24 74 384 274; 142 74 385 268; 26 74 383 273; 26 76 384 271; 140 74 383 273; 140 75 383 273; 140 75 384 274; 140 75 383 273; 

3\3_104_104547.jpg
300 400
33 49 181 264; 34 49 182 261; 35 50 182 260; 33 48 180 261; 38 53 182 260; 33 50 180 261; 32 48 181 259; 32 48 181 260; 32 48 181 259; 

3\3_104_104577.jpg
266 400
12 152 258 339; 12 152 256 338; 12 153 252 340; 14 152 254 338; 17 155 254 334; 12 151 255 338; 12 151 255 338; 12 151 255 338; 12 151 255 338; 

3\3_104_104580.jpg
266 400
45 101 233 313; 45 102 232 313; 46 104 234 310; 46 103 231 313; 41 100 238 302; 46 102 231 313; 47 101 229 312; 47 102 229 312; 47 101 229 312; 

3\3_104_104584.jpg
400 266
103 68 308 250; 98 74 306 249; 106 73 306 254; 101 73 306 250; 96 72 311 235; 101 72 305 247; 101 72 305 249; 101 72 305 249; 101 72 305 249; 

3\3_104_104639.jpg
400 266
26 59 352 181; 26 59 355 179; 27 60 355 183; 24 59 356 180; 30 61 353 182; 22 58 355 181; 23 59 356 179; 23 59 356 179; 23 59 356 179; 

3\3_104_104650.jpg
400 295
177 36 331 288; 177 36 330 290; 177 39 330 286; 178 37 331 291; 179 34 334 286; 177 36 328 291; 176 36 331 291; 176 36 331 291; 176 36 331 291; 

3\3_104_104668.jpg
400 300
62 10 291 256; 63 2 291 252; 62 4 288 249; 63 3 289 256; 68 2 291 256; 62 3 291 250; 62 2 291 256; 62 2 291 259; 62 2 291 254; 

3\3_104_104715.jpg
400 389
91 10 364 299; 90 8 359 295; 90 8 356 294; 90 8 357 294; 97 10 354 294; 90 9 358 294; 88 7 357 295; 88 7 357 295; 88 7 357 295; 

3\3_104_104800.jpg
216 400
44 24 179 351; 42 28 182 360; 44 21 179 354; 42 21 181 367; 56 28 177 354; 42 21 182 361; 39 19 181 366; 39 20 181 366; 39 19 181 366; 

3\3_104_104837.jpg
400 300
37 65 315 238; 39 61 315 236; 41 63 313 238; 40 61 314 235; 44 69 316 247; 40 62 314 234; 40 61 315 236; 40 61 314 236; 40 61 315 236; 

3\3_104_104845.jpg
302 400
44 59 254 351; 50 61 256 341; 115 101 238 311; 50 61 258 350; 53 68 251 334; 48 62 255 351; 49 59 257 348; 49 59 257 348; 49 61 257 348; 

3\3_104_104849.jpg
400 318
32 54 167 289; 34 52 164 290; 37 54 164 290; 34 54 164 291; 34 48 164 291; 34 54 164 288; 35 57 164 290; 35 55 164 291; 35 55 164 290; 

3\3_104_104873.jpg
400 266
74 63 200 239; 78 66 199 244; 79 66 154 163; 78 65 199 244; 72 67 198 246; 78 66 199 246; 78 66 199 247; 78 66 199 249; 78 66 198 247; 

3\3_104_104957.jpg
400 266
84 113 347 236; 86 116 348 240; 84 114 348 236; 86 116 346 234; 88 104 342 234; 88 113 348 239; 87 115 346 231; 87 115 346 233; 87 115 346 231; 

3\3_104_104961.jpg
400 266
62 72 327 209; 66 74 327 204; 65 75 327 201; 65 72 329 203; 58 77 327 198; 66 71 328 202; 66 72 331 204; 66 72 331 204; 66 72 329 204; 

3\3_105_105166.jpg
285 400
22 17 263 248; 23 18 263 244; 24 16 258 246; 22 16 262 246; 32 16 257 237; 23 18 261 244; 23 18 261 245; 23 18 261 245; 23 18 261 245; 

3\3_105_105268.jpg
400 290
127 129 368 271; 122 130 371 269; 123 128 372 271; 124 128 372 271; 122 136 376 274; 126 129 374 271; 124 129 372 269; 124 129 372 269; 124 129 372 269; 

3\3_105_105297.jpg
400 326
93 80 303 172; 94 84 305 169; 97 86 304 169; 95 82 304 171; 87 80 306 174; 95 84 304 169; 95 83 304 169; 95 83 304 169; 95 84 304 169; 

3\3_105_105346.jpg
400 300
87 104 364 242; 91 107 369 241; 122 119 272 235; 92 108 370 241; 92 106 361 226; 121 119 288 241; 91 108 369 241; 91 108 369 241; 91 108 365 241; 

3\3_105_105395.jpg
266 399
42 117 206 297; 39 120 204 306; 43 122 197 288; 40 120 206 305; 59 119 201 280; 45 119 201 307; 39 120 205 302; 39 120 202 305; 39 120 205 304; 

3\3_105_105409.jpg
241 399
26 7 181 371; 22 5 180 375; 24 4 178 374; 23 5 178 376; 27 4 182 373; 21 5 180 375; 73 5 129 70; 73 5 129 70; 23 5 179 188; 

3\3_105_105413.jpg
264 400
42 31 232 337; 40 35 240 341; 46 36 236 334; 39 35 239 340; 48 36 239 335; 39 34 238 335; 41 34 113 107; 41 34 113 108; 41 34 166 226; 

3\3_105_105455.jpg
400 266
58 62 242 128; 62 63 246 128; 63 65 243 126; 61 64 244 127; 61 62 248 140; 62 63 244 126; 62 65 244 126; 62 65 244 126; 62 65 244 126; 

3\3_105_105499.jpg
400 301
103 72 254 218; 104 76 248 216; 103 75 248 216; 104 72 248 214; 110 69 253 202; 102 74 249 214; 103 73 248 212; 103 73 248 212; 103 73 248 212; 

3\3_105_105656.jpg
400 300
105 24 309 237; 107 22 314 239; 106 23 308 236; 107 22 308 244; 109 21 317 238; 105 22 311 239; 106 22 179 84; 106 22 312 241; 106 22 311 242; 

3\3_105_105695.jpg
400 361
79 65 339 304; 78 66 339 299; 79 67 339 302; 79 66 340 299; 77 65 339 291; 81 64 338 300; 81 66 338 299; 81 66 338 299; 81 66 338 299; 

3\3_105_105736.jpg
300 400
87 84 214 320; 92 88 214 328; 94 91 213 322; 92 88 214 330; 84 88 214 324; 93 88 212 329; 94 88 214 181; 94 88 214 181; 94 88 214 329; 

3\3_105_105778.jpg
399 266
143 57 306 202; 144 60 307 205; 145 60 304 190; 139 59 303 203; 141 67 316 187; 144 59 304 204; 146 61 305 198; 146 61 305 198; 146 61 305 198; 

3\3_105_105937.jpg
400 266
182 62 359 242; 185 63 361 239; 182 64 358 239; 184 64 361 239; 183 64 364 241; 184 64 361 241; 185 64 359 239; 185 64 359 239; 185 64 359 239; 

3\3_106_106116.jpg
400 333
39 26 391 251; 40 24 389 249; 39 24 387 247; 40 25 389 248; 36 26 389 234; 39 25 390 248; 40 26 389 248; 40 26 389 248; 40 26 389 248; 

3\3_106_106139.jpg
400 266
193 36 376 256; 198 32 376 266; 201 37 378 266; 198 32 376 266; 199 35 378 266; 197 36 376 264; 198 36 376 266; 198 36 376 266; 198 36 376 266; 

3\3_106_106188.jpg
400 304
73 33 221 154; 74 36 219 152; 78 37 221 151; 77 36 219 152; 71 31 219 152; 77 35 219 152; 76 36 219 152; 76 36 219 152; 76 36 219 152; 

3\3_106_106205.jpg
400 268
249 80 353 199; 250 81 351 200; 250 81 348 201; 251 82 351 198; 248 81 351 199; 252 81 351 198; 251 81 351 198; 251 81 351 198; 251 81 351 198; 

3\3_106_106215.jpg
290 400
61 36 252 366; 64 36 259 362; 69 38 252 357; 56 36 257 365; 64 39 253 366; 65 36 258 364; 68 37 257 364; 57 37 257 364; 56 37 257 364; 

3\3_106_106219.jpg
266 400
76 49 193 379; 78 56 193 378; 83 57 192 371; 78 56 194 375; 82 55 192 374; 79 57 193 377; 78 56 194 376; 78 56 194 376; 78 56 194 376; 

3\3_106_106258.jpg
321 400
144 9 275 259; 142 9 276 267; 151 10 273 262; 145 8 275 267; 143 9 277 264; 143 8 276 266; 145 8 275 267; 145 8 275 267; 145 8 275 267; 

3\3_106_106263.jpg
391 400
14 9 380 264; 13 13 382 253; 18 14 384 262; 15 13 384 260; 18 13 384 246; 15 13 383 259; 15 12 384 389; 15 12 384 389; 15 12 384 389; 

3\3_106_106276.jpg
266 400
104 25 263 339; 102 21 266 338; 102 28 266 336; 108 21 266 339; 109 24 266 392; 104 22 265 399; 101 21 267 400; 101 21 267 400; 108 21 267 400; 

3\3_106_106307.jpg
400 266
151 58 278 202; 149 58 278 202; 146 58 283 202; 149 58 277 202; 148 59 273 202; 152 59 276 202; 150 59 278 202; 150 59 278 202; 150 59 278 202; 

3\3_106_106331.jpg
400 267
111 84 388 199; 108 84 394 199; 113 87 397 201; 112 86 398 199; 110 85 400 200; 113 85 396 199; 112 84 400 198; 112 84 400 198; 112 84 400 198; 

3\3_106_106354.jpg
349 400
46 17 196 338; 43 18 196 331; 50 19 194 325; 44 19 195 332; 46 21 192 332; 43 21 195 331; 42 20 195 332; 42 20 195 332; 42 20 195 332; 

3\3_106_106394.jpg
400 266
60 76 197 207; 60 78 195 206; 62 77 193 207; 62 76 195 205; 68 77 194 201; 61 76 194 206; 62 76 194 205; 62 76 194 205; 62 76 194 205; 

3\3_106_106509.jpg
400 300
137 82 282 214; 136 85 286 218; 134 84 283 216; 134 83 285 218; 136 85 284 218; 136 84 285 218; 136 84 285 218; 136 84 285 218; 136 84 285 218; 

3\3_106_106740.jpg
400 317
149 27 360 311; 156 22 361 312; 155 21 356 316; 155 22 359 316; 151 39 358 310; 158 25 359 316; 155 22 358 316; 155 22 358 316; 155 22 358 316; 

3\3_106_106954.jpg
400 266
38 41 282 248; 40 38 276 243; 43 45 276 246; 42 39 276 245; 44 46 278 245; 42 44 276 244; 42 43 275 245; 42 43 275 245; 42 43 275 245; 

3\3_107_107016.jpg
308 400
41 73 260 374; 43 53 259 371; 48 76 261 371; 44 53 258 370; 45 68 252 375; 44 76 260 368; 44 76 258 385; 44 76 255 369; 44 76 258 369; 

3\3_107_107056.jpg
400 270
84 32 304 244; 89 32 302 246; 91 32 302 244; 85 33 302 243; 109 37 306 232; 92 33 304 243; 83 34 301 242; 83 34 301 242; 83 34 301 242; 

3\3_107_107058.jpg
400 270
101 26 308 258; 100 26 304 262; 114 28 302 266; 101 23 304 264; 119 24 306 266; 102 26 304 263; 101 26 304 264; 101 26 304 264; 101 26 304 264; 

3\3_107_107068.jpg
400 266
195 48 338 264; 194 50 338 266; 198 53 338 266; 197 50 338 266; 194 51 340 264; 196 51 336 266; 197 51 336 266; 197 51 336 266; 197 51 336 266; 

3\3_107_107069.jpg
266 400
66 47 197 386; 68 46 199 400; 76 45 192 392; 66 46 196 400; 72 46 199 396; 67 46 198 398; 119 46 188 113; 67 46 198 399; 103 46 188 194; 

3\3_107_107071.jpg
266 400
52 48 225 391; 49 44 230 399; 52 46 228 388; 50 44 228 400; 51 34 226 400; 49 46 229 399; 83 45 149 118; 50 46 228 400; 83 45 149 118; 

3\3_107_107090.jpg
400 320
111 8 388 283; 107 6 390 283; 111 4 389 274; 110 3 390 283; 119 9 386 266; 109 3 388 282; 199 86 299 184; 110 3 389 283; 178 74 322 205; 

3\3_107_107210.jpg
399 336
78 112 389 327; 78 111 387 329; 80 112 387 328; 78 112 389 329; 80 115 387 327; 78 111 389 327; 77 111 388 330; 77 111 388 330; 77 111 388 330; 

3\3_107_107211.jpg
400 333
96 69 394 322; 95 69 392 325; 93 71 392 323; 96 69 392 326; 101 69 391 318; 96 69 391 325; 96 69 392 326; 96 69 392 326; 96 69 392 326; 

3\3_107_107270.jpg
400 343
205 23 326 330; 207 24 326 328; 206 24 325 324; 206 25 324 328; 205 26 326 327; 206 26 324 328; 206 24 318 159; 206 24 318 159; 206 24 318 159; 

3\3_107_107390.jpg
291 400
16 181 282 356; 16 184 288 353; 19 182 284 353; 18 184 286 351; 21 186 286 356; 16 184 285 352; 18 184 286 351; 18 184 286 351; 18 184 286 351; 

3\3_107_107466.jpg
270 400
13 19 197 241; 16 16 196 241; 21 19 191 234; 16 19 198 241; 24 19 200 239; 18 19 197 239; 17 19 197 238; 17 19 197 238; 17 19 197 238; 

3\3_107_107486.jpg
266 400
66 52 256 369; 62 52 254 372; 61 52 254 369; 61 52 265 372; 58 50 266 373; 61 52 264 372; 64 52 266 372; 64 52 266 372; 64 52 266 372; 

3\3_107_107505.jpg
286 400
89 12 258 359; 89 10 259 357; 88 12 258 338; 89 12 259 356; 91 17 259 354; 89 13 259 356; 90 12 261 362; 90 12 261 363; 90 12 261 356; 

3\3_107_107615.jpg
266 400
69 33 188 390; 67 29 191 400; 62 28 193 400; 68 29 189 400; 73 32 193 399; 67 30 189 400; 67 31 189 400; 67 31 189 400; 67 31 189 400; 

3\3_107_107623.jpg
400 285
72 23 324 251; 75 19 323 250; 77 22 327 246; 70 20 324 248; 67 18 316 251; 71 19 324 249; 71 19 323 249; 71 19 323 249; 71 19 323 249; 

3\3_107_107692.jpg
400 266
64 16 323 258; 64 15 328 257; 64 15 326 252; 63 16 325 256; 59 16 327 252; 64 16 326 256; 63 16 326 256; 63 16 326 256; 63 16 326 256; 

3\3_107_107694.jpg
400 244
82 4 256 241; 86 1 252 242; 90 2 246 242; 87 2 249 244; 83 1 254 242; 86 0 252 244; 86 0 250 244; 86 0 251 244; 86 0 250 244; 

3\3_107_107745.jpg
400 266
14 59 306 242; 16 59 308 243; 16 61 306 238; 17 61 308 242; 25 59 304 239; 16 60 308 244; 16 61 308 239; 16 61 308 241; 16 61 308 239; 

3\3_107_107883.jpg
400 283
98 101 310 208; 99 101 308 204; 103 102 309 203; 102 101 308 202; 102 98 310 207; 101 102 308 204; 102 101 307 202; 102 101 307 202; 102 101 307 202; 

3\3_107_107888.jpg
335 400
78 62 248 376; 72 62 247 381; 100 62 239 373; 76 61 245 381; 89 62 242 378; 72 63 245 379; 74 62 245 380; 75 62 245 380; 74 62 234 234; 

3\3_107_107891.jpg
400 288
76 21 323 276; 75 17 324 287; 77 19 308 289; 75 16 324 289; 80 18 324 282; 76 16 324 287; 76 18 324 289; 76 18 324 289; 76 18 323 229; 

3\3_107_107892.jpg
400 334
152 23 322 306; 153 22 326 308; 156 24 283 300; 153 23 324 311; 154 24 326 306; 154 23 326 311; 154 26 325 308; 154 26 325 311; 154 26 325 210; 

3\3_107_107913.jpg
301 400
50 18 168 374; 51 18 168 374; 51 18 168 371; 50 17 168 373; 51 16 171 378; 51 16 168 372; 50 17 168 373; 50 17 168 373; 50 17 168 373; 

3\3_107_107934.jpg
400 266
147 19 378 242; 154 21 379 242; 163 21 375 236; 155 21 379 238; 151 28 377 237; 156 20 379 238; 155 21 378 238; 155 21 378 238; 155 21 378 238; 

3\3_107_107985.jpg
400 331
83 22 318 317; 86 22 318 316; 83 22 313 314; 86 21 316 311; 85 21 316 314; 86 21 316 313; 85 22 317 313; 85 22 317 313; 85 22 317 313; 

3\3_108_108132.jpg
400 320
159 57 366 251; 162 61 369 245; 161 60 367 239; 162 60 368 245; 157 59 368 248; 161 61 369 244; 161 61 368 246; 161 61 368 246; 161 61 368 246; 

3\3_108_108164.jpg
400 277
148 29 390 261; 148 34 395 261; 168 32 398 258; 147 29 400 261; 166 29 399 259; 152 31 398 262; 146 29 400 264; 168 32 400 264; 146 29 400 264; 

3\3_108_108198.jpg
266 400
51 32 218 363; 51 39 218 364; 52 42 219 359; 51 38 219 362; 53 36 218 360; 51 38 219 361; 51 37 218 363; 51 37 218 363; 51 37 218 363; 

3\3_108_108227.jpg
266 400
55 19 181 283; 55 19 179 289; 62 19 177 289; 53 23 180 287; 57 21 181 295; 53 21 180 286; 55 19 181 287; 55 22 181 287; 55 19 181 287; 

3\3_108_108284.jpg
400 296
78 79 239 195; 78 79 232 191; 79 81 231 189; 78 78 231 193; 81 78 233 186; 79 80 230 190; 77 79 231 193; 77 79 231 194; 77 79 231 192; 

3\3_108_108347.jpg
353 400
39 47 298 314; 39 46 299 308; 44 51 299 310; 39 44 298 308; 39 58 300 303; 48 43 298 307; 46 45 298 307; 46 48 299 307; 46 49 298 307; 

3\3_108_108360.jpg
400 348
121 111 298 287; 121 117 296 282; 124 118 288 278; 122 114 294 283; 115 116 304 279; 119 114 294 285; 121 114 294 281; 121 114 294 281; 121 114 294 281; 

3\3_108_108436.jpg
400 300
99 85 289 199; 101 89 289 199; 99 88 289 202; 101 89 289 198; 99 85 288 201; 102 87 289 198; 101 87 288 197; 101 87 288 197; 101 87 288 197; 

3\3_108_108450.jpg
399 266
93 33 328 261; 93 34 328 258; 92 35 326 259; 93 34 328 256; 90 36 329 261; 93 33 328 257; 92 35 327 256; 92 35 327 256; 92 35 327 256; 

3\3_108_108487.jpg
300 400
38 36 168 370; 34 38 168 367; 34 41 166 364; 38 38 168 368; 36 34 167 369; 37 37 168 366; 38 38 168 367; 38 38 168 367; 38 38 168 367; 

3\3_108_108559.jpg
356 400
29 100 325 292; 32 99 327 286; 30 99 325 281; 29 100 327 287; 31 101 330 284; 30 100 328 288; 31 100 326 288; 31 100 326 288; 31 100 326 288; 

3\3_108_108588.jpg
400 400
66 113 342 336; 71 114 344 339; 71 116 340 338; 71 113 342 339; 65 118 344 342; 71 116 343 338; 71 112 343 339; 71 112 343 339; 71 112 342 339; 

3\3_108_108638.jpg
320 399
126 115 290 396; 125 115 293 400; 128 118 276 385; 126 113 292 400; 123 116 282 398; 123 114 291 398; 125 115 291 400; 125 115 291 400; 125 115 291 400; 

3\3_108_108679.jpg
400 312
40 44 328 286; 38 46 327 304; 38 49 327 245; 39 45 324 306; 39 47 324 294; 39 45 326 304; 246 46 324 121; 38 46 324 308; 38 46 324 306; 

3\3_108_108707.jpg
399 320
35 85 255 264; 35 86 253 268; 35 85 254 263; 34 86 253 272; 36 86 254 269; 33 86 253 267; 34 85 253 271; 34 85 253 271; 34 85 253 271; 

3\3_108_108793.jpg
333 399
81 189 288 385; 81 190 285 379; 84 195 281 370; 83 189 283 378; 83 193 283 380; 82 191 284 376; 85 189 282 378; 85 189 282 378; 85 189 282 378; 

3\3_108_108853.jpg
400 306
153 53 326 299; 158 58 327 306; 156 59 327 306; 158 60 326 306; 158 59 328 307; 158 59 326 306; 159 59 325 306; 159 59 325 306; 159 59 325 306; 

3\3_108_108866.jpg
400 400
77 45 343 302; 82 44 349 298; 80 48 347 302; 82 44 348 298; 84 48 342 302; 82 43 346 298; 82 44 347 298; 82 44 347 298; 259 44 347 210; 

3\3_108_108926.jpg
400 270
76 87 292 258; 76 90 292 263; 146 91 266 188; 76 91 301 263; 141 84 301 266; 151 91 264 190; 150 91 262 195; 152 91 262 194; 76 91 262 199; 

3\3_109_109071.jpg
400 353
70 4 211 346; 74 1 209 339; 74 4 208 336; 74 1 209 346; 66 5 211 353; 72 1 208 337; 73 0 208 339; 73 0 208 339; 73 0 208 339; 

3\3_109_109104.jpg
400 266
247 12 344 259; 247 10 345 265; 249 11 342 265; 248 9 345 265; 255 12 347 264; 249 11 345 265; 249 8 345 265; 249 11 344 265; 249 8 345 265; 

3\3_109_109147.jpg
400 300
92 52 254 275; 92 52 251 274; 116 79 222 248; 94 54 252 274; 90 54 248 266; 93 55 252 271; 92 55 252 273; 92 55 253 273; 92 55 252 273; 

3\3_109_109164.jpg
400 255
25 19 356 183; 13 15 358 182; 13 13 353 175; 9 18 358 183; 10 17 350 187; 8 14 355 186; 266 31 357 134; 8 18 357 185; 8 17 357 186; 

3\3_109_109182.jpg
400 266
135 36 340 249; 131 32 342 256; 142 35 337 246; 138 32 341 256; 138 36 341 254; 137 33 341 254; 138 32 340 254; 138 34 340 254; 138 32 340 254; 

3\3_109_109191.jpg
400 300
14 24 261 273; 27 21 257 276; 26 26 252 272; 26 25 256 274; 20 26 258 269; 26 24 255 272; 26 24 254 274; 26 24 254 274; 26 24 254 274; 

3\3_109_109233.jpg
284 400
83 20 231 327; 83 21 236 331; 84 22 233 321; 84 21 236 330; 84 19 237 330; 84 22 237 324; 83 21 235 329; 83 21 235 322; 83 21 235 329; 

3\3_109_109239.jpg
400 266
113 59 328 258; 112 59 334 266; 111 60 330 261; 112 59 335 266; 111 59 334 262; 113 59 334 266; 112 60 335 266; 112 60 335 266; 112 60 335 266; 

3\3_109_109241.jpg
400 271
152 11 335 173; 149 15 333 169; 152 12 324 159; 149 14 333 171; 160 19 331 167; 149 15 331 168; 171 14 288 146; 171 14 288 146; 149 14 330 172; 

3\3_109_109254.jpg
400 320
56 109 220 251; 55 106 218 253; 58 113 212 246; 55 105 216 254; 56 116 217 254; 56 106 214 253; 54 106 216 253; 54 106 216 253; 54 106 216 253; 

3\3_109_109297.jpg
266 399
54 130 241 256; 59 132 237 256; 63 133 235 254; 59 133 238 256; 62 128 237 263; 58 132 237 256; 60 132 237 256; 60 132 237 256; 60 132 237 256; 

3\3_109_109356.jpg
400 285
157 74 383 241; 160 79 386 238; 161 80 386 241; 158 79 388 238; 158 79 389 239; 158 79 384 235; 158 79 386 236; 158 79 386 236; 158 79 388 236; 

3\3_109_109377.jpg
266 400
3 89 255 242; 0 90 258 241; 0 94 211 236; 2 92 257 242; 2 98 251 237; 1 89 259 240; 0 92 256 242; 0 92 256 242; 0 92 256 242; 

3\3_109_109424.jpg
400 221
96 44 262 202; 96 44 262 203; 94 46 257 198; 96 46 262 204; 95 46 262 201; 97 46 262 203; 96 48 261 205; 96 48 261 205; 96 48 261 205; 

3\3_109_109435.jpg
400 331
12 25 311 288; 12 24 313 298; 15 26 309 296; 12 26 312 300; 15 26 312 300; 11 22 311 299; 12 23 311 299; 12 23 311 299; 12 23 311 299; 

3\3_109_109506.jpg
400 266
47 91 306 227; 46 92 306 236; 48 90 292 231; 45 92 305 238; 46 89 304 226; 48 91 304 233; 45 91 305 236; 45 91 305 236; 45 91 305 236; 

3\3_109_109647.jpg
400 265
43 44 293 178; 43 46 296 174; 46 48 295 173; 43 48 295 178; 44 47 294 173; 45 47 296 177; 42 48 296 177; 42 48 296 177; 42 48 296 177; 

3\3_109_109655.jpg
400 300
99 4 392 206; 99 2 386 206; 149 1 382 141; 100 1 399 205; 147 0 389 151; 98 0 396 206; 142 0 392 158; 98 0 399 206; 142 0 391 158; 

3\3_109_109674.jpg
400 267
91 76 343 174; 91 76 364 174; 93 76 357 176; 91 76 362 174; 88 77 362 174; 92 76 362 176; 89 76 363 174; 89 76 363 174; 89 76 363 174; 

3\3_109_109799.jpg
400 358
26 26 272 289; 21 28 271 289; 26 28 270 277; 22 26 271 288; 24 28 269 292; 21 28 271 289; 20 27 271 288; 20 27 271 288; 20 27 271 288; 

3\3_109_109851.jpg
400 281
138 44 383 261; 140 46 385 263; 137 44 284 185; 139 46 384 264; 138 44 388 263; 139 45 384 261; 139 46 384 264; 139 46 384 264; 139 46 384 264; 

3\3_109_109921.jpg
400 266
1 104 302 218; 2 107 296 218; 79 109 297 215; 1 106 297 218; 0 109 304 216; 1 107 295 216; 1 108 296 217; 1 108 296 217; 1 108 296 217; 

3\3_109_109932.jpg
400 320
137 105 382 256; 138 108 387 256; 138 110 386 261; 139 109 386 256; 138 108 386 256; 139 108 386 258; 138 109 386 254; 138 109 386 254; 138 109 386 254; 

3\3_110_110340.jpg
400 300
59 76 216 198; 62 76 220 196; 70 76 211 174; 62 76 218 194; 68 74 219 188; 62 76 219 193; 72 76 209 172; 72 76 208 172; 62 76 218 193; 

3\3_110_110554.jpg
299 400
6 62 190 309; 10 62 187 304; 8 64 186 304; 9 62 188 304; 9 59 190 305; 9 62 185 304; 9 64 186 304; 9 64 186 304; 9 64 186 304; 

3\3_110_110864.jpg
276 357
29 45 249 291; 31 46 247 291; 60 125 235 287; 26 47 246 288; 31 40 247 287; 29 47 246 289; 27 46 245 291; 27 46 245 291; 27 46 245 291; 

3\3_111_111113.jpg
400 400
6 118 360 382; 4 119 362 384; 131 171 357 378; 2 119 363 389; 4 119 361 390; 4 119 361 388; 3 119 363 389; 3 119 362 386; 3 119 363 389; 

3\3_111_111124.jpg
320 399
38 4 281 258; 39 8 277 252; 41 10 277 247; 41 7 276 252; 42 10 275 251; 43 7 278 251; 41 8 276 250; 41 8 276 250; 41 8 276 250; 

3\3_111_111223.jpg
400 300
35 89 267 270; 35 91 268 264; 37 92 268 254; 38 92 267 264; 38 90 269 261; 36 92 266 264; 37 91 268 261; 37 91 268 261; 37 91 268 261; 

3\3_111_111246.jpg
400 300
102 38 315 216; 90 36 310 214; 123 36 309 213; 89 36 311 215; 120 37 308 218; 88 36 309 212; 89 37 309 215; 89 37 309 215; 89 37 309 215; 

3\3_111_111383.jpg
400 265
19 18 225 205; 24 17 228 204; 23 19 226 205; 21 18 227 203; 28 16 227 202; 22 19 227 204; 21 18 227 202; 21 18 227 202; 21 18 227 202; 

3\3_111_111461.jpg
400 375
219 86 307 293; 222 87 309 289; 221 87 308 292; 222 88 308 288; 221 87 308 288; 222 88 307 288; 222 87 308 288; 222 87 308 289; 222 87 308 288; 

3\3_111_111687.jpg
400 400
110 144 269 399; 110 144 266 399; 111 144 256 384; 111 142 266 390; 108 142 264 392; 109 144 266 392; 110 144 264 390; 110 144 264 391; 110 144 264 390; 

3\3_111_111694.jpg
400 266
18 49 237 257; 18 50 239 258; 21 52 238 258; 19 48 238 258; 21 48 239 256; 18 48 238 258; 18 48 237 258; 18 48 237 258; 18 48 237 258; 

3\3_111_111750.jpg
250 400
51 19 196 368; 49 24 188 362; 50 22 188 363; 49 22 189 367; 49 26 188 362; 49 23 191 368; 49 22 190 366; 49 22 190 368; 49 22 190 366; 

3\3_111_111870.jpg
400 160
243 14 346 157; 246 15 346 160; 244 16 342 160; 244 16 344 160; 250 12 346 156; 244 14 344 160; 244 15 345 160; 244 15 345 160; 244 15 345 160; 

3\3_111_111873.jpg
266 400
54 28 181 392; 59 35 179 400; 56 36 177 391; 59 35 179 400; 61 35 178 392; 59 35 178 400; 59 35 178 400; 59 35 178 400; 59 35 178 400; 

3\3_111_111877.jpg
337 400
45 78 182 306; 46 82 182 312; 67 132 176 294; 47 82 181 313; 56 87 191 304; 46 83 182 314; 46 81 182 313; 46 81 182 313; 46 81 182 313; 

3\3_111_111955.jpg
400 298
176 71 396 289; 177 74 393 284; 177 75 393 281; 176 74 394 284; 174 73 394 279; 177 74 395 282; 176 74 394 284; 176 74 394 284; 176 74 394 284; 

3\3_111_111956.jpg
400 266
216 37 351 237; 218 36 352 241; 216 44 348 228; 218 35 352 238; 216 47 349 230; 218 36 351 238; 218 35 352 239; 218 35 352 239; 218 35 352 239; 

3\3_111_111962.jpg
400 303
133 42 340 266; 135 44 343 263; 193 56 268 254; 134 46 344 264; 140 46 341 264; 137 46 343 264; 135 46 342 264; 135 46 342 264; 135 46 342 264; 

3\3_111_111965.jpg
400 357
152 16 334 279; 155 17 332 281; 155 18 329 268; 154 19 331 279; 150 17 332 271; 154 16 331 278; 154 17 332 279; 154 17 331 279; 154 17 332 279; 

3\3_111_111980.jpg
400 266
84 23 227 234; 82 22 226 234; 81 26 226 236; 83 22 225 235; 85 22 227 238; 85 23 224 236; 84 24 223 234; 84 24 223 234; 84 24 223 234; 

3\3_111_111984.jpg
315 400
148 137 304 286; 150 139 306 283; 149 139 304 284; 151 140 304 283; 174 152 308 288; 151 139 304 284; 151 140 304 283; 151 140 304 283; 151 140 304 283; 

3\3_111_111987.jpg
266 400
99 22 238 378; 98 25 238 374; 118 83 229 349; 96 23 240 375; 96 32 237 371; 94 24 238 376; 97 22 237 378; 97 22 237 376; 97 22 237 378; 

3\3_112_112024.jpg
266 400
172 46 265 333; 172 45 266 334; 172 46 266 336; 173 46 266 335; 171 44 266 331; 172 46 266 334; 173 47 266 334; 173 47 266 334; 173 47 266 334; 

3\3_112_112102.jpg
299 399
78 34 227 263; 79 37 226 264; 81 40 223 264; 81 41 224 263; 81 27 232 263; 81 37 224 261; 63 14 243 264; 63 14 243 264; 63 14 243 264; 

3\3_112_112121.jpg
266 400
67 120 258 386; 68 118 267 390; 66 120 266 347; 67 119 266 388; 68 119 266 388; 68 118 265 388; 66 119 151 176; 66 119 267 389; 66 119 267 389; 

3\3_112_112122.jpg
266 400
69 132 258 352; 70 132 266 354; 71 134 266 314; 70 133 266 355; 71 134 266 356; 71 133 266 354; 71 133 178 198; 71 133 266 355; 71 133 267 354; 

3\3_112_112125.jpg
400 300
115 29 315 233; 122 28 314 231; 123 30 314 212; 121 29 314 235; 114 30 316 224; 122 31 313 235; 122 29 314 234; 122 29 314 234; 122 29 314 234; 

3\3_112_112131.jpg
400 356
83 24 324 278; 82 25 324 269; 82 25 323 268; 84 24 323 282; 82 24 323 272; 84 25 322 271; 82 24 322 276; 82 24 322 276; 82 24 322 276; 

3\3_112_112135.jpg
300 400
63 31 250 377; 68 31 247 377; 117 109 194 251; 67 29 247 377; 70 35 244 344; 65 31 249 376; 64 30 247 377; 64 30 247 378; 64 30 247 377; 

3\3_112_112198.jpg
400 304
8 110 307 298; 12 112 305 298; 12 116 301 297; 11 111 304 303; 13 112 307 298; 11 110 304 298; 11 111 303 300; 11 111 303 300; 11 111 303 300; 

3\3_112_112202.jpg
400 326
140 61 316 321; 141 60 316 326; 136 71 316 326; 140 59 322 326; 141 77 318 327; 140 59 322 326; 141 59 321 326; 141 59 321 326; 144 66 317 326; 

3\3_112_112244.jpg
400 400
32 88 306 343; 32 84 305 341; 33 181 179 339; 32 88 304 341; 32 174 194 336; 32 178 184 342; 32 180 185 341; 32 180 188 341; 32 180 185 341; 

3\3_112_112493.jpg
399 389
204 60 386 387; 201 65 391 389; 208 64 390 389; 203 62 390 389; 211 57 385 387; 202 63 391 387; 204 61 391 389; 204 63 391 389; 204 61 391 389; 

3\3_112_112621.jpg
400 160
65 34 332 109; 68 35 329 111; 69 35 329 112; 68 35 328 111; 60 34 328 118; 67 36 327 110; 68 36 329 111; 68 36 329 111; 68 36 329 111; 

3\3_112_112691.jpg
400 304
32 22 225 264; 33 23 225 266; 34 24 223 266; 33 24 224 264; 34 27 221 267; 33 22 226 264; 34 24 225 265; 34 23 225 265; 34 24 225 265; 

3\3_112_112751.jpg
400 300
191 93 299 224; 195 93 295 225; 197 92 297 224; 195 93 297 225; 195 93 301 219; 197 91 297 226; 195 93 297 229; 195 93 298 226; 195 93 297 229; 

3\3_112_112855.jpg
400 358
62 74 320 288; 65 76 317 280; 63 82 313 280; 65 72 316 279; 66 75 317 282; 65 75 318 284; 65 75 317 277; 65 75 317 277; 65 75 317 278; 

3\3_112_112861.jpg
400 300
50 59 338 278; 44 58 341 284; 49 73 338 278; 43 58 339 282; 46 61 339 277; 42 60 338 282; 43 58 339 282; 43 58 339 282; 43 59 339 282; 

3\3_112_112981.jpg
400 313
96 29 284 292; 102 32 282 286; 107 35 265 264; 101 32 282 287; 106 29 282 272; 101 31 282 284; 102 32 279 285; 102 32 279 285; 102 32 279 285; 

3\3_113_113361.jpg
286 400
51 44 218 346; 52 43 214 341; 52 57 209 337; 52 45 212 340; 49 43 218 343; 48 40 214 340; 52 43 214 339; 52 44 212 339; 52 43 214 339; 

3\3_113_113371.jpg
228 400
63 111 178 276; 62 112 177 274; 63 114 176 273; 63 113 176 272; 63 114 177 275; 63 114 177 271; 64 113 177 272; 64 113 177 272; 64 113 177 272; 

3\3_113_113388.jpg
399 268
62 56 358 263; 66 65 362 265; 63 68 360 267; 62 65 362 266; 62 70 362 266; 63 68 362 267; 62 65 361 264; 62 65 361 266; 62 65 361 264; 

3\3_113_113414.jpg
228 400
62 113 176 273; 62 112 178 272; 61 114 175 269; 62 113 177 272; 62 112 179 268; 62 112 177 271; 63 113 177 272; 63 113 177 272; 63 113 177 272; 

3\3_113_113455.jpg
400 300
71 86 257 227; 74 79 254 227; 75 82 254 222; 74 81 253 228; 41 84 252 258; 72 83 252 225; 74 82 253 227; 75 82 253 227; 74 82 253 227; 

3\3_113_113865.jpg
300 400
39 211 178 384; 38 209 177 388; 51 212 168 378; 39 212 176 386; 37 212 175 383; 39 212 174 385; 40 211 176 386; 40 211 176 386; 40 211 176 386; 

3\3_113_113879.jpg
400 320
83 9 263 249; 89 6 264 249; 102 22 251 227; 86 5 265 250; 89 9 264 249; 93 16 252 227; 87 7 262 251; 87 7 262 251; 87 7 262 251; 

3\3_114_114100.jpg
400 266
68 83 311 200; 67 81 316 201; 67 80 310 199; 67 82 316 200; 67 84 314 202; 90 136 315 199; 67 83 318 199; 67 82 316 199; 67 83 318 199; 

3\3_114_114110.jpg
400 266
49 78 382 195; 50 79 378 198; 54 80 376 199; 51 79 379 196; 49 80 379 196; 51 79 379 195; 51 78 379 195; 51 78 379 195; 51 78 379 195; 

3\3_114_114352.jpg
228 400
64 113 178 273; 64 112 178 273; 64 113 176 272; 64 114 177 272; 61 112 177 274; 63 112 176 273; 64 113 176 272; 64 113 176 272; 64 113 176 272; 

3\3_114_114436.jpg
320 400
33 121 217 310; 34 123 217 306; 44 124 213 299; 35 122 216 307; 54 130 222 310; 40 122 216 308; 34 122 216 306; 34 122 216 306; 34 122 216 306; 

3\3_114_114749.jpg
300 400
77 179 270 354; 76 186 271 353; 86 188 262 348; 78 187 272 355; 82 191 270 346; 84 186 275 347; 78 187 271 355; 78 0 271 355; 78 187 271 355; 

3\3_114_114781.jpg
400 266
185 116 363 220; 186 116 361 219; 188 118 361 222; 186 118 361 219; 188 116 358 218; 187 118 361 221; 186 118 360 218; 186 118 360 218; 186 118 360 218; 

3\3_114_114842.jpg
400 269
158 16 341 262; 158 13 344 268; 159 21 347 268; 157 22 344 269; 155 19 341 269; 161 21 341 268; 158 23 345 269; 158 23 345 269; 158 23 345 269; 

3\3_114_114960.jpg
400 266
146 100 265 231; 147 99 264 233; 146 100 267 234; 148 101 262 234; 144 99 262 230; 148 102 262 235; 148 101 262 235; 148 101 262 235; 148 101 262 235; 

3\3_114_114993.jpg
400 266
31 81 168 199; 33 82 168 199; 29 86 170 203; 33 82 168 204; 32 83 167 202; 32 83 170 203; 32 82 168 203; 32 82 168 203; 32 82 168 203; 

3\3_115_115015.jpg
400 266
163 78 338 232; 159 73 338 236; 158 72 336 232; 160 75 338 235; 159 74 336 240; 162 74 338 232; 160 74 336 232; 160 74 336 232; 160 74 336 232; 

3\3_115_115077.jpg
400 366
36 80 196 355; 39 79 198 352; 33 81 197 346; 36 79 198 351; 34 81 197 351; 36 79 196 351; 36 80 196 351; 36 80 196 352; 36 80 196 351; 

3\3_115_115125.jpg
400 261
236 104 361 221; 234 101 359 224; 241 105 352 218; 236 101 361 222; 245 107 356 218; 236 101 358 223; 236 102 359 222; 236 102 359 222; 236 102 359 222; 

3\3_115_115151.jpg
400 287
157 6 384 201; 158 7 384 198; 159 9 380 191; 156 7 383 198; 162 9 371 196; 157 8 384 199; 156 7 383 198; 156 7 383 198; 156 7 383 198; 

3\3_115_115358.jpg
400 271
37 83 353 209; 39 83 354 209; 39 84 353 209; 38 83 354 211; 38 80 355 214; 39 82 354 210; 39 82 352 210; 39 82 354 210; 39 82 352 210; 

3\3_115_115396.jpg
400 300
133 74 302 213; 131 76 302 212; 133 78 299 211; 132 75 301 212; 133 81 302 209; 130 74 301 212; 131 76 302 212; 131 76 302 212; 131 76 302 212; 

3\3_115_115537.jpg
400 333
9 91 226 310; 2 90 224 312; 1 91 221 311; 2 89 223 310; 2 92 224 311; 3 89 224 312; 2 90 223 311; 2 90 223 311; 2 90 223 311; 

3\3_115_115554.jpg
400 266
265 55 372 196; 264 54 371 200; 266 56 373 201; 265 56 372 199; 262 56 377 203; 264 56 372 199; 265 55 371 199; 265 55 371 199; 265 55 371 199; 

3\3_115_115555.jpg
400 266
36 3 206 220; 38 1 207 221; 39 3 204 219; 38 1 206 219; 36 2 209 221; 38 1 207 218; 37 1 206 220; 37 1 206 220; 37 1 206 220; 

3\3_115_115573.jpg
400 296
118 43 353 219; 118 42 355 218; 120 46 353 218; 118 43 352 218; 123 44 354 226; 118 44 353 217; 118 44 352 218; 118 44 352 218; 118 44 352 218; 

3\3_115_115657.jpg
400 266
59 52 328 242; 61 56 327 244; 64 59 323 236; 62 57 328 245; 59 61 325 242; 61 56 327 244; 62 58 328 245; 62 58 328 245; 62 58 328 245; 

3\3_115_115743.jpg
400 276
22 29 258 222; 21 30 264 219; 21 32 255 216; 21 31 264 225; 19 32 265 221; 21 31 261 219; 21 31 264 218; 21 31 264 218; 21 31 264 218; 

3\3_115_115809.jpg
400 240
45 36 319 188; 47 36 319 191; 49 37 311 188; 46 37 318 199; 49 36 320 198; 47 37 318 200; 46 38 318 199; 46 38 318 199; 46 38 318 199; 

3\3_115_115912.jpg
400 283
62 130 218 247; 64 128 218 246; 62 128 218 244; 62 129 218 246; 61 127 219 247; 62 128 219 245; 62 129 218 246; 62 129 218 246; 62 129 218 246; 

3\3_115_115926.jpg
400 266
134 53 256 183; 132 54 255 181; 133 55 255 180; 133 54 255 181; 134 52 256 181; 134 53 255 181; 132 55 255 181; 132 55 255 181; 132 55 255 181; 

3\3_115_115927.jpg
286 400
59 141 242 352; 59 142 241 352; 64 141 232 347; 58 141 242 352; 58 142 242 351; 57 141 242 353; 59 142 241 352; 59 142 241 352; 59 142 241 352; 

3\3_115_115958.jpg
400 266
221 126 384 234; 214 126 388 233; 224 127 383 227; 215 126 388 235; 218 127 387 233; 218 126 389 234; 214 126 386 232; 214 126 386 232; 214 126 386 232; 

3\3_115_115965.jpg
400 271
2 3 284 177; 4 2 285 171; 9 4 284 164; 2 3 285 171; 6 2 284 170; 3 2 286 173; 3 3 284 171; 3 3 284 171; 3 3 284 171; 

3\3_116_116231.jpg
300 400
69 67 205 397; 77 66 201 399; 74 69 192 388; 77 67 200 398; 78 68 200 398; 76 68 198 398; 78 67 199 398; 78 67 199 398; 78 67 199 398; 

3\3_116_116237.jpg
400 300
141 133 351 266; 141 131 352 267; 140 133 348 262; 141 131 352 266; 140 134 352 269; 138 131 351 266; 141 132 351 266; 141 132 351 266; 141 132 351 266; 

3\3_116_116355.jpg
400 301
106 144 340 229; 107 140 341 234; 106 148 335 231; 107 141 340 231; 106 150 339 230; 109 141 340 229; 108 141 339 231; 108 141 339 231; 108 141 339 231; 

3\3_116_116365.jpg
299 224
37 18 223 217; 38 16 230 219; 38 17 218 211; 39 19 228 217; 38 22 222 212; 38 19 225 216; 41 21 230 215; 41 21 230 215; 41 21 230 215; 

3\3_116_116448.jpg
400 320
101 71 325 285; 101 86 330 285; 104 85 323 277; 102 85 330 286; 103 90 330 285; 100 86 328 287; 102 87 329 284; 102 87 329 284; 102 87 329 284; 

3\3_116_116499.jpg
300 400
68 9 164 212; 71 9 163 212; 71 12 166 214; 70 11 164 211; 67 10 162 210; 68 11 165 356; 70 11 164 211; 70 11 164 211; 70 11 164 211; 

3\3_116_116634.jpg
300 400
61 91 261 306; 59 92 258 304; 62 94 254 304; 59 94 258 312; 58 92 259 308; 59 94 257 308; 59 93 257 306; 59 93 257 306; 59 93 257 306; 

3\3_116_116747.jpg
400 400
108 214 288 363; 112 213 289 368; 113 212 279 362; 113 213 290 371; 109 212 289 366; 112 216 290 367; 112 213 291 372; 112 213 291 373; 112 213 291 372; 

3\3_116_116977.jpg
400 266
122 16 336 247; 124 12 339 249; 128 20 334 248; 124 16 336 248; 127 15 339 249; 124 14 337 249; 123 12 337 248; 123 11 337 248; 123 12 336 248; 

3\3_117_117086.jpg
400 266
109 9 378 241; 110 8 379 239; 112 11 377 242; 111 6 379 236; 114 9 378 239; 112 6 378 236; 111 7 379 237; 111 7 379 237; 111 7 379 237; 

3\3_117_117101.jpg
373 400
14 112 307 381; 18 111 308 379; 22 115 300 378; 14 110 307 379; 16 114 307 382; 12 112 307 379; 13 110 308 380; 13 110 308 380; 13 110 308 380; 

3\3_117_117104.jpg
400 300
26 51 314 227; 26 51 316 226; 29 52 309 228; 27 51 315 228; 24 53 312 276; 28 52 316 229; 27 54 316 226; 27 54 316 226; 27 54 316 226; 

3\3_117_117128.jpg
400 266
116 60 291 250; 114 61 291 249; 113 65 289 246; 114 62 290 249; 114 59 289 253; 114 61 292 249; 113 61 291 249; 113 61 291 249; 113 61 291 249; 

3\3_117_117165.jpg
400 300
0 121 148 298; 1 121 154 299; 3 124 153 300; 0 123 154 300; 0 123 155 298; 1 123 155 300; 1 121 155 300; 1 121 155 300; 1 121 155 300; 

3\3_117_117200.jpg
300 400
60 46 292 237; 66 52 293 236; 67 55 289 229; 61 51 292 238; 65 54 292 231; 61 51 292 233; 58 49 292 240; 58 49 292 240; 58 49 292 240; 

3\3_117_117213.jpg
320 400
46 33 262 382; 46 16 264 394; 106 21 251 210; 48 18 263 394; 52 15 259 389; 46 18 261 392; 128 18 219 118; 128 18 219 118; 103 18 249 208; 

3\3_117_117218.jpg
357 399
110 78 224 256; 108 77 227 258; 113 86 218 253; 110 81 223 256; 110 81 221 255; 114 79 227 256; 117 84 225 253; 117 84 225 253; 117 84 225 253; 

3\3_117_117248.jpg
400 300
56 16 286 252; 59 14 283 252; 69 21 280 239; 58 14 282 252; 59 21 281 243; 56 13 283 254; 58 14 282 252; 58 14 282 252; 58 14 282 252; 

3\3_117_117328.jpg
400 331
183 25 361 246; 186 26 361 246; 187 26 359 243; 186 28 361 245; 186 28 361 248; 188 27 361 245; 184 28 361 245; 184 28 361 245; 184 28 361 245; 

3\3_117_117382.jpg
322 400
66 22 247 242; 70 22 248 227; 75 24 244 220; 69 21 248 228; 66 25 249 229; 69 21 248 229; 69 22 248 227; 69 22 248 237; 69 22 248 227; 

3\3_117_117393.jpg
400 266
24 29 183 182; 24 29 179 185; 30 29 177 179; 24 30 179 184; 26 30 178 183; 25 31 178 185; 23 31 178 185; 23 31 178 185; 23 31 178 185; 

3\3_117_117435.jpg
320 400
68 48 230 214; 69 48 231 213; 73 48 229 213; 71 47 232 214; 71 46 231 214; 72 48 229 212; 69 49 232 214; 69 49 232 214; 69 49 232 214; 

3\3_117_117491.jpg
400 273
30 44 319 259; 34 41 323 260; 32 42 326 252; 28 42 323 258; 31 44 324 258; 29 44 322 258; 26 42 322 259; 26 42 322 259; 26 42 322 259; 

3\3_117_117677.jpg
400 313
22 50 308 261; 19 51 300 264; 22 58 298 263; 22 51 300 264; 21 57 296 264; 19 52 300 264; 19 51 299 262; 19 51 299 262; 19 51 299 262; 

3\3_117_117679.jpg
399 300
90 42 273 227; 87 42 279 224; 87 43 275 222; 88 42 280 224; 89 43 279 222; 87 44 278 224; 87 43 280 224; 87 43 280 224; 87 43 280 224; 

3\3_117_117809.jpg
333 400
25 136 221 365; 29 132 220 365; 103 164 216 337; 27 134 220 362; 38 126 272 351; 28 134 219 362; 112 155 216 336; 28 132 219 362; 94 155 220 336; 

3\3_117_117819.jpg
266 400
78 44 262 284; 76 37 267 281; 79 39 163 275; 76 39 265 282; 73 60 267 277; 77 39 265 277; 77 38 266 279; 77 38 266 278; 77 38 266 278; 

3\3_117_117907.jpg
185 400
34 36 141 286; 32 28 144 285; 34 28 143 388; 32 28 145 286; 34 26 151 398; 32 29 149 398; 32 28 144 285; 32 28 144 396; 32 28 145 286; 

3\3_117_117923.jpg
300 400
60 156 287 372; 63 156 288 370; 68 156 284 369; 62 156 288 372; 66 141 289 372; 61 157 288 372; 62 156 288 371; 62 156 288 371; 62 156 288 371; 

3\3_118_118110.jpg
350 399
61 203 320 377; 61 204 304 376; 64 206 317 371; 62 206 322 377; 52 207 313 376; 59 205 321 376; 61 206 322 374; 61 206 322 374; 61 206 322 374; 

3\3_118_118188.jpg
400 306
89 61 388 294; 94 60 385 293; 83 68 372 285; 83 62 385 296; 12 61 383 271; 84 61 384 292; 82 58 384 296; 95 61 384 296; 82 61 386 296; 

3\3_118_118210.jpg
307 400
50 134 260 342; 50 134 259 339; 57 135 258 334; 51 132 258 341; 49 131 264 335; 51 134 261 341; 51 135 259 341; 51 135 259 341; 51 135 259 341; 

3\3_118_118272.jpg
266 400
25 8 193 370; 19 7 190 371; 19 11 183 355; 18 6 188 373; 16 7 192 365; 18 5 191 369; 18 7 187 370; 18 7 187 370; 18 7 187 370; 

3\3_118_118274.jpg
400 277
166 54 370 253; 166 59 369 242; 167 60 366 239; 168 59 369 246; 162 61 366 242; 168 58 371 248; 168 61 368 248; 168 59 368 248; 168 61 368 248; 

3\3_118_118283.jpg
400 330
155 10 372 323; 152 3 376 325; 154 4 366 317; 153 3 377 324; 152 3 375 316; 154 3 377 323; 153 2 322 213; 153 2 322 213; 153 2 322 213; 

3\3_118_118374.jpg
400 284
135 41 339 253; 133 40 343 253; 141 43 341 221; 133 41 343 253; 129 37 343 249; 134 40 343 254; 133 41 342 252; 133 41 342 252; 133 41 342 252; 

3\3_118_118420.jpg
281 400
36 85 236 284; 33 82 239 281; 32 86 235 278; 34 83 238 281; 32 85 238 284; 34 84 237 280; 34 83 239 282; 34 83 239 282; 34 83 239 282; 

3\3_118_118428.jpg
266 400
84 89 226 390; 81 91 225 397; 83 92 221 387; 83 90 225 396; 80 98 221 390; 83 92 226 398; 82 91 224 396; 82 91 224 399; 82 91 224 396; 

3\3_118_118489.jpg
266 400
105 19 217 341; 103 19 216 345; 103 21 215 345; 103 19 215 346; 91 16 217 348; 101 17 216 347; 103 18 214 346; 103 18 214 346; 103 18 214 346; 

3\3_118_118555.jpg
400 300
47 67 331 224; 47 64 342 228; 48 63 336 225; 48 63 339 229; 41 59 336 218; 48 64 340 228; 48 62 339 228; 48 62 339 228; 48 62 339 228; 

3\3_118_118577.jpg
400 352
72 28 339 304; 69 29 335 299; 68 28 327 289; 71 28 335 297; 70 33 349 310; 71 29 334 297; 71 28 336 297; 71 28 336 297; 71 28 336 297; 

3\3_118_118582.jpg
400 300
166 17 381 286; 166 11 394 288; 171 11 386 287; 168 11 394 287; 42 15 389 272; 169 14 392 284; 168 11 395 284; 168 11 395 284; 168 11 395 284; 

3\3_118_118639.jpg
400 300
124 62 246 272; 121 58 246 264; 163 61 221 264; 123 58 245 268; 124 51 242 256; 127 58 246 268; 123 58 244 268; 123 58 244 268; 123 58 244 268; 

3\3_118_118675.jpg
398 400
108 2 296 367; 116 6 295 371; 152 66 264 362; 116 7 294 370; 129 10 298 372; 119 6 294 372; 119 6 294 381; 119 6 294 381; 119 6 294 371; 

3\3_118_118775.jpg
400 301
141 56 349 272; 136 61 348 273; 138 63 348 272; 138 62 348 273; 48 9 396 297; 136 61 348 272; 136 61 348 270; 136 61 348 270; 136 61 348 270; 

3\3_118_118791.jpg
303 400
66 26 185 366; 68 27 181 371; 68 28 179 358; 68 26 182 370; 62 21 186 358; 66 29 182 369; 68 26 179 375; 68 26 179 375; 68 26 179 373; 

3\3_118_118960.jpg
399 321
230 56 379 284; 234 58 379 286; 231 60 379 283; 231 59 380 286; 229 61 384 287; 229 58 381 286; 230 59 380 286; 230 59 380 286; 230 59 380 286; 

3\3_118_118966.jpg
400 400
164 149 370 361; 166 152 376 358; 201 198 340 339; 164 156 375 357; 162 156 380 359; 162 155 378 359; 164 155 375 356; 164 155 375 356; 164 155 375 356; 

3\3_119_119029.jpg
400 300
79 65 348 262; 81 64 346 260; 80 66 346 259; 79 64 348 260; 80 60 346 260; 82 69 347 258; 79 65 348 259; 79 65 348 259; 79 65 348 259; 

3\3_119_119047.jpg
400 266
101 38 316 246; 99 38 314 243; 111 42 309 238; 101 40 313 244; 100 39 317 231; 100 39 314 243; 100 40 312 244; 100 40 312 244; 100 40 312 244; 

3\3_119_119057.jpg
399 202
197 7 385 197; 200 11 391 197; 198 13 389 196; 201 13 389 195; 187 14 388 189; 199 11 391 195; 202 12 389 195; 202 12 389 195; 202 12 389 195; 

3\3_119_119076.jpg
400 311
29 39 293 308; 36 42 294 305; 42 48 288 301; 35 41 293 305; 32 44 291 305; 38 42 292 303; 38 43 293 305; 38 43 293 305; 38 43 293 305; 

3\3_119_119106.jpg
400 336
24 61 332 318; 28 61 325 309; 24 61 321 312; 26 57 326 311; 30 56 328 299; 26 60 325 309; 25 58 334 310; 25 58 334 310; 25 58 334 310; 

3\3_119_119338.jpg
266 400
46 19 241 345; 52 22 242 344; 51 26 238 332; 54 25 241 343; 42 26 238 338; 46 23 242 344; 53 24 241 345; 53 24 241 345; 53 24 241 340; 

3\3_119_119619.jpg
399 297
71 45 372 255; 68 47 368 256; 150 114 252 191; 66 46 370 258; 73 45 368 246; 66 47 369 255; 66 46 368 256; 66 46 371 256; 66 46 368 256; 

3\3_119_119650.jpg
266 400
54 28 211 358; 58 29 203 356; 98 242 181 277; 58 32 204 356; 54 31 204 354; 59 32 204 358; 59 32 203 357; 59 32 203 357; 59 32 203 357; 

3\3_119_119710.jpg
400 300
68 24 299 208; 70 24 299 207; 138 62 292 206; 69 24 306 208; 68 22 299 198; 69 24 301 208; 70 24 300 206; 70 24 300 206; 70 24 301 206; 

3\3_119_119732.jpg
400 250
4 8 208 216; 5 8 209 215; 5 7 207 217; 6 7 208 214; 5 4 209 216; 4 6 207 216; 5 8 208 214; 5 8 208 214; 5 8 208 214; 

3\3_119_119915.jpg
400 305
76 45 317 279; 77 46 326 277; 79 49 322 270; 78 47 327 276; 78 46 324 272; 76 48 324 277; 77 47 326 277; 77 47 326 277; 77 47 326 277; 

3\3_119_119930.jpg
400 363
122 37 318 259; 128 34 319 262; 118 38 318 262; 123 36 318 254; 136 38 321 238; 203 37 319 149; 203 38 318 149; 203 38 318 150; 203 38 318 149; 

3\3_119_119956.jpg
300 400
120 36 248 368; 121 38 246 363; 123 41 244 358; 120 34 246 362; 115 36 256 359; 120 36 246 361; 120 35 245 361; 120 35 245 361; 120 35 245 361; 

3\3_120_120015.jpg
400 342
72 69 272 258; 72 70 276 259; 76 69 199 242; 72 69 263 259; 71 57 256 238; 72 69 286 256; 72 69 269 256; 72 69 253 256; 72 69 265 256; 

3\3_120_120175.jpg
300 400
58 55 194 233; 51 51 196 232; 51 52 193 237; 52 54 195 232; 51 54 202 234; 54 54 196 234; 52 56 196 232; 52 56 196 232; 52 56 196 232; 

3\3_120_120191.jpg
374 400
47 71 332 329; 46 74 330 329; 55 74 322 324; 47 73 329 331; 61 74 323 322; 49 74 329 333; 49 71 329 330; 49 71 329 330; 49 71 329 330; 

3\3_120_120197.jpg
270 400
21 129 228 332; 22 133 229 329; 53 144 194 291; 22 132 228 326; 33 136 228 317; 23 134 228 328; 24 133 226 327; 24 133 226 327; 24 133 226 327; 

3\3_120_120282.jpg
400 321
6 22 268 297; 7 22 272 301; 11 22 266 296; 6 22 265 297; 6 26 275 297; 7 23 266 297; 6 23 264 296; 6 23 264 296; 6 23 264 296; 

3\3_120_120394.jpg
318 400
16 17 266 261; 19 16 264 259; 19 20 264 249; 19 16 266 263; 28 20 263 261; 16 20 264 260; 19 14 266 264; 19 14 266 264; 19 14 266 264; 

3\3_120_120451.jpg
400 266
6 87 376 224; 7 88 377 226; 8 85 377 220; 8 84 378 225; 12 78 371 222; 5 84 378 223; 8 86 377 224; 8 86 377 224; 8 86 377 224; 

3\3_120_120534.jpg
400 320
159 38 369 232; 161 39 365 232; 167 41 360 226; 162 36 365 235; 168 32 368 235; 163 42 364 229; 161 37 366 234; 161 37 366 233; 161 37 366 234; 

3\3_120_120553.jpg
400 299
38 29 361 236; 58 33 364 237; 41 30 357 227; 58 31 363 234; 36 29 362 232; 56 30 363 234; 58 31 364 234; 58 31 364 234; 58 31 364 234; 

3\3_120_120641.jpg
400 400
34 36 206 392; 32 35 208 392; 39 40 201 388; 34 39 206 392; 24 35 202 384; 32 37 204 391; 35 40 205 391; 35 40 205 391; 35 40 205 391; 

3\3_120_120771.jpg
400 320
96 22 304 309; 98 19 308 312; 99 21 304 306; 98 21 304 309; 99 22 306 309; 99 21 306 310; 99 21 305 309; 99 21 305 309; 99 21 305 309; 

3\3_120_120781.jpg
300 400
4 61 286 251; 1 61 296 254; 1 61 297 251; 1 60 298 251; 3 61 296 251; 48 142 198 234; 48 142 198 234; 48 142 198 235; 48 142 198 234; 

3\3_120_120849.jpg
400 284
76 39 358 229; 83 41 362 228; 79 44 358 219; 74 41 358 226; 81 40 358 227; 74 41 358 229; 72 42 358 225; 72 42 358 225; 72 42 358 225; 

3\3_121_121090.jpg
400 266
162 78 372 231; 160 78 373 236; 163 80 369 234; 162 79 371 231; 161 78 374 225; 161 78 371 230; 161 78 371 231; 161 78 371 231; 161 78 371 231; 

3\3_121_121194.jpg
400 296
44 25 356 238; 38 32 362 239; 174 31 227 126; 43 30 360 239; 44 29 359 246; 174 28 233 125; 42 30 360 238; 42 5 359 238; 174 30 231 132; 

3\3_121_121200.jpg
400 263
50 116 176 242; 50 116 176 243; 51 116 176 239; 51 117 176 239; 49 117 174 242; 52 117 177 239; 51 116 176 239; 51 116 176 239; 51 116 176 239; 

3\3_121_121217.jpg
400 271
34 21 236 268; 34 19 237 271; 34 23 235 272; 34 21 235 271; 33 23 239 271; 33 22 237 270; 34 22 235 271; 34 22 235 271; 34 22 235 271; 

3\3_121_121302.jpg
400 202
111 39 306 200; 115 42 305 202; 111 41 304 200; 115 42 304 202; 112 42 305 202; 115 41 305 198; 114 41 305 202; 114 41 305 202; 114 41 305 202; 

3\3_121_121834.jpg
400 323
37 36 299 298; 38 36 298 296; 35 38 296 293; 37 38 298 302; 34 38 301 288; 38 38 299 295; 37 38 298 301; 37 38 298 301; 37 38 298 301; 

3\3_121_121982.jpg
400 298
36 22 201 284; 38 22 201 284; 37 24 201 284; 38 22 201 284; 39 23 200 281; 38 24 201 284; 38 24 202 284; 38 24 202 284; 38 24 202 284; 

3\3_122_122004.jpg
400 268
178 143 378 258; 178 142 382 258; 176 143 381 254; 178 144 381 257; 176 142 383 251; 176 142 382 258; 178 144 381 257; 178 144 381 257; 178 144 381 257; 

3\3_122_122407.jpg
400 266
51 54 352 171; 50 54 372 169; 81 56 358 168; 50 54 373 168; 56 54 368 169; 81 54 372 169; 81 54 373 170; 81 54 372 170; 81 54 373 170; 

3\3_122_122545.jpg
400 319
156 26 381 262; 155 24 386 262; 157 28 383 256; 157 26 384 262; 155 24 382 266; 155 27 385 264; 157 27 384 262; 157 27 384 262; 157 27 384 262; 

3\3_122_122582.jpg
400 276
21 43 365 225; 21 43 378 224; 25 45 368 224; 19 42 378 224; 21 47 358 223; 18 42 375 225; 21 42 378 224; 21 42 378 224; 14 42 378 228; 

3\3_122_122822.jpg
400 171
100 75 387 165; 103 78 392 167; 104 78 391 161; 103 77 392 169; 97 79 393 164; 105 78 392 167; 103 78 392 168; 103 78 392 168; 103 78 392 168; 

3\3_122_122851.jpg
400 295
142 64 294 198; 141 64 291 194; 142 66 289 193; 142 64 291 194; 137 58 292 197; 141 65 292 192; 142 65 290 194; 142 65 290 194; 142 65 290 194; 

3\3_122_122857.jpg
300 400
74 82 272 370; 76 84 276 370; 80 86 273 368; 78 86 274 373; 78 79 275 351; 74 83 276 372; 77 84 269 371; 77 84 273 371; 77 84 274 371; 

3\3_122_122869.jpg
400 300
77 23 248 294; 70 21 251 300; 74 21 251 300; 70 21 251 300; 63 18 246 295; 72 21 251 300; 69 21 250 300; 72 21 250 300; 69 21 250 300; 

3\3_122_122904.jpg
238 400
15 68 147 388; 15 69 148 382; 46 71 137 222; 17 68 146 400; 16 69 148 399; 17 68 147 336; 17 68 149 400; 17 68 149 400; 17 68 149 400; 

3\3_122_122910.jpg
270 400
31 181 218 366; 32 183 221 367; 32 184 217 359; 32 182 219 366; 33 179 215 359; 32 182 219 366; 33 182 219 364; 33 182 219 364; 33 182 219 364; 

3\3_122_122940.jpg
230 400
18 148 207 338; 16 139 208 341; 62 150 132 334; 14 142 207 341; 16 144 205 335; 16 143 204 338; 15 142 206 341; 15 143 206 341; 15 142 206 341; 

3\3_122_122956.jpg
400 266
80 24 169 246; 82 24 166 248; 80 22 167 244; 82 23 168 245; 79 23 170 246; 81 22 168 248; 81 24 168 245; 81 24 168 245; 81 24 168 245; 

3\3_122_122977.jpg
400 246
17 9 219 167; 7 9 222 169; 25 10 215 171; 8 7 223 167; 19 11 222 169; 16 8 219 169; 7 8 221 167; 7 8 221 167; 7 8 221 167; 

3\3_123_123046.jpg
386 400
59 81 243 267; 56 77 248 274; 56 80 245 270; 56 78 249 271; 58 78 245 267; 56 78 248 272; 55 78 249 272; 55 78 249 272; 55 78 249 272; 

3\3_123_123059.jpg
400 300
49 106 354 244; 51 103 356 242; 51 108 353 246; 49 95 354 243; 41 101 358 246; 51 101 357 246; 49 105 355 245; 49 105 355 244; 49 105 355 245; 

3\3_123_123241.jpg
400 285
51 35 257 258; 50 36 258 258; 52 36 256 261; 52 36 256 259; 54 33 259 256; 52 36 258 258; 52 36 256 260; 52 36 256 260; 52 36 256 260; 

3\3_123_123287.jpg
266 400
42 24 144 299; 42 28 143 306; 42 29 142 302; 42 28 143 304; 42 29 145 306; 43 28 141 303; 41 28 145 305; 41 28 145 305; 41 28 145 305; 

3\3_123_123301.jpg
400 395
113 92 349 358; 112 91 348 352; 111 93 345 350; 114 91 346 354; 114 92 347 352; 113 92 346 354; 114 92 345 354; 114 92 345 354; 114 92 345 354; 

3\3_123_123318.jpg
400 301
61 65 343 275; 59 64 337 272; 62 66 341 273; 56 66 344 273; 56 64 346 273; 57 65 344 275; 56 65 346 273; 56 65 346 273; 56 65 346 273; 

3\3_123_123374.jpg
400 357
39 39 294 208; 41 38 291 201; 41 39 288 203; 41 38 292 206; 38 38 291 206; 41 38 292 207; 39 41 291 204; 39 38 292 204; 39 41 291 204; 

3\3_123_123424.jpg
268 400
54 59 156 334; 58 64 154 334; 60 62 151 331; 56 62 154 332; 53 62 154 334; 55 63 154 333; 56 62 154 333; 55 62 154 333; 56 62 154 333; 

3\3_123_123495.jpg
400 281
139 12 261 133; 136 12 261 134; 138 14 257 131; 138 11 261 134; 137 10 262 131; 138 9 260 133; 138 10 259 133; 138 10 259 133; 138 10 259 133; 

3\3_123_123510.jpg
300 400
39 42 275 301; 34 39 287 301; 38 42 284 299; 37 38 288 301; 42 37 284 391; 41 36 286 301; 96 38 146 104; 41 38 287 302; 96 38 146 116; 

3\3_123_123516.jpg
400 400
103 50 280 271; 106 51 277 267; 104 51 274 262; 104 49 278 269; 106 54 276 264; 106 50 278 268; 104 49 272 268; 104 49 277 268; 104 49 272 268; 

3\3_123_123538.jpg
266 400
118 34 262 315; 118 33 262 315; 119 34 259 316; 119 33 264 315; 116 31 263 316; 118 34 264 316; 118 33 254 168; 118 33 264 315; 118 33 262 317; 

3\3_123_123573.jpg
400 266
13 41 377 209; 16 45 374 209; 21 44 367 206; 17 43 371 209; 18 37 373 206; 18 44 373 205; 18 43 371 203; 18 43 371 204; 18 43 371 203; 

