500

4\4_123_123574.jpg
400 266
137 58 351 205; 136 60 355 207; 138 60 355 206; 141 59 353 204; 161 55 359 207; 139 58 355 206; 139 59 350 203; 139 59 351 203; 141 59 350 203; 

4\4_123_123581.jpg
400 300
16 140 227 289; 10 138 226 283; 13 140 224 281; 11 140 226 282; 0 141 224 281; 11 141 226 282; 11 141 226 282; 11 141 226 282; 11 141 226 282; 

4\4_123_123636.jpg
400 300
39 79 144 297; 39 88 144 300; 39 86 144 300; 38 79 144 300; 38 88 153 298; 39 84 143 300; 39 85 143 300; 39 85 143 300; 39 75 143 300; 

4\4_123_123637.jpg
280 400
69 109 174 279; 64 107 172 281; 67 108 169 279; 66 108 172 281; 62 109 214 274; 68 108 172 281; 66 109 173 281; 66 109 173 281; 66 109 173 281; 

4\4_123_123716.jpg
400 314
76 37 276 299; 71 34 269 298; 72 36 270 221; 73 36 278 301; 73 38 282 303; 73 36 278 299; 72 36 271 190; 72 36 276 299; 72 36 278 299; 

4\4_123_123733.jpg
400 351
54 13 352 279; 56 14 352 276; 54 131 239 276; 56 14 351 278; 56 26 353 266; 54 21 351 279; 130 16 352 180; 54 16 352 277; 56 16 352 279; 

4\4_123_123812.jpg
266 400
21 145 254 370; 25 141 254 371; 94 141 174 249; 24 141 253 375; 29 141 251 352; 94 141 174 250; 94 141 175 245; 94 141 175 245; 94 141 175 245; 

4\4_123_123856.jpg
400 266
34 6 276 257; 32 4 286 265; 85 56 256 216; 31 3 286 266; 45 14 289 267; 31 3 288 266; 29 3 287 266; 29 3 287 266; 29 3 287 266; 

4\4_123_123861.jpg
309 399
59 100 271 324; 54 101 272 323; 91 101 186 231; 57 100 271 323; 66 86 224 262; 57 100 272 322; 90 100 187 231; 90 100 187 231; 90 100 187 231; 

4\4_123_123878.jpg
266 400
40 16 239 282; 41 16 238 268; 42 33 238 279; 42 15 239 282; 34 18 242 272; 41 45 239 279; 66 16 166 114; 42 16 239 279; 67 16 166 114; 

4\4_123_123913.jpg
266 400
142 34 251 319; 139 33 250 321; 149 38 251 319; 139 34 250 321; 128 38 254 306; 141 46 251 321; 157 36 219 113; 141 35 252 321; 157 36 219 113; 

4\4_123_123977.jpg
400 275
23 108 358 253; 26 106 358 252; 26 107 359 252; 26 108 359 253; 34 93 365 252; 24 108 358 251; 25 108 358 252; 25 108 358 252; 25 108 358 252; 

4\4_124_124056.jpg
326 400
55 94 300 291; 55 95 310 291; 56 95 313 291; 55 97 311 292; 33 85 303 285; 57 94 313 293; 55 96 313 291; 55 96 313 291; 55 96 313 291; 

4\4_124_124057.jpg
309 399
45 104 292 292; 46 103 294 292; 46 104 293 292; 45 103 293 294; 47 85 290 301; 46 103 293 292; 46 105 294 292; 46 105 294 292; 46 105 294 292; 

4\4_124_124127.jpg
400 327
142 83 373 266; 141 84 373 267; 147 87 372 267; 147 86 372 266; 146 82 371 268; 146 88 372 267; 148 86 372 266; 148 86 372 266; 148 86 372 266; 

4\4_124_124187.jpg
400 299
72 129 308 267; 73 129 310 266; 76 129 306 266; 72 129 310 266; 82 118 310 278; 73 129 308 264; 74 129 309 266; 74 129 309 266; 74 129 309 266; 

4\4_124_124229.jpg
400 266
140 1 386 261; 138 0 392 266; 208 1 377 230; 132 1 397 266; 195 2 396 212; 200 0 370 174; 201 0 379 177; 168 0 379 178; 207 0 379 177; 

4\4_124_124232.jpg
400 300
140 21 336 279; 138 22 334 276; 171 23 301 206; 140 23 331 276; 139 23 330 273; 171 23 299 262; 173 24 301 178; 173 24 301 208; 173 24 302 259; 

4\4_124_124323.jpg
400 328
104 19 269 244; 108 22 268 243; 123 99 222 166; 106 22 267 243; 106 28 266 245; 106 100 224 243; 106 100 224 243; 106 100 224 243; 106 21 267 243; 

4\4_124_124375.jpg
345 400
47 29 335 241; 34 30 336 243; 42 34 334 242; 36 29 335 242; 91 31 334 228; 35 48 334 242; 195 48 333 242; 34 30 333 242; 182 37 333 242; 

4\4_124_124377.jpg
400 265
198 30 374 239; 198 30 371 242; 199 32 372 242; 196 34 372 240; 176 41 371 220; 196 34 373 242; 196 32 371 242; 196 32 371 242; 196 32 371 242; 

4\4_124_124385.jpg
400 266
0 72 391 199; 2 72 399 201; 6 72 393 200; 1 73 399 201; 8 74 399 204; 13 72 388 168; 1 71 399 201; 1 71 399 201; 14 71 390 171; 

4\4_124_124475.jpg
400 328
85 94 275 314; 91 95 270 312; 94 99 268 313; 90 97 270 314; 83 121 277 313; 93 94 271 314; 91 98 269 314; 91 98 269 314; 91 98 269 314; 

4\4_124_124483.jpg
399 338
61 79 338 282; 59 79 335 281; 59 80 334 280; 59 80 334 279; 56 78 343 277; 60 81 335 280; 60 81 334 280; 60 81 334 280; 60 81 334 280; 

4\4_124_124492.jpg
260 400
79 27 192 382; 79 26 190 400; 79 33 190 136; 79 26 191 398; 81 29 188 386; 81 47 194 354; 79 26 191 136; 79 26 191 136; 79 26 191 136; 

4\4_124_124515.jpg
400 320
28 58 352 265; 27 57 347 268; 223 58 348 198; 30 58 348 268; 34 55 348 269; 31 57 347 267; 30 58 348 267; 30 58 348 267; 30 58 348 267; 

4\4_124_124600.jpg
400 261
14 33 195 258; 12 33 202 257; 106 34 201 136; 15 34 202 255; 27 29 201 209; 15 32 201 227; 14 33 197 226; 0 33 202 260; 14 33 202 254; 

4\4_124_124643.jpg
285 400
38 70 243 342; 37 69 247 344; 77 70 158 181; 34 69 249 343; 76 68 156 184; 36 70 248 344; 76 69 156 180; 76 69 156 180; 76 69 158 215; 

4\4_124_124760.jpg
400 303
62 32 278 234; 57 30 282 234; 63 32 279 228; 61 36 276 232; 55 25 287 227; 59 26 282 236; 63 39 276 226; 63 36 278 226; 63 39 277 226; 

4\4_124_124876.jpg
400 277
70 42 202 263; 69 32 203 269; 72 129 195 269; 69 43 203 268; 81 38 208 241; 71 44 203 278; 71 44 202 269; 71 44 202 269; 71 128 196 269; 

4\4_124_124880.jpg
400 320
105 104 194 280; 105 109 194 282; 106 108 192 278; 106 108 194 281; 78 113 215 279; 106 109 192 278; 104 109 194 279; 104 109 194 279; 104 109 194 279; 

4\4_124_124969.jpg
300 400
103 136 236 397; 103 136 234 399; 106 136 233 368; 104 137 234 400; 99 136 238 368; 106 137 234 353; 104 136 234 400; 104 136 234 400; 104 136 234 400; 

4\4_125_125046.jpg
400 318
46 57 365 295; 38 54 370 296; 41 64 368 283; 41 52 369 294; 54 64 358 296; 41 63 369 285; 41 52 368 286; 41 52 368 284; 41 52 368 286; 

4\4_125_125138.jpg
400 320
246 45 381 313; 246 43 386 320; 249 46 382 320; 246 45 383 320; 241 45 379 314; 246 45 385 320; 245 44 384 320; 245 44 384 320; 245 44 384 320; 

4\4_125_125153.jpg
400 300
72 76 318 231; 73 78 318 232; 74 78 312 229; 72 78 315 231; 44 68 336 239; 74 78 315 231; 73 76 315 232; 73 76 315 232; 73 76 315 232; 

4\4_125_125225.jpg
400 266
89 27 305 214; 97 28 304 209; 95 24 300 209; 95 26 302 208; 91 30 313 206; 94 24 303 209; 96 27 302 208; 96 27 302 208; 96 27 302 208; 

4\4_125_125345.jpg
271 400
28 44 198 220; 29 43 197 219; 28 45 197 218; 29 43 196 217; 29 37 196 218; 30 45 198 218; 29 44 196 218; 29 44 196 218; 29 44 196 218; 

4\4_125_125437.jpg
400 300
162 12 366 294; 159 4 365 281; 239 7 267 142; 159 8 367 296; 159 122 363 296; 161 9 368 292; 160 129 366 297; 160 8 364 297; 160 129 364 297; 

4\4_125_125471.jpg
252 400
44 33 153 381; 42 32 152 379; 44 28 149 368; 42 29 149 381; 32 32 166 351; 45 45 146 352; 44 35 149 100; 44 31 149 100; 44 31 149 100; 

4\4_125_125512.jpg
400 254
228 69 370 248; 227 71 367 255; 230 72 363 254; 229 71 365 255; 232 63 362 248; 231 72 365 253; 233 74 306 131; 233 74 365 253; 233 74 365 254; 

4\4_125_125513.jpg
400 254
229 72 368 250; 231 68 365 255; 229 73 365 255; 231 74 367 255; 231 60 356 248; 231 72 366 255; 235 73 304 136; 231 73 364 254; 235 73 315 142; 

4\4_125_125518.jpg
267 399
11 97 166 280; 13 95 161 282; 14 97 160 276; 12 92 160 278; 7 102 181 283; 12 94 160 283; 12 94 160 277; 12 94 160 277; 12 94 160 277; 

4\4_125_125648.jpg
400 271
43 71 236 262; 39 72 233 260; 41 72 231 261; 41 73 229 258; 35 59 239 258; 43 74 231 260; 43 75 230 262; 43 75 230 262; 43 75 230 262; 

4\4_125_125649.jpg
368 400
156 6 355 209; 156 7 357 211; 154 33 355 209; 154 6 356 209; 154 11 358 212; 155 45 353 208; 154 7 356 209; 154 7 356 209; 154 7 356 209; 

4\4_125_125685.jpg
386 400
73 69 339 352; 74 69 339 353; 73 71 336 353; 74 70 338 352; 63 57 349 346; 74 70 339 352; 73 71 338 352; 73 71 338 352; 73 71 338 352; 

4\4_125_125796.jpg
400 300
186 49 392 291; 188 49 398 300; 189 51 395 299; 189 50 399 300; 189 50 398 294; 191 51 400 299; 191 51 400 300; 191 51 400 300; 191 51 400 300; 

4\4_125_125888.jpg
400 266
76 29 248 261; 75 28 247 266; 133 29 245 179; 78 28 246 266; 89 31 258 266; 74 29 246 266; 76 28 246 266; 76 28 246 266; 76 28 246 266; 

4\4_125_125921.jpg
300 400
121 38 250 250; 120 29 252 251; 121 34 248 248; 124 31 249 251; 96 51 268 252; 122 46 249 249; 127 34 249 245; 127 34 249 246; 127 34 249 245; 

4\4_125_125923.jpg
399 286
11 33 280 238; 2 35 279 238; 95 75 279 236; 2 34 279 237; 2 33 281 235; 94 76 279 236; 1 35 277 236; 1 35 277 236; 1 35 277 236; 

4\4_125_125926.jpg
248 400
125 189 245 394; 129 191 247 398; 141 194 246 287; 129 192 246 398; 120 194 248 400; 130 194 248 355; 129 193 246 400; 129 193 246 400; 129 193 246 400; 

4\4_125_125929.jpg
400 300
57 91 325 209; 55 94 324 211; 55 95 324 209; 56 94 324 212; 59 89 327 218; 56 94 324 211; 58 94 324 212; 58 94 324 212; 58 94 324 212; 

4\4_125_125931.jpg
300 400
90 27 252 368; 92 22 251 374; 96 34 172 237; 91 23 251 374; 102 22 254 372; 93 46 253 353; 99 149 252 374; 94 22 252 374; 91 149 252 374; 

4\4_125_125956.jpg
400 266
93 24 316 156; 89 25 319 158; 92 28 318 155; 90 26 319 156; 86 30 321 158; 91 27 319 158; 90 26 319 156; 90 26 319 156; 90 26 319 156; 

4\4_125_125980.jpg
400 300
44 64 256 176; 44 64 258 173; 46 69 255 172; 45 64 259 171; 62 65 258 175; 46 68 256 172; 45 65 258 175; 45 65 258 175; 45 65 258 175; 

4\4_126_126005.jpg
400 300
68 66 306 210; 68 68 310 204; 73 71 309 204; 69 68 309 204; 74 69 310 206; 71 68 308 204; 69 68 308 204; 69 68 308 204; 69 68 308 204; 

4\4_126_126023.jpg
400 252
59 14 228 250; 58 14 229 252; 58 15 228 252; 59 16 228 252; 49 15 229 252; 58 16 228 252; 59 16 229 252; 59 16 229 252; 59 16 229 252; 

4\4_126_126025.jpg
400 300
12 49 330 239; 21 51 331 241; 343 119 388 274; 16 51 331 242; 26 52 328 228; 16 52 329 242; 18 52 331 243; 18 52 331 243; 18 52 331 243; 

4\4_126_126037.jpg
400 268
22 121 356 229; 22 124 351 227; 22 126 350 223; 23 124 351 224; 19 119 353 233; 23 125 349 227; 22 124 352 227; 22 124 352 227; 22 124 352 227; 

4\4_126_126053.jpg
400 321
50 75 252 232; 51 79 249 227; 52 81 248 229; 51 79 251 228; 49 67 249 226; 51 80 248 228; 51 80 250 228; 51 80 250 228; 51 80 250 228; 

4\4_126_126054.jpg
400 300
94 30 332 279; 89 30 330 277; 91 31 327 272; 92 29 328 276; 89 42 329 268; 92 29 330 276; 92 30 328 277; 92 30 328 277; 92 30 328 277; 

4\4_126_126155.jpg
400 238
93 52 233 208; 98 52 232 212; 96 55 230 187; 98 53 231 212; 91 56 236 208; 97 54 231 214; 98 52 231 212; 98 52 231 212; 98 52 231 212; 

4\4_126_126297.jpg
400 273
59 62 196 263; 64 62 198 266; 91 63 199 261; 64 62 198 267; 53 63 202 261; 66 62 197 265; 64 62 196 263; 64 62 196 263; 64 62 196 263; 

4\4_126_126373.jpg
400 292
20 19 267 251; 21 23 269 251; 21 23 269 251; 22 22 268 249; 31 18 267 250; 21 22 268 251; 22 23 268 249; 22 23 268 249; 22 23 268 249; 

4\4_126_126638.jpg
400 309
42 21 335 222; 30 20 342 227; 34 19 338 226; 33 18 340 226; 49 20 341 228; 33 20 339 225; 31 20 339 226; 31 20 339 226; 31 20 339 226; 

4\4_126_126682.jpg
400 159
11 11 245 149; 7 11 246 157; 7 11 245 158; 6 11 247 159; 10 13 256 159; 8 11 247 159; 6 10 247 156; 6 10 247 156; 6 10 247 156; 

4\4_126_126746.jpg
266 400
31 184 256 390; 42 188 258 387; 57 232 260 366; 42 188 258 388; 49 226 261 391; 42 187 259 354; 42 188 258 386; 42 188 258 386; 54 232 258 386; 

4\4_126_126766.jpg
400 319
113 18 368 285; 112 16 373 283; 112 16 374 285; 110 14 375 286; 117 23 370 270; 111 17 375 285; 110 16 375 286; 110 16 375 286; 110 16 375 286; 

4\4_126_126785.jpg
400 266
90 51 267 187; 92 53 268 184; 92 53 268 181; 92 54 266 183; 74 51 274 186; 91 53 266 184; 91 54 267 184; 91 54 267 184; 91 54 267 184; 

4\4_126_126800.jpg
400 276
28 80 158 228; 28 82 152 227; 27 82 154 230; 26 83 154 229; 13 82 161 232; 27 82 152 225; 27 82 152 229; 27 82 152 229; 27 82 152 229; 

4\4_126_126806.jpg
400 349
123 72 281 309; 124 77 280 307; 124 78 279 306; 122 77 279 305; 117 73 284 305; 122 76 281 307; 122 76 279 307; 122 76 279 307; 122 76 279 307; 

4\4_126_126887.jpg
400 250
42 51 200 215; 39 49 201 221; 42 52 198 212; 43 49 201 217; 40 54 202 211; 44 57 196 209; 46 53 197 211; 46 53 197 211; 46 53 197 211; 

4\4_126_126893.jpg
286 400
87 47 269 207; 89 47 268 204; 89 48 266 203; 89 47 267 206; 91 55 265 190; 89 50 266 205; 87 49 267 206; 87 49 267 206; 87 49 267 206; 

4\4_126_126942.jpg
400 300
107 5 289 265; 110 11 287 262; 112 11 286 261; 112 0 287 262; 115 10 282 263; 122 28 270 261; 111 12 287 261; 111 12 287 261; 111 12 287 261; 

4\4_126_126969.jpg
266 400
55 86 216 346; 49 87 216 347; 54 89 216 341; 52 88 216 343; 53 89 216 344; 52 88 215 339; 54 88 214 339; 54 88 214 339; 54 88 214 339; 

4\4_127_127026.jpg
399 266
93 22 315 242; 91 22 318 245; 95 22 315 239; 92 22 320 242; 105 32 303 231; 92 23 317 241; 92 22 316 244; 92 22 316 244; 92 22 316 244; 

4\4_127_127080.jpg
399 338
59 81 334 281; 61 82 334 280; 57 81 335 281; 59 80 335 281; 59 82 336 278; 62 80 334 280; 59 82 335 279; 59 82 335 279; 59 82 335 279; 

4\4_127_127117.jpg
266 400
96 63 258 389; 96 64 266 398; 98 67 265 366; 96 66 266 400; 97 68 256 398; 97 67 251 351; 97 66 266 400; 97 66 266 400; 97 66 266 400; 

4\4_127_127358.jpg
400 147
14 27 298 122; 12 25 298 124; 10 25 294 126; 12 24 294 127; 16 25 294 127; 12 24 296 126; 11 26 295 128; 11 26 295 128; 11 26 295 128; 

4\4_127_127386.jpg
400 266
104 42 292 229; 106 41 291 228; 107 44 294 228; 112 40 292 228; 107 38 300 226; 109 41 292 227; 108 41 292 229; 108 41 292 229; 108 41 292 229; 

4\4_127_127394.jpg
266 400
34 133 192 360; 34 131 192 361; 34 132 191 357; 36 132 192 361; 22 131 212 356; 36 134 191 352; 34 131 192 362; 34 131 192 362; 34 131 192 362; 

4\4_127_127435.jpg
400 300
17 95 381 227; 16 95 380 222; 16 95 379 224; 17 94 379 228; 19 72 379 233; 17 95 378 226; 18 96 379 228; 18 96 379 228; 18 96 379 228; 

4\4_127_127445.jpg
400 253
16 44 319 174; 0 41 319 173; 46 41 319 172; 0 42 318 172; 37 46 335 169; 46 42 317 171; 1 42 318 171; 1 42 318 171; 1 42 318 171; 

4\4_127_127517.jpg
399 319
145 97 352 248; 145 95 352 247; 144 95 352 247; 146 95 352 247; 143 70 365 247; 144 97 352 245; 144 96 352 247; 144 96 352 247; 144 96 352 247; 

4\4_127_127592.jpg
400 290
14 14 222 176; 16 17 225 175; 16 16 220 175; 20 17 226 176; 6 24 232 167; 19 17 224 174; 18 16 227 176; 18 16 227 176; 18 16 227 176; 

4\4_127_127620.jpg
322 400
97 131 301 344; 101 136 301 349; 99 147 301 344; 99 135 300 346; 83 122 319 340; 102 136 299 347; 102 138 206 204; 102 138 300 348; 102 138 264 224; 

4\4_127_127625.jpg
307 399
50 29 231 348; 51 29 230 351; 49 30 233 343; 52 30 233 354; 49 30 230 362; 50 44 233 353; 76 32 191 119; 52 32 234 385; 76 32 190 141; 

4\4_127_127671.jpg
298 399
70 64 220 350; 68 65 218 351; 72 64 218 347; 70 64 218 350; 77 59 218 352; 72 64 216 350; 71 64 218 348; 71 64 218 351; 71 64 218 348; 

4\4_127_127716.jpg
320 400
72 11 262 327; 72 14 259 348; 73 35 258 159; 72 11 261 326; 64 19 265 348; 72 47 264 327; 73 14 258 149; 73 14 262 328; 73 14 257 198; 

4\4_127_127749.jpg
400 292
71 89 243 286; 72 84 245 292; 91 96 241 292; 72 88 241 292; 70 71 247 278; 72 87 241 291; 70 86 241 292; 96 93 241 292; 96 94 241 292; 

4\4_127_127769.jpg
400 337
60 58 378 280; 64 58 381 279; 64 54 379 281; 62 56 379 284; 68 57 382 282; 64 54 378 282; 63 91 294 208; 63 1 384 282; 63 91 343 211; 

4\4_127_127785.jpg
400 326
156 36 360 216; 159 39 354 216; 207 38 356 199; 160 38 356 214; 164 28 369 229; 158 38 356 204; 204 39 356 191; 159 39 356 217; 204 39 355 191; 

4\4_127_127788.jpg
266 400
79 29 217 371; 79 32 214 367; 80 34 213 363; 81 31 211 366; 85 35 235 350; 79 36 211 365; 81 30 211 367; 81 30 211 367; 81 30 211 366; 

4\4_127_127854.jpg
313 399
6 108 187 288; 4 107 184 286; 5 108 180 286; 5 108 179 286; 1 106 188 288; 4 108 179 286; 5 108 178 286; 5 108 178 286; 5 108 178 286; 

4\4_127_127894.jpg
400 297
103 91 309 268; 94 92 309 266; 95 92 307 266; 94 91 309 266; 89 86 308 261; 97 91 309 268; 94 92 309 267; 94 92 309 267; 94 92 309 267; 

4\4_127_127915.jpg
330 400
38 166 284 352; 46 166 286 348; 45 164 284 347; 46 164 284 346; 46 165 288 336; 44 166 284 346; 44 164 284 347; 44 164 284 347; 44 164 284 347; 

4\4_128_128052.jpg
295 400
18 60 244 353; 10 59 247 349; 21 60 246 272; 8 60 248 350; 24 61 232 330; 14 61 245 314; 8 61 246 348; 8 61 246 349; 8 61 246 348; 

4\4_128_128083.jpg
265 400
7 86 206 391; 9 84 202 399; 78 84 164 191; 7 84 202 399; 6 84 211 397; 8 85 201 362; 81 84 164 191; 5 84 202 400; 81 84 164 191; 

4\4_128_128107.jpg
400 186
64 61 325 167; 58 60 329 168; 67 61 328 164; 54 62 328 168; 62 60 340 161; 54 62 328 167; 54 62 329 167; 54 62 329 167; 54 62 329 167; 

4\4_128_128152.jpg
400 314
87 26 337 257; 85 26 339 273; 171 26 338 244; 86 26 338 269; 88 28 344 262; 86 25 339 248; 86 26 338 237; 86 26 338 270; 86 26 338 242; 

4\4_128_128173.jpg
400 266
148 130 248 262; 151 127 249 264; 152 129 246 266; 151 128 247 266; 118 109 264 260; 152 131 243 264; 151 129 247 266; 151 129 247 266; 151 129 247 266; 

4\4_128_128189.jpg
400 259
151 77 371 241; 153 80 372 239; 154 80 371 235; 153 80 371 246; 141 74 374 232; 153 81 371 240; 152 80 372 240; 152 80 372 240; 152 80 372 240; 

4\4_128_128245.jpg
319 400
89 52 299 313; 86 47 298 302; 90 49 296 294; 89 51 297 300; 93 48 291 302; 89 49 296 299; 90 49 297 298; 90 49 297 298; 90 49 297 298; 

4\4_128_128295.jpg
400 266
24 50 368 196; 21 51 372 191; 147 59 238 159; 22 54 372 192; 59 35 317 182; 23 53 373 195; 22 54 362 191; 22 54 372 191; 145 61 242 163; 

4\4_128_128324.jpg
400 258
22 88 382 240; 24 89 381 239; 24 90 381 238; 24 88 381 239; 29 79 387 231; 22 90 382 239; 24 89 381 240; 24 89 381 240; 24 89 381 240; 

4\4_128_128372.jpg
400 300
40 57 201 252; 43 56 202 251; 44 58 200 251; 44 56 201 253; 26 50 226 242; 45 59 201 249; 127 57 188 138; 44 57 200 252; 43 57 199 251; 

4\4_128_128373.jpg
400 286
201 90 358 201; 202 91 359 196; 203 94 357 196; 204 94 358 199; 194 79 362 222; 203 94 361 199; 204 94 359 198; 204 94 359 198; 204 94 359 198; 

4\4_128_128411.jpg
400 251
23 76 376 218; 21 79 379 215; 21 80 378 215; 21 79 378 216; 25 78 371 214; 22 79 378 214; 22 79 378 216; 22 79 378 216; 22 79 378 216; 

4\4_128_128425.jpg
400 326
28 104 367 294; 29 108 371 287; 28 109 369 287; 26 106 371 289; 35 101 375 275; 28 108 369 288; 28 106 370 288; 28 106 370 288; 28 106 370 288; 

4\4_128_128485.jpg
266 400
16 93 263 346; 20 98 262 340; 18 97 263 343; 18 98 262 341; 20 102 266 354; 177 214 207 254; 178 215 206 251; 18 97 263 341; 66 257 156 330; 

4\4_128_128511.jpg
400 300
28 111 379 245; 27 109 378 241; 28 109 379 238; 28 110 378 241; 32 106 386 246; 28 111 378 242; 28 109 377 241; 28 109 377 241; 28 109 377 241; 

4\4_128_128521.jpg
400 300
27 111 375 243; 28 109 378 241; 28 111 376 239; 28 111 378 241; 39 99 392 232; 28 111 376 241; 28 110 377 241; 28 110 377 241; 28 110 377 241; 

4\4_128_128599.jpg
304 399
68 76 237 206; 64 72 239 209; 64 72 232 205; 62 72 238 207; 64 76 241 210; 64 72 239 205; 62 71 237 206; 62 71 237 206; 62 71 237 206; 

4\4_128_128631.jpg
400 303
28 104 226 246; 24 104 226 238; 23 104 224 239; 22 104 225 242; 21 100 227 247; 22 105 225 241; 21 104 224 242; 21 104 224 242; 21 104 224 242; 

4\4_128_128633.jpg
400 270
142 18 311 226; 139 17 311 241; 169 18 310 147; 143 19 310 239; 136 21 313 234; 141 19 309 238; 185 19 309 145; 185 19 309 145; 142 19 309 238; 

4\4_128_128655.jpg
400 269
84 32 278 255; 82 28 278 251; 85 57 277 252; 86 31 276 250; 74 24 278 235; 86 31 278 245; 86 29 277 251; 86 29 277 251; 86 29 277 251; 

4\4_128_128684.jpg
300 400
34 84 284 363; 38 85 286 376; 76 89 231 205; 37 88 282 382; 36 82 264 346; 42 86 283 352; 78 88 232 171; 37 88 284 382; 78 88 233 200; 

4\4_128_128692.jpg
400 300
92 59 352 259; 94 63 359 261; 94 61 352 259; 94 61 356 260; 89 44 358 260; 93 59 354 259; 92 61 356 258; 92 61 356 258; 92 61 356 258; 

4\4_128_128762.jpg
400 266
86 28 323 249; 80 26 320 251; 89 33 318 233; 88 31 321 242; 90 28 319 233; 82 26 328 251; 92 34 318 241; 92 34 318 241; 92 34 318 241; 

4\4_128_128805.jpg
400 311
106 78 252 251; 111 80 254 249; 112 82 251 246; 111 81 252 247; 108 81 252 246; 112 82 252 246; 111 81 251 247; 111 81 251 247; 111 81 251 247; 

4\4_128_128828.jpg
400 284
78 43 262 272; 74 42 267 271; 78 44 263 272; 78 44 263 271; 78 38 265 273; 76 44 263 272; 174 46 242 103; 78 46 263 271; 174 46 251 113; 

4\4_128_128830.jpg
400 300
42 79 309 275; 41 80 306 277; 44 78 307 278; 41 81 307 276; 42 81 306 271; 43 82 306 277; 234 82 306 165; 42 79 306 278; 217 82 306 165; 

4\4_128_128849.jpg
334 400
79 71 281 306; 82 69 284 296; 81 69 282 311; 82 68 283 293; 79 71 284 292; 82 68 285 313; 97 67 181 157; 81 67 284 311; 97 67 187 174; 

4\4_128_128867.jpg
344 400
79 103 314 392; 80 103 320 392; 80 104 317 365; 81 106 316 394; 82 104 318 389; 79 105 315 354; 81 106 208 193; 81 106 318 393; 81 106 208 193; 

4\4_129_129015.jpg
400 261
130 24 371 255; 128 15 374 261; 162 14 357 215; 124 21 372 261; 126 20 374 261; 124 22 374 261; 215 22 339 159; 215 22 339 162; 221 22 339 159; 

4\4_129_129095.jpg
266 400
19 89 152 364; 22 90 152 365; 17 89 149 364; 19 89 149 364; 4 89 169 364; 22 91 149 351; 17 117 149 364; 17 116 149 364; 17 89 149 364; 

4\4_129_129141.jpg
400 300
122 12 289 293; 123 10 291 285; 124 12 290 300; 124 12 290 300; 122 12 288 297; 124 12 289 286; 124 11 290 300; 124 11 290 300; 124 11 290 300; 

4\4_129_129196.jpg
400 370
22 79 284 332; 31 86 284 330; 32 84 283 332; 32 86 284 329; 45 92 278 330; 32 85 284 329; 31 84 282 330; 31 84 282 330; 31 84 282 330; 

4\4_129_129283.jpg
300 400
27 64 256 332; 26 67 256 334; 24 101 255 331; 26 42 257 332; 22 99 265 322; 28 100 256 332; 24 102 256 332; 24 100 256 332; 24 102 256 332; 

4\4_129_129409.jpg
400 266
221 52 352 245; 221 49 356 247; 224 51 354 249; 222 49 356 248; 219 47 364 251; 222 51 352 248; 222 50 354 248; 222 50 354 248; 222 50 354 248; 

4\4_129_129425.jpg
297 400
30 47 246 357; 29 45 247 360; 32 43 246 357; 31 44 246 356; 34 46 246 355; 30 46 246 356; 31 44 246 356; 31 44 246 356; 31 44 246 356; 

4\4_129_129438.jpg
400 208
154 83 248 176; 154 82 246 176; 155 82 244 176; 152 83 245 176; 149 83 247 178; 154 83 247 176; 153 84 246 174; 153 84 246 174; 153 84 246 174; 

4\4_129_129551.jpg
286 215
47 43 221 195; 48 48 224 198; 49 47 225 194; 48 44 224 196; 42 50 232 193; 44 46 223 195; 47 45 224 195; 47 45 224 195; 47 45 224 195; 

4\4_129_129588.jpg
400 266
162 48 382 261; 162 51 385 266; 159 52 382 266; 159 52 384 266; 161 51 384 267; 159 52 385 266; 160 52 384 266; 160 52 384 266; 160 52 384 266; 

4\4_129_129806.jpg
400 301
76 54 351 268; 78 54 354 266; 78 56 352 264; 78 56 352 264; 77 56 364 267; 77 56 352 266; 78 56 353 266; 78 56 353 266; 78 56 353 266; 

4\4_129_129868.jpg
400 300
198 2 392 289; 204 2 400 287; 202 1 395 288; 201 1 399 288; 202 4 400 292; 201 1 399 288; 201 0 400 288; 201 0 400 288; 201 0 400 288; 

4\4_129_129870.jpg
400 300
63 82 322 204; 66 81 323 206; 101 88 316 194; 66 81 323 204; 72 77 323 228; 88 80 324 207; 67 81 324 205; 67 81 324 205; 67 81 324 205; 

4\4_129_129872.jpg
400 300
119 31 272 162; 117 32 266 164; 119 34 269 159; 117 32 268 162; 96 22 294 166; 119 31 270 165; 118 33 269 164; 118 33 269 164; 118 33 269 164; 

4\4_129_129938.jpg
400 300
70 82 324 208; 66 81 324 206; 102 91 316 194; 66 82 323 206; 84 60 339 209; 74 81 324 208; 64 82 324 205; 64 82 324 206; 64 82 324 205; 

4\4_130_130020.jpg
400 266
51 31 314 242; 51 32 316 239; 53 31 314 235; 52 30 315 238; 74 38 308 230; 52 30 316 239; 51 30 314 238; 51 30 314 238; 51 30 314 238; 

4\4_130_130039.jpg
400 266
30 59 316 254; 29 60 318 266; 31 58 316 237; 31 59 316 266; 32 55 315 249; 31 57 316 265; 227 55 317 161; 30 55 317 267; 202 55 317 168; 

4\4_130_130042.jpg
400 266
97 63 281 194; 101 62 278 194; 101 62 276 188; 101 61 276 194; 91 56 301 219; 103 61 277 194; 102 61 278 190; 102 61 278 190; 102 61 278 190; 

4\4_130_130043.jpg
400 266
62 12 320 253; 66 13 321 251; 62 14 321 251; 63 12 321 252; 61 22 335 246; 66 14 322 251; 163 13 222 90; 62 13 319 254; 63 13 321 253; 

4\4_130_130048.jpg
400 266
32 45 318 245; 30 44 319 254; 31 49 318 251; 31 46 317 252; 36 41 329 254; 36 51 320 252; 28 51 319 253; 28 45 319 253; 28 51 319 253; 

4\4_130_130070.jpg
400 300
161 11 258 299; 161 14 259 300; 161 98 257 299; 161 15 258 299; 162 18 258 300; 160 14 258 299; 160 14 258 300; 160 14 258 300; 160 14 258 300; 

4\4_130_130110.jpg
378 400
145 31 364 376; 145 29 361 371; 208 107 303 284; 145 29 364 378; 151 126 364 376; 151 107 362 352; 153 176 362 378; 145 32 362 378; 153 176 362 378; 

4\4_130_130290.jpg
240 400
37 31 201 347; 37 35 201 347; 37 34 203 353; 38 34 201 355; 33 36 203 351; 36 33 202 356; 37 35 202 355; 37 35 202 355; 37 35 202 355; 

4\4_130_130292.jpg
331 399
104 12 230 388; 104 14 228 388; 104 26 226 374; 106 14 228 391; 95 14 230 385; 105 39 226 359; 104 14 228 390; 104 14 228 390; 104 14 228 390; 

4\4_130_130314.jpg
400 312
71 52 332 284; 75 50 332 280; 72 52 332 282; 72 52 331 281; 78 54 318 283; 71 52 331 282; 72 52 332 281; 72 52 332 281; 72 52 332 281; 

4\4_130_130330.jpg
400 320
19 78 221 276; 16 79 220 275; 18 78 221 274; 20 78 219 276; 21 79 222 276; 18 79 219 275; 18 79 219 274; 18 79 219 274; 18 79 219 274; 

4\4_130_130344.jpg
300 400
28 136 279 301; 29 136 279 301; 27 136 278 299; 28 135 279 301; 34 133 282 291; 28 136 279 300; 27 136 279 300; 27 136 279 300; 27 136 279 300; 

4\4_130_130456.jpg
399 251
167 3 377 252; 173 3 379 251; 173 0 204 252; 173 2 377 252; 175 32 375 248; 171 4 377 249; 233 28 376 230; 170 9 376 230; 234 30 365 230; 

4\4_130_130556.jpg
400 266
23 30 275 260; 27 24 272 267; 27 24 270 267; 27 30 273 267; 16 28 265 267; 27 25 268 265; 28 29 269 267; 28 29 269 267; 28 29 269 267; 

4\4_130_130602.jpg
400 296
12 82 323 249; 20 89 326 247; 19 84 321 204; 19 84 321 247; 57 60 320 245; 67 85 195 245; 22 84 321 246; 20 84 321 246; 22 84 321 246; 

4\4_130_130704.jpg
400 266
214 56 353 220; 212 56 351 217; 213 59 350 218; 214 58 351 217; 219 67 350 211; 213 59 350 218; 214 58 352 217; 214 58 352 217; 214 58 352 217; 

4\4_130_130762.jpg
400 300
59 71 355 227; 60 77 351 225; 57 76 353 229; 58 74 352 232; 65 79 357 221; 59 73 352 228; 59 76 351 225; 59 76 351 225; 59 76 351 225; 

4\4_130_130822.jpg
400 164
27 49 393 96; 27 49 396 94; 29 53 395 93; 29 50 394 93; 29 51 397 101; 28 51 393 94; 27 51 393 92; 27 51 393 92; 27 51 393 92; 

4\4_130_130855.jpg
400 370
182 83 314 211; 189 82 314 213; 189 84 308 212; 189 81 312 213; 189 86 314 212; 189 82 312 213; 189 83 312 213; 189 83 312 213; 189 83 312 213; 

4\4_130_130889.jpg
400 266
36 67 202 253; 32 66 208 255; 36 91 198 252; 31 64 208 253; 35 88 189 246; 32 65 209 253; 32 89 208 254; 32 64 208 254; 32 64 208 254; 

4\4_130_130901.jpg
400 300
79 26 328 281; 81 30 327 278; 81 47 325 277; 81 29 326 281; 85 44 324 279; 81 46 326 281; 81 29 325 281; 81 29 325 281; 81 29 325 281; 

4\4_130_130925.jpg
400 266
139 13 314 231; 142 14 314 233; 184 14 313 148; 138 14 313 239; 129 17 309 217; 138 14 312 237; 184 15 312 143; 184 15 312 143; 142 15 312 232; 

4\4_131_131042.jpg
400 268
91 26 304 239; 84 28 301 242; 85 28 300 185; 86 27 301 240; 95 28 298 227; 86 26 301 239; 87 27 301 239; 87 27 301 239; 87 27 301 239; 

4\4_131_131044.jpg
400 266
45 95 355 202; 47 99 361 199; 47 98 359 201; 46 97 358 202; 54 107 352 224; 46 97 359 202; 47 97 359 202; 47 97 359 202; 47 97 359 202; 

4\4_131_131164.jpg
400 266
81 11 326 262; 88 11 326 252; 81 11 326 251; 81 12 328 251; 89 17 321 246; 79 10 329 252; 81 11 327 252; 81 11 327 252; 81 11 327 252; 

4\4_131_131261.jpg
400 271
28 81 198 242; 29 81 197 239; 29 81 198 239; 29 82 195 239; 37 89 197 246; 30 82 197 241; 30 82 198 239; 30 82 198 239; 30 82 198 239; 

4\4_131_131262.jpg
400 268
58 43 302 218; 54 42 300 219; 55 42 301 214; 56 44 301 217; 50 39 314 216; 55 42 302 216; 55 42 302 217; 55 42 302 217; 55 42 302 217; 

4\4_131_131328.jpg
297 399
102 32 286 360; 97 34 287 354; 124 59 250 283; 98 33 286 354; 117 32 286 361; 136 57 254 275; 141 56 253 175; 99 32 286 361; 134 56 253 274; 

4\4_131_131454.jpg
300 400
28 97 261 394; 23 97 263 400; 34 98 262 366; 26 98 264 400; 20 99 263 400; 36 98 263 352; 23 98 262 400; 23 98 262 400; 23 98 262 400; 

4\4_131_131495.jpg
266 400
66 171 208 379; 67 177 208 381; 69 177 208 357; 69 174 208 379; 58 172 205 377; 68 176 206 353; 69 177 207 379; 69 177 207 379; 69 177 207 379; 

4\4_131_131498.jpg
400 266
207 11 334 258; 210 13 334 257; 210 14 335 266; 208 13 335 257; 203 10 336 255; 207 13 335 257; 207 14 335 258; 207 14 335 258; 207 14 335 258; 

4\4_131_131588.jpg
266 400
2 98 163 392; 1 100 161 400; 1 98 161 299; 0 97 159 400; 8 104 174 306; 4 99 160 353; 1 99 161 400; 1 99 162 400; 1 98 163 400; 

4\4_131_131610.jpg
400 300
11 46 211 182; 5 44 217 182; 4 93 179 181; 9 43 219 181; 24 39 241 187; 8 87 177 181; 1 45 217 181; 6 45 217 181; 1 45 217 181; 

4\4_131_131627.jpg
300 400
31 82 262 319; 29 82 260 321; 28 82 259 318; 29 82 260 317; 24 66 266 313; 29 82 251 318; 30 82 259 317; 30 82 259 317; 30 82 259 317; 

4\4_131_131654.jpg
400 317
73 58 308 283; 77 61 308 291; 130 61 294 199; 74 59 308 286; 75 40 305 285; 77 61 297 281; 127 60 295 199; 74 60 307 317; 127 60 295 223; 

4\4_131_131686.jpg
400 300
54 114 351 231; 57 113 351 232; 58 112 336 212; 57 113 349 229; 72 107 358 243; 59 112 348 230; 57 112 349 229; 57 112 349 229; 57 112 349 229; 

4\4_131_131961.jpg
362 400
56 34 226 369; 54 34 225 369; 54 35 224 366; 54 40 225 370; 49 37 226 367; 54 45 224 355; 54 35 224 369; 54 35 224 369; 54 35 224 369; 

4\4_131_131974.jpg
400 203
141 20 259 142; 141 19 260 144; 142 21 256 142; 138 18 263 145; 124 12 273 149; 144 21 258 139; 142 19 260 144; 142 19 259 144; 142 19 260 144; 

4\4_132_132100.jpg
266 400
89 40 172 328; 89 39 178 324; 92 42 177 324; 89 38 178 325; 90 40 181 332; 92 46 176 328; 88 38 179 325; 88 38 179 325; 88 38 179 325; 

4\4_132_132238.jpg
400 320
118 42 366 292; 116 41 370 292; 115 41 371 291; 116 42 369 294; 113 35 374 291; 117 42 368 292; 116 42 369 293; 116 42 369 293; 116 42 369 293; 

4\4_132_132307.jpg
400 276
32 126 186 254; 35 123 185 248; 38 126 168 248; 35 125 184 248; 30 122 198 255; 36 126 184 249; 36 126 185 248; 36 126 185 248; 36 126 185 248; 

4\4_132_132365.jpg
264 400
55 10 218 219; 58 15 213 219; 58 34 213 217; 58 15 212 219; 59 20 224 209; 58 46 214 218; 82 16 170 138; 58 16 212 222; 58 16 214 219; 

4\4_132_132370.jpg
260 400
37 31 196 392; 38 28 196 399; 41 29 196 399; 40 28 195 399; 28 29 200 397; 40 27 196 393; 41 28 196 399; 41 28 196 399; 41 28 196 399; 

4\4_132_132381.jpg
400 300
42 11 278 282; 41 9 277 292; 42 10 276 291; 44 9 278 293; 38 15 274 279; 44 11 276 288; 43 8 278 291; 43 8 278 291; 43 8 278 291; 

4\4_132_132400.jpg
266 400
41 33 200 337; 41 30 201 334; 46 33 192 333; 41 7 200 338; 43 22 210 336; 42 45 199 337; 41 8 199 339; 41 8 199 338; 41 8 199 339; 

4\4_132_132405.jpg
266 400
23 69 138 254; 24 71 138 251; 25 71 137 253; 24 69 139 251; 38 62 176 262; 24 72 138 251; 24 72 138 254; 24 72 138 254; 24 72 138 254; 

4\4_132_132455.jpg
383 400
126 34 289 390; 127 36 290 391; 121 37 283 331; 127 40 286 400; 128 36 292 383; 128 46 283 352; 128 39 218 95; 128 39 286 393; 128 39 220 101; 

4\4_132_132457.jpg
291 400
44 71 189 306; 46 69 186 311; 49 70 186 308; 47 70 186 314; 58 70 194 312; 49 70 185 316; 92 70 172 116; 46 70 185 314; 92 70 172 122; 

4\4_132_132481.jpg
400 265
81 59 375 214; 83 61 373 211; 84 61 373 211; 83 60 374 209; 78 54 357 212; 83 60 373 211; 81 60 372 211; 81 60 372 211; 81 60 372 211; 

4\4_132_132501.jpg
260 399
25 14 238 204; 23 18 238 204; 25 27 237 204; 26 17 237 202; 28 20 239 200; 25 38 238 204; 25 18 238 203; 25 18 238 203; 25 18 238 203; 

4\4_132_132513.jpg
356 399
83 23 205 353; 81 23 199 347; 81 28 198 349; 82 23 201 349; 68 21 219 346; 80 41 201 349; 82 24 202 348; 82 24 202 348; 82 24 202 348; 

4\4_132_132515.jpg
400 233
46 34 341 149; 43 29 344 145; 45 31 345 145; 43 32 346 145; 47 16 347 160; 44 31 347 144; 45 33 348 144; 45 33 347 144; 45 33 348 144; 

4\4_132_132555.jpg
270 400
38 73 223 341; 33 75 222 342; 32 77 221 341; 32 76 222 342; 38 72 218 351; 34 78 223 345; 31 75 221 341; 31 75 221 341; 31 75 221 341; 

4\4_132_132581.jpg
342 400
39 104 249 375; 41 102 241 369; 36 102 242 364; 39 100 241 368; 38 102 269 321; 49 104 242 318; 37 103 242 320; 37 103 242 320; 37 103 242 320; 

4\4_132_132583.jpg
400 298
26 9 273 288; 26 16 274 284; 28 15 272 282; 28 16 273 284; 32 24 279 279; 26 16 273 284; 27 16 274 284; 27 16 274 284; 27 16 274 284; 

4\4_132_132584.jpg
400 300
29 17 285 279; 28 24 284 281; 32 21 284 281; 32 22 282 279; 38 24 281 271; 36 24 281 276; 32 22 282 279; 32 22 282 279; 32 22 282 279; 

4\4_132_132615.jpg
400 328
78 112 253 308; 73 115 257 312; 76 116 249 308; 74 115 256 309; 66 118 275 304; 74 117 254 309; 74 116 255 309; 74 116 255 309; 74 116 255 309; 

4\4_132_132690.jpg
400 240
204 85 350 182; 201 85 345 181; 206 85 343 182; 204 86 344 182; 193 69 361 184; 204 86 345 181; 204 84 344 181; 203 76 344 181; 88 77 344 181; 

4\4_132_132784.jpg
400 320
89 99 331 315; 97 95 332 320; 100 94 331 320; 97 95 333 320; 79 98 340 318; 100 94 333 320; 97 93 332 320; 97 94 332 320; 97 93 332 320; 

4\4_132_132826.jpg
400 296
122 139 350 285; 125 139 358 291; 126 140 352 286; 124 137 356 292; 134 124 364 284; 124 141 356 291; 123 138 361 291; 123 138 353 291; 123 138 361 291; 

4\4_132_132900.jpg
400 300
168 16 308 287; 168 16 313 284; 168 17 312 281; 169 16 312 282; 175 15 326 279; 170 18 312 282; 168 15 313 284; 168 15 313 284; 168 15 313 284; 

4\4_133_133027.jpg
400 266
16 26 184 258; 15 26 185 256; 17 28 182 252; 16 28 184 253; 14 26 202 251; 17 28 184 255; 16 28 184 256; 16 28 184 256; 16 28 184 256; 

4\4_133_133075.jpg
320 400
75 32 253 360; 79 34 251 358; 96 200 146 342; 76 37 254 364; 41 151 254 368; 98 200 148 339; 98 201 148 338; 76 35 254 367; 99 132 234 341; 

4\4_133_133086.jpg
400 300
102 71 318 282; 104 71 317 276; 102 73 316 276; 103 70 316 279; 97 71 316 275; 102 71 316 279; 102 71 316 279; 102 71 316 279; 102 71 316 279; 

4\4_133_133160.jpg
266 400
77 80 236 275; 75 80 236 274; 76 79 234 274; 77 79 236 274; 79 79 236 271; 78 80 234 274; 77 80 236 275; 77 80 236 275; 77 80 236 275; 

4\4_133_133166.jpg
400 300
18 72 240 205; 18 73 246 204; 18 76 227 197; 18 72 244 202; 72 71 244 203; 19 76 234 203; 18 74 237 202; 18 74 322 202; 18 74 237 202; 

4\4_133_133167.jpg
266 400
79 68 186 361; 83 72 188 361; 84 72 187 360; 84 71 187 361; 62 65 208 349; 84 71 187 355; 83 71 186 361; 83 71 186 361; 83 71 186 361; 

4\4_133_133201.jpg
324 400
28 178 202 351; 32 174 199 350; 31 177 198 348; 29 175 200 348; 36 168 200 359; 32 174 201 348; 31 175 200 349; 31 175 200 349; 31 175 200 349; 

4\4_133_133219.jpg
400 266
131 30 365 261; 133 31 362 264; 132 29 361 262; 132 32 364 264; 124 22 351 266; 132 32 362 264; 150 31 326 181; 150 31 326 181; 150 31 326 181; 

4\4_133_133232.jpg
400 234
38 110 198 205; 29 109 199 204; 32 109 198 202; 32 110 198 204; 39 98 222 212; 32 110 198 204; 31 109 198 205; 31 109 198 205; 31 109 198 205; 

4\4_133_133244.jpg
400 300
41 41 358 219; 38 52 356 217; 39 39 354 219; 41 40 356 218; 29 39 367 233; 39 41 358 217; 41 54 143 218; 41 39 356 217; 41 54 161 218; 

4\4_133_133309.jpg
400 284
50 56 294 269; 50 61 299 270; 52 58 298 272; 52 59 298 271; 21 50 306 272; 51 61 300 271; 52 59 298 273; 52 79 298 273; 52 60 298 273; 

4\4_133_133388.jpg
399 400
124 54 371 379; 126 48 371 400; 126 47 370 362; 127 48 371 400; 118 47 346 357; 126 49 371 354; 126 48 370 349; 126 48 370 375; 126 48 369 351; 

4\4_133_133414.jpg
400 288
27 35 246 263; 28 36 244 267; 29 36 240 256; 29 35 244 264; 48 23 239 269; 29 37 245 263; 29 35 244 262; 29 35 244 262; 29 35 244 262; 

4\4_133_133490.jpg
400 266
116 21 321 258; 114 20 324 258; 184 20 254 207; 117 20 320 258; 146 15 294 212; 115 22 322 257; 116 20 321 254; 116 20 321 258; 116 20 321 254; 

4\4_133_133491.jpg
266 400
43 79 156 361; 48 76 158 356; 99 78 155 279; 47 78 155 356; 92 76 171 299; 47 78 155 299; 98 79 155 272; 44 79 155 357; 99 79 155 272; 

4\4_133_133603.jpg
294 400
69 11 212 386; 69 10 211 397; 84 75 211 371; 70 11 212 395; 59 16 224 388; 72 40 212 360; 71 12 212 395; 71 12 212 395; 71 12 212 395; 

4\4_133_133636.jpg
400 312
7 65 250 309; 1 66 247 312; 3 65 248 312; 0 67 250 312; 12 32 238 312; 3 67 250 311; 1 67 249 312; 1 67 249 312; 1 67 249 312; 

4\4_133_133660.jpg
399 287
156 102 387 284; 154 96 397 284; 156 99 397 284; 155 99 396 284; 143 90 400 276; 156 99 397 284; 156 99 397 285; 156 99 397 285; 156 99 397 285; 

4\4_133_133693.jpg
300 400
106 147 294 380; 109 152 292 381; 111 151 291 366; 112 148 291 382; 121 135 286 365; 109 149 291 354; 110 196 291 381; 110 194 291 383; 110 196 291 381; 

4\4_133_133698.jpg
400 265
98 16 229 260; 95 11 230 262; 96 16 229 264; 98 14 229 265; 82 14 235 246; 99 14 229 264; 98 15 229 265; 98 15 229 265; 98 15 229 265; 

4\4_133_133759.jpg
400 303
84 33 309 249; 88 35 306 246; 138 76 255 191; 88 36 307 246; 93 39 301 253; 88 34 308 249; 86 36 306 246; 86 36 306 246; 86 36 306 246; 

4\4_133_133761.jpg
399 266
32 28 238 243; 33 27 236 240; 33 28 235 239; 35 28 235 239; 30 25 241 228; 34 27 236 238; 33 28 235 239; 33 28 235 239; 33 28 235 239; 

4\4_133_133770.jpg
297 400
71 3 266 307; 69 1 266 324; 69 34 267 306; 68 1 266 328; 63 0 259 293; 68 44 266 315; 69 0 266 322; 69 0 266 322; 69 0 266 322; 

4\4_133_133812.jpg
400 266
74 36 234 266; 73 34 244 266; 166 38 236 266; 76 37 238 266; 118 18 273 258; 76 36 237 264; 178 37 231 88; 75 37 240 267; 76 37 231 159; 

4\4_133_133920.jpg
400 320
6 11 271 268; 11 9 269 270; 7 18 265 264; 4 16 269 271; 21 25 268 258; 4 17 269 273; 4 15 269 271; 4 15 269 271; 4 15 269 271; 

4\4_133_133974.jpg
400 245
70 121 320 223; 70 122 322 228; 72 123 321 228; 72 122 324 229; 91 116 326 231; 72 122 322 228; 72 122 322 228; 72 122 322 228; 72 122 322 228; 

4\4_133_133988.jpg
400 225
35 46 363 182; 37 45 362 187; 41 48 361 186; 40 47 363 188; 38 39 362 176; 39 48 363 189; 37 47 362 188; 37 47 362 188; 37 47 362 188; 

4\4_134_134054.jpg
400 315
54 42 236 263; 52 41 236 268; 56 42 236 266; 54 42 236 268; 73 48 261 254; 54 42 234 267; 54 42 235 266; 54 42 235 266; 54 42 235 266; 

4\4_134_134095.jpg
300 400
0 56 207 348; 2 64 204 341; 0 61 203 352; 1 62 204 351; 22 59 199 308; 1 61 203 352; 0 62 203 345; 0 62 203 352; 0 62 203 352; 

4\4_134_134121.jpg
400 266
79 26 354 244; 82 24 353 241; 83 29 351 241; 82 28 351 240; 75 24 363 247; 82 28 351 239; 81 29 351 241; 81 29 351 242; 81 29 351 241; 

4\4_134_134170.jpg
400 300
107 10 291 284; 104 11 289 282; 109 9 289 284; 107 11 290 282; 88 12 305 282; 106 11 289 282; 108 9 289 282; 108 9 289 282; 108 9 289 282; 

4\4_134_134183.jpg
400 270
56 21 330 209; 51 22 335 209; 53 22 327 176; 53 22 331 208; 58 14 342 227; 167 166 219 208; 166 167 219 207; 168 167 219 207; 166 167 219 207; 

4\4_134_134206.jpg
400 388
19 222 223 378; 21 218 217 376; 22 219 214 360; 19 219 214 379; 29 222 217 356; 19 219 214 347; 21 219 214 381; 21 219 214 381; 21 219 214 381; 

4\4_134_134216.jpg
400 400
49 130 271 383; 45 136 269 386; 44 134 268 364; 47 136 268 384; 48 135 271 380; 46 133 271 352; 46 136 268 386; 46 136 268 386; 46 136 268 386; 

4\4_134_134310.jpg
400 265
136 26 260 259; 139 28 259 258; 139 28 256 256; 139 26 256 257; 141 26 260 261; 139 26 266 258; 160 43 245 109; 140 27 266 259; 154 138 249 231; 

4\4_134_134338.jpg
400 400
34 12 223 386; 37 14 211 388; 38 15 222 351; 37 13 223 388; 38 2 220 389; 38 45 223 353; 36 13 207 154; 36 13 223 389; 36 13 206 154; 

4\4_134_134339.jpg
400 298
9 46 246 292; 2 48 246 299; 132 49 245 132; 1 49 245 299; 146 51 251 128; 3 48 246 297; 162 49 244 115; 0 49 244 299; 162 49 244 116; 

4\4_134_134356.jpg
266 400
56 159 243 369; 59 166 247 371; 59 168 242 366; 59 166 246 367; 56 162 251 368; 92 166 246 321; 60 166 245 368; 60 166 245 368; 60 166 245 368; 

4\4_134_134378.jpg
265 399
90 22 220 392; 86 18 222 400; 89 23 218 383; 89 22 220 400; 79 15 229 399; 88 30 219 367; 98 20 194 114; 90 20 219 400; 98 20 193 114; 

4\4_134_134424.jpg
400 318
72 58 369 294; 78 57 374 293; 78 59 370 293; 78 57 376 293; 94 61 368 289; 79 59 374 292; 78 58 376 292; 78 58 376 292; 78 58 376 292; 

4\4_134_134559.jpg
400 400
15 139 379 380; 17 144 369 382; 19 141 377 372; 17 144 377 381; 43 133 375 386; 17 143 379 363; 16 144 377 381; 16 144 377 381; 16 144 377 381; 

4\4_134_134592.jpg
399 331
179 34 382 331; 178 35 383 332; 180 36 382 332; 176 37 382 332; 184 44 389 327; 175 36 383 329; 177 35 383 332; 177 36 383 332; 177 35 383 332; 

4\4_134_134647.jpg
300 400
61 77 238 347; 63 78 237 347; 62 80 235 345; 63 78 237 345; 59 82 238 348; 62 79 236 345; 64 79 236 345; 64 79 236 345; 64 79 236 345; 

4\4_134_134652.jpg
400 300
205 59 349 292; 203 59 355 300; 203 62 353 300; 204 61 353 300; 182 58 351 300; 202 60 353 299; 204 60 354 300; 204 60 354 300; 204 60 354 300; 

4\4_134_134659.jpg
394 400
134 68 370 352; 131 64 370 351; 134 67 371 351; 134 67 372 353; 141 71 362 347; 133 66 346 352; 133 66 371 352; 133 66 371 352; 133 66 371 352; 

4\4_134_134664.jpg
400 266
66 6 284 199; 65 4 284 201; 121 4 281 199; 62 3 282 199; 64 3 304 191; 64 2 284 199; 61 2 284 199; 61 2 284 199; 61 2 284 199; 

4\4_134_134679.jpg
322 400
28 24 294 269; 31 24 296 266; 31 34 294 266; 31 29 294 265; 32 30 296 257; 31 45 294 266; 31 25 295 266; 31 25 295 266; 31 25 295 266; 

4\4_134_134689.jpg
268 400
57 88 214 314; 54 90 216 314; 56 89 212 312; 56 90 212 311; 54 91 241 311; 57 91 212 312; 56 89 212 310; 56 89 212 310; 56 89 212 310; 

4\4_134_134692.jpg
300 400
42 78 204 392; 42 79 201 398; 57 79 201 364; 42 79 202 398; 49 82 204 396; 58 80 201 355; 57 79 202 236; 41 79 202 399; 57 79 201 257; 

4\4_134_134693.jpg
400 273
114 48 309 246; 119 48 308 244; 116 49 309 246; 118 48 309 246; 119 32 306 241; 116 48 306 244; 117 49 309 244; 117 49 309 244; 117 49 309 244; 

4\4_134_134720.jpg
400 312
70 26 336 286; 68 25 332 285; 69 26 328 287; 69 26 332 287; 70 47 322 278; 70 25 331 286; 70 26 332 288; 70 26 332 288; 70 26 332 288; 

4\4_134_134777.jpg
400 271
37 18 247 262; 41 19 248 262; 42 21 212 262; 40 18 246 261; 33 21 247 254; 41 19 246 262; 40 19 246 261; 40 19 246 261; 40 19 246 261; 

4\4_134_134797.jpg
400 293
44 61 392 208; 41 62 396 206; 41 62 394 205; 41 61 399 205; 39 57 399 214; 41 61 398 204; 40 61 400 205; 40 61 400 205; 40 61 400 205; 

4\4_134_134940.jpg
400 266
84 92 259 260; 77 94 259 266; 82 98 261 266; 81 95 258 266; 98 97 265 267; 81 97 257 266; 193 98 252 158; 82 98 258 266; 174 96 252 167; 

4\4_134_134943.jpg
377 399
45 56 342 347; 45 54 338 347; 47 55 340 346; 45 53 336 346; 42 55 344 348; 47 56 337 346; 47 53 336 346; 47 53 336 346; 47 53 336 346; 

4\4_134_134970.jpg
400 381
157 59 342 348; 163 54 339 349; 162 59 336 346; 164 56 339 348; 144 59 338 335; 162 55 339 344; 162 54 338 348; 162 54 338 348; 162 54 338 348; 

4\4_135_135051.jpg
400 378
59 6 225 264; 64 1 225 259; 64 23 221 258; 65 1 225 261; 52 0 226 261; 64 34 224 261; 64 0 224 262; 64 0 224 262; 64 0 224 262; 

4\4_135_135123.jpg
400 266
151 68 395 222; 145 65 399 218; 146 67 395 217; 145 65 399 217; 152 65 400 213; 145 66 399 220; 142 63 399 215; 142 63 399 218; 142 63 399 211; 

4\4_135_135127.jpg
251 400
112 65 203 306; 114 68 202 304; 116 69 198 302; 116 68 201 304; 113 72 208 312; 116 68 201 304; 115 68 201 303; 115 68 201 303; 115 68 201 303; 

4\4_135_135138.jpg
400 300
191 23 349 174; 190 23 348 173; 190 25 347 171; 191 26 347 170; 191 28 346 171; 190 25 348 171; 192 25 347 171; 192 25 347 171; 192 25 347 171; 

4\4_135_135150.jpg
320 400
26 5 294 258; 26 4 291 256; 107 87 201 177; 25 2 294 256; 46 12 279 242; 25 46 294 254; 25 1 292 256; 25 1 292 256; 25 1 292 256; 

4\4_135_135184.jpg
400 268
39 44 266 250; 38 43 261 255; 40 42 258 251; 40 43 262 255; 54 27 260 241; 39 43 263 254; 39 44 262 255; 39 44 262 255; 39 44 262 255; 

4\4_135_135259.jpg
400 266
110 50 272 230; 111 49 274 234; 109 52 269 229; 112 51 276 239; 117 39 292 231; 111 52 269 231; 109 50 269 227; 109 50 269 227; 109 50 269 227; 

4\4_135_135266.jpg
400 300
42 65 369 241; 46 70 359 239; 47 71 361 231; 45 70 362 238; 68 49 364 245; 46 70 368 251; 46 71 368 253; 46 71 366 253; 46 71 368 253; 

4\4_135_135294.jpg
400 400
24 81 299 277; 23 83 297 281; 24 86 295 283; 20 83 298 283; 19 77 295 283; 24 84 297 282; 22 84 298 285; 22 84 298 285; 22 84 298 285; 

4\4_135_135296.jpg
306 400
72 58 251 351; 71 61 252 346; 76 63 248 348; 70 62 249 348; 86 66 243 332; 74 60 248 349; 71 61 248 347; 71 61 248 347; 71 61 248 347; 

4\4_135_135297.jpg
399 399
28 78 247 280; 25 78 245 280; 27 79 247 279; 27 78 260 281; 33 76 252 284; 25 79 249 282; 26 79 260 280; 26 79 260 280; 26 79 260 280; 

4\4_135_135395.jpg
400 266
23 40 374 206; 22 36 374 208; 21 48 372 210; 17 36 373 211; 32 45 377 204; 20 44 371 213; 20 46 373 209; 20 46 373 209; 20 46 373 209; 

4\4_135_135402.jpg
400 266
22 13 161 220; 19 7 158 218; 22 8 155 219; 22 8 156 219; 18 5 158 214; 21 5 156 220; 22 7 156 219; 22 7 156 219; 22 7 156 219; 

4\4_135_135492.jpg
400 249
110 67 235 194; 109 71 233 189; 112 72 230 190; 109 69 232 189; 107 68 239 189; 112 71 232 190; 112 71 232 190; 112 71 232 190; 112 71 232 190; 

4\4_135_135531.jpg
253 400
28 161 109 382; 29 159 108 384; 25 160 106 364; 27 159 107 392; 21 156 113 341; 29 158 108 351; 22 159 107 391; 23 159 107 391; 22 159 107 391; 

4\4_135_135659.jpg
266 400
40 38 202 369; 42 41 202 368; 42 44 200 361; 41 41 202 371; 51 42 192 362; 39 45 203 351; 65 40 174 140; 42 40 202 371; 65 40 174 147; 

4\4_135_135701.jpg
400 352
120 102 283 305; 119 106 286 303; 120 108 282 299; 120 108 287 302; 116 101 286 295; 119 104 287 302; 121 106 285 304; 121 106 285 304; 121 106 285 304; 

4\4_135_135739.jpg
400 266
107 11 304 257; 109 9 308 258; 108 12 307 256; 109 12 306 258; 100 14 309 254; 108 11 308 256; 108 11 306 256; 108 11 306 256; 108 11 306 256; 

4\4_135_135773.jpg
400 292
84 61 264 224; 84 59 267 222; 84 61 265 221; 84 60 266 221; 84 61 268 226; 84 61 266 222; 82 61 266 221; 82 61 266 221; 82 61 266 221; 

4\4_135_135774.jpg
400 263
107 89 278 228; 101 86 276 229; 106 88 277 229; 106 86 276 229; 100 88 282 232; 106 86 276 230; 106 86 278 229; 106 86 278 229; 106 86 278 229; 

4\4_135_135781.jpg
400 277
62 44 291 210; 61 41 292 211; 62 42 288 211; 62 44 289 211; 64 45 288 216; 61 44 287 210; 62 44 289 211; 62 44 289 211; 62 44 289 211; 

4\4_135_135795.jpg
400 345
26 28 228 293; 22 28 228 297; 28 29 219 292; 24 27 225 297; 32 24 226 287; 27 28 228 296; 25 28 224 293; 25 28 222 297; 25 28 224 296; 

4\4_135_135809.jpg
223 400
78 65 168 377; 76 64 171 385; 77 64 170 379; 76 64 169 390; 76 61 169 375; 78 64 171 353; 76 64 169 389; 76 64 171 389; 76 64 169 389; 

4\4_135_135945.jpg
400 266
13 4 186 258; 16 1 186 265; 15 1 186 266; 16 0 184 266; 16 11 192 266; 16 1 185 266; 16 0 184 266; 16 0 184 266; 16 0 184 266; 

4\4_135_135964.jpg
400 266
119 58 278 212; 118 50 281 212; 120 62 275 212; 116 47 278 211; 108 59 288 204; 118 44 279 211; 121 61 278 209; 121 58 278 209; 121 61 278 209; 

4\4_136_136025.jpg
300 400
98 84 219 321; 99 85 220 319; 99 88 219 319; 101 85 221 321; 95 83 217 319; 100 86 220 321; 101 85 220 320; 101 85 220 320; 101 85 220 320; 

4\4_136_136057.jpg
400 266
20 96 392 221; 22 95 397 222; 22 96 394 212; 22 94 399 224; 26 92 400 201; 22 96 398 219; 22 96 399 224; 22 96 399 224; 22 96 399 224; 

4\4_136_136065.jpg
320 400
69 45 251 379; 76 44 251 379; 75 48 251 377; 74 49 251 380; 61 56 249 354; 74 48 251 380; 75 48 250 381; 75 48 250 381; 75 48 250 381; 

4\4_136_136256.jpg
400 300
108 64 289 298; 106 65 293 300; 109 64 290 298; 109 64 293 300; 126 66 288 288; 111 64 293 298; 109 64 294 300; 109 64 294 300; 109 65 294 300; 

4\4_136_136419.jpg
400 300
128 18 369 251; 131 18 363 245; 131 21 360 252; 131 19 363 254; 124 22 367 254; 132 20 362 255; 131 20 363 254; 131 20 363 254; 131 20 363 254; 

4\4_136_136517.jpg
400 394
127 99 332 352; 128 99 331 361; 126 99 331 357; 128 98 331 361; 130 131 338 339; 128 99 331 350; 128 97 240 209; 128 97 331 360; 128 98 331 360; 

4\4_136_136550.jpg
400 300
33 8 342 237; 33 11 348 237; 33 11 342 238; 34 12 345 239; 36 11 345 226; 34 11 344 239; 34 11 345 237; 34 11 345 239; 34 11 345 237; 

4\4_136_136593.jpg
400 333
44 27 215 294; 42 29 215 290; 44 30 215 298; 44 29 214 301; 56 31 221 282; 44 29 214 294; 44 28 214 295; 44 28 214 295; 44 29 214 295; 

4\4_136_136640.jpg
293 400
57 19 258 364; 59 17 254 364; 58 34 256 366; 58 18 256 362; 55 8 258 356; 59 46 255 351; 57 18 255 362; 57 18 255 362; 57 18 255 362; 

4\4_136_136642.jpg
320 400
38 52 292 325; 36 52 302 324; 38 54 289 322; 36 51 305 323; 39 54 283 329; 34 51 303 322; 37 52 302 323; 37 52 302 323; 37 52 302 323; 

4\4_136_136687.jpg
400 300
34 79 238 295; 31 78 235 300; 33 81 234 300; 33 81 236 300; 31 79 237 300; 31 80 237 300; 32 81 235 300; 32 81 235 300; 32 81 235 300; 

4\4_136_136759.jpg
400 301
133 91 269 213; 132 94 271 211; 135 94 270 208; 134 92 270 212; 111 78 281 208; 131 94 271 211; 133 93 270 212; 133 93 270 212; 133 93 270 212; 

4\4_136_136792.jpg
400 326
78 36 320 318; 81 40 320 318; 81 42 320 316; 81 39 320 316; 82 41 316 323; 80 39 320 316; 80 39 321 313; 80 39 321 315; 80 39 321 316; 

4\4_136_136917.jpg
293 400
67 64 187 384; 69 80 186 380; 70 66 184 366; 68 66 184 384; 78 54 182 372; 72 86 186 354; 67 65 184 382; 67 66 184 382; 84 178 182 334; 

4\4_137_137087.jpg
400 300
216 34 381 281; 217 34 381 281; 216 36 379 282; 216 35 379 284; 212 34 371 300; 216 35 381 284; 216 36 379 283; 216 36 379 285; 216 36 379 283; 

4\4_137_137110.jpg
400 266
35 54 254 221; 38 61 258 218; 38 69 246 216; 38 59 256 218; 28 80 202 222; 38 60 259 218; 39 109 151 216; 39 109 151 218; 39 109 151 216; 

4\4_137_137215.jpg
400 284
13 56 232 196; 14 59 233 193; 14 60 231 195; 13 60 234 201; 39 57 232 196; 12 60 232 199; 13 60 234 198; 13 60 233 198; 13 60 234 199; 

4\4_137_137256.jpg
266 400
94 11 231 384; 99 13 232 384; 102 34 228 366; 91 14 232 386; 101 19 217 359; 112 94 207 345; 91 14 233 386; 91 14 233 386; 128 122 187 339; 

4\4_137_137270.jpg
266 400
58 72 184 282; 61 72 188 285; 61 72 186 280; 59 73 186 284; 58 71 193 276; 61 74 186 282; 61 73 187 284; 61 73 186 284; 61 73 186 400; 

4\4_137_137280.jpg
400 266
5 117 243 242; 4 116 245 246; 5 127 243 242; 0 114 244 248; 0 118 249 221; 4 115 242 250; 0 115 244 241; 0 115 244 254; 0 115 244 241; 

4\4_137_137324.jpg
400 375
94 26 289 344; 94 22 292 327; 98 36 292 326; 98 25 292 341; 102 26 288 335; 96 35 291 328; 96 25 291 328; 96 25 290 329; 96 25 291 328; 

4\4_137_137444.jpg
400 307
60 65 306 251; 65 63 311 255; 54 51 304 249; 63 65 309 251; 51 50 309 242; 54 50 315 269; 53 48 317 270; 53 49 317 270; 63 64 310 251; 

4\4_137_137457.jpg
400 197
139 26 265 184; 139 23 267 187; 140 26 265 181; 139 25 265 185; 137 23 267 175; 139 25 267 184; 139 25 265 184; 139 25 265 185; 139 25 265 184; 

4\4_137_137461.jpg
400 275
38 106 274 236; 39 104 274 238; 39 106 273 238; 39 107 274 238; 51 76 273 236; 39 106 274 237; 38 107 274 238; 38 107 274 238; 38 107 274 238; 

4\4_137_137616.jpg
400 320
34 31 194 303; 31 29 194 305; 31 30 193 304; 32 30 193 304; 29 27 209 307; 31 31 193 304; 31 31 192 303; 31 31 192 303; 31 31 192 303; 

4\4_137_137626.jpg
341 400
99 74 234 302; 103 81 235 302; 104 79 233 302; 102 78 233 303; 71 76 258 298; 103 77 233 301; 103 78 233 303; 103 78 233 303; 103 78 233 303; 

4\4_137_137663.jpg
300 400
122 83 249 378; 126 84 249 376; 125 84 248 366; 125 82 248 378; 122 79 246 374; 124 83 249 354; 124 82 247 378; 124 82 247 378; 124 82 247 378; 

4\4_137_137833.jpg
400 266
130 50 268 190; 129 48 269 189; 131 49 267 188; 129 50 267 189; 132 38 262 192; 129 49 268 191; 131 51 267 191; 131 51 267 191; 131 51 267 191; 

4\4_137_137858.jpg
400 255
173 71 394 226; 168 71 396 228; 169 71 394 227; 171 71 393 228; 164 73 397 248; 168 69 395 228; 168 71 394 227; 168 71 394 227; 168 71 394 227; 

4\4_138_138052.jpg
400 322
168 42 262 298; 170 36 265 302; 169 40 264 299; 170 39 265 302; 162 54 291 298; 170 40 264 302; 169 40 264 302; 169 40 264 302; 169 40 264 302; 

4\4_138_138100.jpg
400 274
256 24 372 209; 256 24 378 204; 258 26 372 204; 259 24 375 204; 263 25 365 201; 257 23 375 205; 258 24 372 203; 258 24 372 203; 258 24 372 203; 

4\4_138_138232.jpg
266 400
59 43 211 258; 58 42 208 255; 67 110 197 250; 58 42 214 254; 61 52 217 271; 58 46 212 256; 58 42 211 255; 58 42 211 255; 58 42 211 255; 

4\4_138_138332.jpg
400 374
24 30 271 248; 22 31 268 247; 26 32 264 247; 26 30 269 246; 26 31 268 246; 24 32 268 246; 27 31 270 246; 27 31 270 246; 27 31 270 246; 

4\4_138_138371.jpg
400 266
106 25 309 238; 108 26 310 239; 108 26 309 241; 108 24 309 239; 89 31 312 226; 109 24 309 239; 109 24 308 242; 109 24 308 242; 109 24 308 242; 

4\4_138_138637.jpg
400 304
135 16 212 180; 135 21 216 181; 144 30 209 179; 134 19 215 180; 104 16 261 178; 133 17 215 182; 133 18 214 181; 133 18 214 181; 133 18 214 181; 

4\4_138_138720.jpg
399 283
91 21 336 274; 92 19 337 265; 92 21 335 250; 90 21 337 275; 92 21 335 263; 90 22 337 268; 90 22 337 268; 90 22 337 268; 90 22 337 268; 

4\4_138_138730.jpg
290 400
24 201 171 366; 20 202 172 363; 85 202 169 325; 21 201 169 364; 77 197 171 326; 86 201 169 324; 19 202 169 365; 19 202 169 365; 19 202 169 365; 

4\4_138_138754.jpg
336 400
30 69 321 343; 31 72 322 339; 28 76 321 342; 28 72 321 340; 26 77 321 339; 31 72 319 343; 27 72 321 342; 27 72 321 342; 27 72 321 342; 

4\4_138_138762.jpg
400 368
37 82 322 359; 38 82 321 356; 38 81 319 349; 38 80 321 358; 38 82 322 336; 37 79 320 339; 37 81 321 356; 37 81 321 356; 37 81 321 356; 

4\4_138_138864.jpg
338 400
118 136 317 354; 116 133 318 356; 117 132 317 352; 116 133 317 354; 119 131 328 355; 116 134 318 344; 116 133 317 354; 116 134 317 354; 116 133 317 354; 

4\4_138_138867.jpg
400 266
118 54 354 191; 116 55 358 189; 119 54 355 189; 119 54 357 189; 118 52 358 179; 119 54 355 188; 119 54 358 190; 119 54 358 190; 119 54 358 190; 

4\4_138_138880.jpg
400 285
49 60 330 236; 54 63 331 231; 57 63 331 226; 53 61 330 237; 61 62 328 233; 53 61 331 239; 52 61 330 245; 52 61 330 238; 52 61 330 245; 

4\4_138_138906.jpg
400 311
2 81 268 306; 1 79 276 311; 88 79 182 206; 0 79 275 311; 52 66 219 234; 89 79 184 213; 89 79 184 216; 89 79 184 214; 48 79 219 229; 

4\4_138_138911.jpg
319 400
72 58 224 392; 74 60 226 392; 73 61 224 366; 76 57 225 391; 61 68 246 374; 82 58 224 354; 74 56 226 392; 74 56 226 392; 74 56 226 392; 

4\4_138_138914.jpg
400 255
23 46 362 215; 22 47 365 213; 20 48 366 214; 21 46 364 219; 50 51 354 231; 22 48 363 214; 21 47 364 220; 21 47 364 220; 21 47 364 220; 

4\4_138_138932.jpg
400 263
31 32 272 248; 32 33 273 256; 33 33 270 252; 34 31 271 256; 40 45 264 233; 32 32 272 255; 32 32 272 256; 32 32 271 256; 32 32 272 256; 

4\4_138_138935.jpg
263 400
53 82 209 376; 56 80 212 384; 72 81 196 241; 56 79 210 386; 43 63 233 244; 58 80 197 275; 56 79 210 384; 56 79 210 384; 56 79 210 384; 

4\4_138_138939.jpg
263 400
52 59 233 327; 47 56 232 326; 81 56 208 213; 51 55 233 327; 31 43 255 317; 80 57 208 222; 51 56 233 326; 51 56 233 326; 51 56 233 326; 

4\4_139_139018.jpg
400 300
152 22 394 297; 152 22 400 300; 153 22 394 299; 152 22 400 300; 156 31 400 289; 152 21 399 300; 152 22 400 300; 152 22 400 300; 152 22 400 300; 

4\4_139_139056.jpg
300 400
41 44 134 398; 40 45 134 399; 43 46 131 366; 39 41 134 400; 36 49 141 391; 45 45 129 354; 39 46 135 400; 39 46 135 400; 39 46 135 400; 

4\4_139_139062.jpg
266 400
9 68 158 386; 11 68 161 382; 14 67 157 393; 9 68 159 400; 15 68 155 400; 9 68 158 354; 8 68 157 398; 8 68 157 398; 8 68 157 398; 

4\4_139_139102.jpg
263 400
3 94 213 351; 1 93 213 355; 1 94 212 351; 0 92 213 355; 3 95 208 344; 1 93 214 351; 1 93 212 357; 1 93 212 357; 1 93 212 357; 

4\4_139_139123.jpg
400 297
25 62 291 270; 28 62 280 274; 29 63 278 269; 27 62 291 275; 39 62 298 259; 29 62 293 275; 27 61 293 274; 27 62 291 274; 27 61 279 274; 

4\4_139_139219.jpg
378 400
52 122 312 342; 52 122 311 356; 51 123 309 345; 49 122 312 356; 57 123 312 341; 49 124 313 342; 226 124 312 180; 49 124 312 357; 224 124 312 188; 

4\4_139_139232.jpg
400 222
76 106 206 178; 76 105 210 178; 77 105 206 175; 77 105 206 177; 79 103 208 178; 77 105 208 177; 77 105 207 177; 78 105 207 177; 77 105 207 177; 

4\4_139_139240.jpg
291 400
86 24 249 278; 85 24 256 277; 86 33 254 276; 86 24 254 278; 92 22 252 278; 94 45 250 274; 85 24 254 276; 85 24 254 276; 85 24 254 276; 

4\4_139_139244.jpg
399 315
152 35 367 242; 155 34 367 243; 157 33 364 246; 157 35 365 244; 150 35 365 241; 155 33 364 243; 156 35 365 244; 156 35 365 244; 156 35 365 244; 

4\4_139_139245.jpg
399 315
69 44 277 301; 68 47 275 307; 67 48 272 307; 67 46 275 308; 66 48 275 299; 69 47 275 306; 67 47 274 306; 67 48 274 306; 67 47 274 306; 

4\4_139_139246.jpg
399 315
26 19 291 282; 26 19 289 287; 26 21 289 284; 25 19 290 285; 27 19 291 286; 25 21 289 285; 220 20 289 77; 25 20 289 286; 221 20 289 101; 

4\4_139_139249.jpg
303 400
64 76 236 208; 64 78 237 209; 65 77 236 209; 65 79 237 209; 71 78 232 214; 67 77 236 208; 64 78 236 208; 64 78 236 208; 64 78 236 208; 

4\4_139_139256.jpg
399 315
48 30 219 285; 48 15 216 286; 47 18 217 286; 48 13 218 287; 45 30 216 285; 47 14 219 285; 47 12 217 286; 47 12 217 286; 47 12 217 286; 

4\4_139_139261.jpg
400 400
86 69 221 225; 86 68 216 226; 89 69 215 220; 89 69 218 224; 78 62 219 235; 89 69 216 224; 89 69 214 224; 89 69 216 224; 89 69 214 224; 

4\4_139_139325.jpg
400 400
66 49 335 356; 64 52 337 349; 66 52 336 353; 64 52 336 349; 61 46 312 391; 63 51 338 352; 64 52 337 352; 64 52 337 359; 64 52 337 352; 

4\4_139_139369.jpg
399 300
171 51 314 297; 173 51 316 299; 174 51 314 299; 173 50 314 299; 171 53 322 292; 174 51 314 299; 172 51 314 299; 172 51 314 299; 172 51 314 299; 

4\4_139_139387.jpg
266 400
61 43 230 377; 61 41 231 379; 63 43 231 376; 64 41 230 380; 61 42 232 381; 63 43 232 365; 63 42 231 381; 63 43 231 381; 63 42 231 381; 

4\4_139_139403.jpg
400 266
159 74 347 263; 161 74 346 266; 161 76 345 266; 162 77 346 266; 162 52 346 266; 162 74 347 265; 162 76 345 266; 162 76 345 266; 162 76 345 266; 

4\4_139_139410.jpg
321 400
3 9 242 286; 3 8 242 281; 1 34 241 281; 1 1 241 284; 5 28 249 275; 1 46 240 282; 1 9 241 285; 1 9 241 285; 1 9 241 285; 

4\4_139_139482.jpg
400 266
133 7 358 262; 131 12 356 266; 132 1 356 266; 133 2 358 266; 112 1 365 264; 204 76 357 266; 136 1 355 266; 136 1 355 266; 136 1 355 266; 

4\4_139_139513.jpg
299 400
41 39 252 332; 42 37 261 332; 44 39 260 332; 44 38 261 334; 51 22 265 331; 43 46 259 334; 44 36 261 332; 44 36 261 332; 44 36 261 332; 

4\4_139_139556.jpg
400 262
191 28 378 220; 190 29 379 222; 189 36 375 220; 189 30 378 221; 188 31 346 203; 192 30 377 219; 194 31 334 211; 194 31 378 221; 194 31 379 221; 

4\4_139_139680.jpg
400 299
143 110 251 248; 146 109 251 249; 147 112 252 248; 147 111 252 250; 142 104 256 249; 149 111 251 248; 146 111 251 249; 146 111 251 249; 146 111 251 249; 

4\4_139_139734.jpg
400 320
46 74 218 210; 41 74 224 212; 41 76 226 210; 42 74 223 213; 41 65 239 216; 44 74 222 216; 41 74 222 212; 41 74 222 212; 41 74 222 212; 

4\4_139_139824.jpg
400 281
192 58 322 197; 192 59 325 199; 191 60 325 199; 192 58 323 197; 194 61 329 203; 193 61 323 198; 193 59 324 198; 193 59 324 198; 193 59 324 198; 

4\4_139_139965.jpg
267 400
21 39 255 229; 22 41 253 224; 19 44 252 221; 20 43 253 224; 50 31 251 220; 19 47 254 222; 20 41 252 223; 20 41 252 223; 20 41 252 223; 

4\4_140_140016.jpg
400 266
178 22 331 176; 176 22 329 176; 178 25 328 178; 181 25 329 179; 175 13 331 191; 183 24 330 178; 181 24 329 177; 181 24 329 177; 181 24 329 177; 

4\4_140_140067.jpg
400 296
53 39 336 224; 58 42 333 219; 58 44 334 228; 58 42 335 226; 66 45 326 225; 57 41 336 221; 58 42 335 224; 58 42 335 224; 58 42 335 224; 

4\4_140_140136.jpg
400 300
175 13 378 138; 179 16 376 133; 180 16 375 135; 181 16 377 136; 181 17 378 140; 179 16 375 134; 180 16 376 136; 180 16 376 136; 180 16 376 136; 

4\4_140_140140.jpg
400 306
119 32 304 268; 125 31 302 267; 124 34 302 268; 126 32 302 267; 108 31 323 261; 124 33 301 265; 146 32 302 267; 146 32 302 267; 146 32 302 267; 

4\4_140_140266.jpg
400 300
106 40 223 248; 106 40 221 251; 108 42 219 250; 107 41 221 256; 92 47 236 230; 107 42 221 247; 108 42 221 250; 108 42 221 250; 108 42 221 250; 

4\4_140_140285.jpg
400 320
103 99 319 256; 101 98 323 255; 102 100 320 259; 101 100 321 257; 101 80 301 250; 102 99 321 255; 101 100 322 257; 101 100 322 257; 101 100 322 257; 

4\4_140_140318.jpg
400 287
41 48 295 237; 37 47 295 241; 41 47 292 237; 41 47 293 242; 27 27 335 255; 42 47 295 232; 38 47 293 243; 38 47 293 243; 38 47 293 243; 

4\4_140_140326.jpg
278 400
144 53 250 352; 144 51 249 348; 150 52 246 350; 143 49 250 351; 153 73 244 363; 148 55 248 350; 163 99 226 263; 143 49 250 375; 163 49 227 263; 

4\4_140_140347.jpg
400 245
42 64 311 216; 42 68 311 212; 42 68 309 209; 42 66 310 212; 46 58 309 215; 191 124 312 208; 191 125 310 206; 42 66 310 212; 191 124 309 206; 

4\4_140_140448.jpg
400 266
181 41 352 232; 185 44 352 233; 183 42 352 228; 182 41 354 233; 198 44 349 227; 182 44 352 231; 181 41 354 231; 181 41 354 231; 181 41 354 231; 

4\4_140_140686.jpg
400 266
81 32 284 231; 79 31 284 234; 78 31 282 232; 80 32 282 234; 77 32 288 232; 79 32 282 232; 81 31 281 234; 81 31 281 234; 81 31 281 234; 

4\4_140_140696.jpg
400 266
118 68 291 193; 118 70 290 196; 119 73 288 192; 118 71 289 194; 108 44 307 212; 119 71 289 194; 119 71 289 192; 119 71 291 195; 119 71 289 192; 

4\4_140_140699.jpg
400 266
110 58 296 232; 108 58 298 225; 107 54 296 222; 106 54 297 226; 111 56 298 222; 107 55 299 225; 105 55 299 222; 105 55 299 222; 105 55 299 222; 

4\4_140_140700.jpg
400 266
161 47 319 227; 159 46 314 224; 161 48 313 226; 162 48 313 224; 155 51 317 220; 161 47 312 224; 161 47 312 222; 161 47 312 225; 161 47 312 222; 

4\4_140_140705.jpg
400 265
96 38 290 238; 98 39 289 236; 98 38 289 234; 99 38 289 235; 93 34 286 220; 98 38 290 234; 99 38 289 234; 99 38 289 234; 99 38 289 234; 

4\4_140_140735.jpg
400 266
47 94 340 195; 44 92 356 196; 49 94 354 192; 47 94 354 194; 52 61 341 212; 47 93 353 196; 46 94 353 196; 48 94 353 196; 46 94 353 196; 

4\4_140_140766.jpg
400 300
193 40 334 278; 189 39 328 277; 189 40 330 274; 188 39 329 277; 204 41 326 273; 188 40 329 276; 188 39 329 277; 188 39 329 277; 188 39 329 277; 

4\4_140_140875.jpg
400 300
43 68 316 210; 46 68 316 209; 44 69 316 201; 42 68 315 209; 42 64 333 207; 45 68 316 209; 42 69 314 209; 43 68 314 209; 42 69 314 209; 

4\4_140_140899.jpg
400 280
25 49 231 268; 28 64 231 267; 28 64 231 267; 26 62 230 268; 26 58 232 266; 27 64 231 268; 27 63 231 266; 27 63 231 266; 27 63 231 266; 

4\4_140_140907.jpg
400 299
77 42 327 262; 72 40 328 264; 74 44 327 262; 75 42 328 262; 73 39 328 266; 74 40 327 262; 74 42 327 262; 74 42 327 262; 74 42 327 262; 

4\4_141_141015.jpg
400 266
186 101 289 264; 186 101 291 266; 188 103 290 266; 188 102 291 266; 174 99 300 267; 188 100 291 266; 187 101 291 266; 187 101 291 266; 187 101 291 266; 

4\4_141_141033.jpg
400 300
118 84 310 262; 120 82 318 264; 122 84 319 264; 120 81 319 262; 124 88 339 255; 119 81 320 262; 122 81 323 263; 39 81 323 263; 122 81 323 263; 

4\4_141_141115.jpg
400 290
55 24 222 249; 56 22 222 248; 79 21 208 157; 54 21 222 248; 70 26 221 158; 84 22 209 155; 83 22 207 157; 83 22 208 157; 83 22 207 157; 

4\4_141_141132.jpg
399 266
179 15 368 234; 178 17 366 233; 181 17 367 227; 181 16 367 231; 192 19 366 231; 181 17 367 232; 181 16 367 231; 181 16 367 231; 181 16 367 231; 

4\4_141_141180.jpg
400 266
48 17 267 263; 53 20 264 266; 58 20 271 266; 56 18 272 266; 56 27 268 262; 59 19 266 263; 54 21 264 266; 54 18 264 266; 54 21 264 266; 

4\4_141_141190.jpg
400 273
76 39 181 266; 77 39 182 274; 101 41 163 141; 76 39 181 274; 100 41 164 142; 76 37 181 204; 76 39 181 274; 76 39 181 274; 76 39 181 274; 

4\4_141_141284.jpg
267 400
36 39 227 327; 38 40 228 324; 39 39 225 322; 37 39 228 325; 40 45 228 325; 34 45 228 320; 37 40 227 323; 37 40 227 323; 37 40 227 323; 

4\4_141_141406.jpg
400 300
60 26 352 237; 62 22 351 224; 61 24 355 222; 62 25 354 224; 66 32 356 218; 65 24 354 224; 62 26 354 224; 62 26 354 224; 62 26 354 224; 

4\4_141_141410.jpg
400 300
24 58 261 263; 24 61 261 261; 26 62 259 259; 24 59 260 261; 27 62 264 258; 26 61 258 260; 24 59 260 261; 24 59 260 261; 24 59 260 261; 

4\4_141_141412.jpg
400 336
135 38 343 334; 134 37 341 333; 138 38 341 334; 136 37 341 336; 133 38 348 306; 137 38 341 321; 188 37 301 187; 137 37 341 337; 188 37 301 187; 

4\4_141_141471.jpg
400 320
137 76 392 309; 139 76 393 309; 139 76 394 311; 138 76 396 309; 141 78 400 294; 138 76 392 309; 137 76 395 309; 137 76 395 309; 137 76 395 309; 

4\4_141_141472.jpg
400 300
162 82 331 247; 163 84 331 245; 161 86 331 244; 162 87 331 245; 163 92 330 244; 163 85 331 245; 161 85 332 244; 161 85 332 244; 161 85 332 244; 

4\4_141_141474.jpg
400 266
10 6 272 246; 11 8 274 245; 12 8 274 245; 12 9 274 246; 44 24 261 227; 11 8 272 244; 12 8 274 244; 12 8 274 244; 12 8 274 244; 

4\4_141_141480.jpg
400 200
9 10 265 178; 4 11 266 179; 6 11 265 176; 4 12 264 176; 35 10 289 174; 6 13 265 178; 3 10 263 176; 3 10 263 176; 3 10 263 176; 

4\4_141_141483.jpg
300 400
87 98 274 226; 89 99 269 222; 88 102 269 221; 88 99 270 222; 90 96 266 224; 89 99 271 222; 88 99 269 222; 88 99 269 222; 88 99 269 222; 

4\4_141_141568.jpg
266 400
47 13 242 304; 47 28 244 309; 52 34 246 302; 45 12 246 309; 53 40 238 304; 52 44 248 306; 46 29 246 308; 46 29 246 308; 46 29 246 308; 

4\4_141_141591.jpg
400 268
239 12 359 157; 237 12 357 158; 241 12 359 158; 240 12 359 157; 231 16 358 162; 238 12 358 158; 239 12 359 158; 239 12 359 158; 239 12 359 158; 

4\4_141_141718.jpg
400 300
208 32 321 258; 211 34 316 257; 209 34 318 256; 209 32 322 260; 190 33 344 262; 210 33 316 258; 209 34 316 257; 209 34 316 257; 209 33 316 257; 

4\4_141_141727.jpg
400 335
38 26 167 209; 39 22 167 211; 39 26 165 211; 38 23 166 211; 41 29 164 214; 38 25 165 211; 37 24 164 211; 37 24 164 211; 37 24 164 211; 

4\4_141_141728.jpg
256 400
116 73 209 381; 120 73 206 379; 118 75 207 379; 118 74 207 381; 94 48 246 384; 119 73 207 376; 118 74 207 381; 118 74 207 381; 118 74 207 381; 

4\4_141_141743.jpg
306 400
41 206 272 376; 42 207 274 379; 42 208 272 364; 42 207 272 378; 58 198 269 386; 43 207 271 354; 42 206 271 378; 42 206 271 378; 42 206 271 378; 

4\4_141_141747.jpg
310 400
136 84 275 347; 137 84 271 349; 137 85 274 348; 136 85 271 350; 141 83 289 324; 138 84 274 350; 136 86 272 348; 136 86 272 348; 136 86 272 348; 

4\4_141_141769.jpg
400 300
91 101 368 228; 94 102 369 221; 95 102 366 218; 94 102 367 221; 102 100 331 224; 95 102 366 221; 94 102 368 220; 94 102 368 220; 94 102 368 220; 

4\4_141_141771.jpg
400 300
13 92 364 265; 14 97 359 265; 13 98 358 262; 13 91 359 268; 9 104 370 276; 14 91 358 266; 6 90 359 266; 12 92 359 266; 12 90 359 266; 

4\4_141_141791.jpg
400 266
64 6 227 187; 56 5 223 183; 55 6 223 184; 57 6 224 184; 41 29 242 171; 54 5 224 184; 55 4 222 184; 55 4 222 184; 55 4 222 184; 

4\4_141_141857.jpg
267 400
74 51 197 338; 71 51 195 339; 71 54 193 336; 71 54 194 337; 65 58 225 341; 71 54 195 336; 79 53 195 260; 73 53 194 337; 79 53 195 260; 

4\4_141_141883.jpg
301 400
15 94 290 357; 18 94 299 362; 165 99 259 231; 12 94 298 364; 31 69 294 352; 169 96 258 222; 168 98 259 217; 14 94 298 365; 168 98 259 231; 

4\4_141_141892.jpg
400 400
106 36 290 288; 108 37 289 286; 106 37 288 286; 107 38 287 286; 101 38 294 341; 106 43 288 289; 107 38 287 288; 107 38 287 288; 107 38 287 288; 

4\4_141_141894.jpg
266 400
11 41 253 293; 11 39 247 291; 10 44 246 292; 9 44 248 293; 23 42 254 292; 166 231 186 275; 9 44 249 293; 9 44 249 297; 167 232 186 274; 

4\4_141_141903.jpg
400 266
76 18 290 245; 74 21 291 244; 73 21 287 247; 73 21 298 249; 86 31 288 233; 74 21 291 248; 73 21 290 250; 73 21 290 250; 73 21 290 250; 

4\4_141_141904.jpg
400 266
90 18 301 252; 86 18 303 251; 87 19 300 251; 88 19 300 252; 92 24 301 242; 88 20 302 251; 86 18 300 251; 86 18 300 251; 86 18 300 251; 

4\4_141_141905.jpg
400 266
94 20 316 251; 96 18 317 255; 97 18 318 250; 94 17 318 253; 116 36 301 236; 92 18 318 251; 92 18 318 251; 92 18 318 251; 92 18 318 251; 

4\4_141_141906.jpg
400 266
79 10 304 256; 81 12 302 255; 78 10 301 250; 81 11 302 252; 104 29 297 236; 77 11 299 253; 81 10 301 252; 81 10 301 252; 81 10 301 252; 

4\4_141_141907.jpg
400 266
87 6 322 233; 89 3 323 233; 88 2 321 224; 89 2 320 231; 115 2 316 231; 86 3 322 231; 89 1 320 231; 89 1 320 231; 89 1 320 231; 

4\4_141_141914.jpg
400 266
180 12 396 156; 181 13 400 156; 185 14 394 150; 181 14 398 162; 192 18 392 171; 179 13 398 159; 180 13 398 161; 181 13 398 161; 180 13 398 161; 

4\4_141_141919.jpg
400 300
85 4 314 229; 84 5 309 217; 83 6 311 214; 82 4 309 228; 81 0 318 216; 84 6 307 225; 85 6 310 228; 85 6 309 224; 85 6 309 228; 

4\4_141_141959.jpg
400 214
108 30 292 158; 109 26 293 161; 109 27 293 160; 108 26 297 164; 106 19 298 167; 108 26 294 164; 108 24 295 162; 108 26 295 162; 108 25 295 162; 

4\4_141_141975.jpg
400 320
170 16 381 234; 171 16 368 232; 168 18 368 235; 171 19 368 233; 152 27 389 242; 172 20 370 230; 171 19 368 228; 171 19 368 231; 171 19 368 229; 

4\4_142_142009.jpg
266 400
96 59 197 373; 100 59 198 372; 101 62 197 370; 100 59 197 371; 107 44 193 369; 99 59 198 363; 101 59 197 370; 101 59 197 371; 101 59 197 371; 

4\4_142_142011.jpg
266 400
77 3 234 304; 76 12 236 309; 79 22 234 185; 79 7 233 309; 63 17 235 211; 75 35 233 192; 80 7 233 175; 76 7 233 175; 80 7 233 175; 

4\4_142_142037.jpg
400 400
21 21 236 202; 22 22 233 200; 21 34 232 199; 21 21 234 200; 27 20 235 202; 22 45 234 199; 21 21 233 201; 21 21 233 201; 21 21 233 201; 

4\4_142_142071.jpg
400 266
165 27 354 261; 163 26 358 266; 167 29 361 266; 164 28 361 266; 168 16 342 261; 172 28 361 266; 161 28 362 266; 164 28 362 266; 162 28 361 266; 

4\4_142_142102.jpg
266 400
5 84 182 371; 0 84 182 370; 6 85 181 366; 1 84 182 370; 18 82 177 354; 4 84 182 352; 1 84 181 368; 1 84 181 368; 1 84 181 368; 

4\4_142_142115.jpg
285 400
71 16 251 372; 69 14 246 388; 68 36 246 366; 68 12 246 385; 61 11 251 378; 68 46 247 353; 69 11 245 384; 69 11 245 384; 69 11 245 384; 

4\4_142_142131.jpg
400 272
8 4 217 262; 8 4 219 263; 7 4 216 262; 7 4 215 261; 14 14 213 246; 8 4 212 262; 8 6 214 261; 8 6 214 261; 8 6 214 261; 

4\4_142_142233.jpg
399 266
185 30 367 185; 184 34 365 187; 186 36 362 180; 185 35 363 184; 184 36 367 179; 186 35 364 184; 185 36 363 183; 185 36 363 183; 185 36 363 183; 

4\4_142_142237.jpg
282 400
150 99 253 251; 147 99 253 259; 149 99 252 201; 149 98 253 251; 146 97 262 257; 149 99 255 251; 150 99 252 200; 150 99 252 200; 150 99 252 200; 

4\4_142_142258.jpg
400 283
9 4 214 272; 6 2 216 282; 7 1 211 282; 4 0 216 282; 24 1 213 272; 6 1 217 282; 5 0 216 282; 5 0 216 282; 5 0 216 282; 

4\4_142_142301.jpg
400 266
152 31 349 240; 151 34 352 238; 151 37 351 236; 150 34 351 238; 143 47 358 230; 150 37 353 237; 150 34 349 236; 150 34 349 236; 150 34 349 236; 

4\4_142_142305.jpg
266 400
64 26 204 188; 62 28 202 190; 64 34 203 186; 64 26 203 187; 47 22 229 187; 64 45 202 188; 64 26 202 187; 64 26 202 187; 64 26 202 187; 

4\4_142_142344.jpg
320 400
191 24 309 256; 191 19 316 257; 192 34 314 256; 192 19 314 258; 192 21 315 258; 202 116 288 231; 191 18 313 258; 191 18 313 258; 191 18 313 258; 

4\4_142_142364.jpg
334 400
85 14 322 237; 87 18 324 227; 85 30 322 229; 85 18 320 225; 87 25 324 225; 85 41 321 227; 86 18 320 225; 86 18 320 225; 86 18 320 225; 

4\4_142_142405.jpg
300 400
1 71 296 286; 2 77 299 284; 0 76 299 267; 1 70 299 284; 2 74 300 282; 149 76 209 189; 0 69 300 282; 0 69 300 282; 0 69 300 282; 

4\4_142_142457.jpg
400 288
19 59 382 240; 21 61 392 243; 22 61 391 238; 20 60 391 244; 156 68 391 238; 22 61 392 244; 21 62 392 244; 21 62 391 246; 21 62 392 246; 

4\4_142_142469.jpg
279 400
29 24 236 312; 32 24 229 312; 37 30 229 310; 32 28 232 310; 57 38 220 263; 37 34 232 311; 32 28 230 310; 32 28 230 310; 34 28 230 310; 

4\4_142_142509.jpg
301 399
112 97 287 356; 121 101 285 357; 118 103 285 355; 119 102 286 355; 97 104 295 357; 117 101 290 359; 118 101 287 357; 118 101 287 357; 118 101 287 357; 

4\4_142_142520.jpg
303 400
34 84 242 268; 28 87 242 264; 31 87 241 263; 28 86 241 263; 28 74 237 287; 29 84 242 264; 29 87 184 262; 29 87 241 264; 29 87 184 262; 

4\4_142_142527.jpg
400 266
63 24 185 217; 62 23 187 216; 62 25 183 216; 63 24 184 216; 58 30 199 211; 62 24 184 217; 63 23 184 216; 63 23 184 216; 63 23 184 216; 

4\4_142_142529.jpg
300 400
94 18 284 246; 94 19 286 239; 96 33 281 238; 95 20 286 247; 97 12 282 230; 96 45 279 242; 93 19 286 248; 93 19 286 248; 93 19 286 248; 

4\4_142_142537.jpg
400 400
66 42 247 229; 63 44 246 225; 61 46 245 230; 63 45 246 234; 72 48 236 246; 62 46 245 233; 64 47 245 229; 64 47 245 237; 64 47 245 229; 

4\4_142_142541.jpg
400 300
16 6 262 291; 12 1 261 300; 18 2 260 300; 20 0 261 300; 64 2 234 224; 21 1 262 294; 14 1 261 300; 14 1 259 300; 14 1 260 300; 

4\4_142_142588.jpg
400 203
259 55 359 171; 259 56 362 174; 261 57 359 172; 261 55 362 172; 239 46 369 185; 259 55 362 174; 261 56 361 171; 261 56 361 171; 261 56 361 171; 

4\4_142_142598.jpg
400 366
191 5 371 362; 194 3 371 362; 193 17 371 348; 193 1 371 365; 197 11 374 334; 195 29 372 338; 193 1 373 176; 193 1 372 228; 193 1 372 229; 

4\4_142_142625.jpg
291 400
29 84 187 331; 28 88 189 332; 29 89 186 328; 29 89 187 329; 33 69 201 326; 32 88 186 329; 29 88 188 329; 29 89 188 329; 29 88 188 329; 

4\4_142_142627.jpg
266 400
99 122 188 307; 100 124 187 305; 100 121 186 304; 99 121 184 306; 98 118 185 311; 99 119 188 307; 99 121 186 306; 99 121 186 306; 99 121 186 306; 

4\4_142_142628.jpg
266 400
86 132 165 302; 84 130 164 302; 86 131 162 299; 86 131 163 299; 84 128 167 301; 88 131 164 301; 86 132 164 299; 86 132 164 299; 86 132 164 299; 

4\4_142_142635.jpg
400 266
26 51 189 266; 18 52 194 266; 19 54 188 266; 19 52 189 266; 28 51 191 264; 20 54 189 266; 20 53 191 266; 20 53 191 266; 20 53 191 266; 

4\4_142_142638.jpg
400 266
106 34 330 239; 105 37 332 242; 105 38 327 241; 106 37 331 241; 119 34 347 244; 104 38 331 242; 104 38 330 241; 104 38 328 241; 104 38 330 241; 

4\4_142_142642.jpg
266 400
86 60 202 344; 87 62 202 342; 87 64 202 339; 87 65 202 341; 91 52 197 336; 87 64 203 342; 88 64 201 339; 88 64 201 339; 88 64 201 339; 

4\4_142_142643.jpg
266 400
79 107 205 371; 81 105 202 372; 78 104 204 372; 81 106 202 370; 79 82 198 356; 81 105 203 354; 80 105 203 369; 80 107 203 369; 80 105 203 369; 

4\4_142_142644.jpg
266 400
80 110 206 355; 82 110 206 357; 81 109 204 353; 81 109 205 354; 76 107 203 352; 81 109 206 354; 81 109 206 356; 81 109 206 356; 81 109 206 356; 

4\4_142_142647.jpg
266 400
21 34 239 318; 21 37 238 314; 34 38 151 314; 19 35 240 314; 32 44 154 317; 27 45 238 313; 27 35 239 315; 31 35 239 316; 21 35 239 315; 

4\4_142_142656.jpg
400 266
128 6 329 264; 129 1 327 266; 132 1 325 266; 129 1 326 266; 108 15 334 259; 127 1 326 266; 128 1 327 266; 128 1 327 266; 128 1 327 266; 

4\4_142_142658.jpg
400 266
48 8 268 258; 48 5 259 259; 49 9 260 254; 48 8 259 254; 43 12 261 246; 49 5 259 257; 47 8 259 256; 47 8 259 254; 47 8 259 256; 

4\4_142_142667.jpg
400 185
49 82 318 177; 48 84 319 174; 156 87 317 168; 48 86 317 174; 44 54 318 186; 49 85 317 172; 49 86 316 174; 49 86 316 174; 49 86 316 174; 

4\4_142_142677.jpg
400 320
104 78 336 264; 97 79 338 264; 101 78 338 261; 98 79 338 261; 118 71 333 285; 99 78 338 261; 100 79 338 262; 100 79 338 262; 100 79 338 262; 

4\4_142_142715.jpg
400 360
255 16 396 220; 257 13 394 219; 259 16 394 216; 259 15 396 219; 256 23 391 271; 258 17 395 217; 260 15 395 217; 260 15 395 217; 260 15 395 217; 

4\4_142_142738.jpg
258 400
109 98 253 392; 108 97 252 396; 109 99 251 366; 108 98 252 397; 91 99 258 347; 109 99 250 355; 109 98 252 396; 109 98 252 396; 109 98 252 396; 

4\4_142_142742.jpg
266 400
11 114 190 396; 7 112 191 399; 20 114 191 366; 6 114 193 400; 21 114 154 349; 21 113 192 339; 6 113 192 400; 6 113 192 400; 6 113 192 400; 

4\4_142_142758.jpg
266 400
16 35 252 269; 7 34 250 274; 10 34 249 262; 8 34 250 267; 16 32 242 279; 8 45 248 268; 8 35 251 268; 8 35 251 268; 8 35 251 268; 

4\4_142_142765.jpg
310 400
63 81 287 291; 65 87 285 288; 67 111 281 284; 64 83 282 287; 75 73 280 287; 66 83 283 287; 63 89 283 287; 63 89 283 287; 63 89 283 287; 

4\4_142_142789.jpg
400 320
76 54 330 291; 76 51 331 288; 77 55 329 288; 76 56 329 291; 86 58 326 285; 76 58 329 290; 77 56 329 290; 77 56 329 290; 77 56 329 290; 

4\4_142_142848.jpg
400 267
128 131 272 248; 130 131 272 243; 126 130 269 244; 128 129 270 243; 109 126 290 250; 131 131 270 244; 128 130 269 244; 128 130 269 244; 128 130 269 245; 

4\4_142_142887.jpg
260 400
58 104 215 273; 56 106 218 272; 56 104 216 272; 58 106 215 270; 58 79 217 272; 57 105 219 272; 57 104 216 272; 57 104 216 272; 57 104 216 272; 

4\4_142_142894.jpg
266 400
8 53 184 384; 0 55 185 378; 27 59 184 364; 2 57 184 386; 33 58 188 361; 1 57 184 354; 0 57 183 378; 0 57 182 386; 0 57 183 378; 

4\4_142_142916.jpg
400 300
9 104 381 253; 9 100 379 248; 9 105 377 249; 9 104 379 249; 12 108 379 241; 9 105 379 248; 8 106 379 247; 8 106 379 247; 8 106 379 247; 

4\4_142_142947.jpg
400 320
14 75 368 241; 9 76 369 244; 12 78 370 240; 10 76 372 245; 8 75 374 244; 12 76 372 245; 8 75 371 241; 8 75 371 244; 8 75 371 243; 

4\4_142_142948.jpg
400 320
19 78 325 254; 16 79 323 250; 15 79 323 255; 17 79 324 256; 28 77 333 246; 16 79 323 256; 17 78 323 256; 17 78 323 256; 17 78 323 256; 

4\4_143_143056.jpg
399 325
144 110 378 299; 148 110 379 303; 147 113 376 303; 147 113 376 302; 157 117 380 299; 146 112 377 304; 147 113 378 304; 147 113 378 304; 147 113 378 304; 

4\4_143_143078.jpg
400 255
22 94 364 219; 24 94 368 219; 23 93 369 226; 22 92 367 226; 22 92 381 224; 22 93 368 225; 22 92 368 224; 22 92 368 224; 22 92 368 224; 

4\4_143_143191.jpg
400 266
148 31 279 258; 147 30 281 266; 149 31 278 266; 147 30 279 266; 138 32 280 267; 147 30 278 265; 148 29 280 266; 148 29 280 266; 148 29 280 266; 

4\4_143_143196.jpg
400 285
142 26 292 179; 142 29 294 181; 146 29 292 179; 145 29 293 180; 150 31 298 181; 143 29 293 180; 143 28 292 179; 143 28 292 179; 143 28 292 179; 

4\4_143_143198.jpg
400 301
224 28 334 181; 226 28 334 181; 226 29 334 182; 226 27 335 184; 207 39 350 166; 225 28 334 185; 225 29 336 184; 225 29 336 184; 225 29 336 184; 

4\4_143_143199.jpg
400 305
232 56 374 253; 229 59 374 249; 231 58 374 251; 231 58 375 251; 224 58 375 251; 232 58 375 251; 232 58 374 250; 232 58 374 250; 232 58 374 250; 

4\4_143_143253.jpg
400 285
58 134 352 243; 58 134 356 237; 59 135 352 237; 58 134 354 239; 62 133 354 238; 59 134 358 238; 58 135 354 239; 58 135 354 239; 58 135 354 239; 

4\4_143_143262.jpg
400 351
26 40 370 239; 27 30 374 240; 29 42 371 241; 27 26 373 238; 22 29 379 237; 27 27 376 238; 27 28 373 241; 27 28 372 241; 27 28 373 241; 

4\4_143_143495.jpg
305 400
38 96 239 318; 46 102 236 321; 37 101 232 325; 37 99 239 320; 66 61 252 287; 38 101 241 326; 41 101 238 321; 41 101 238 322; 41 101 238 321; 

4\4_143_143505.jpg
400 255
164 48 358 249; 164 51 357 254; 163 52 359 255; 165 52 358 255; 164 59 356 234; 166 50 360 255; 164 51 359 255; 164 51 359 255; 164 51 359 255; 

4\4_143_143609.jpg
400 300
136 32 276 212; 136 26 281 216; 138 29 281 214; 136 26 281 212; 105 17 298 223; 139 26 282 208; 135 28 280 212; 135 28 280 212; 135 28 280 212; 

4\4_143_143630.jpg
400 261
108 31 390 244; 113 31 391 245; 112 30 392 244; 114 31 392 244; 154 42 379 255; 112 30 392 242; 112 31 392 243; 112 31 392 243; 112 31 392 243; 

4\4_143_143648.jpg
400 300
202 51 371 251; 199 46 371 249; 199 44 369 246; 198 41 371 247; 210 62 372 239; 201 41 372 246; 198 40 370 248; 198 40 370 248; 198 40 370 248; 

4\4_143_143691.jpg
266 400
14 96 235 300; 12 96 240 301; 12 98 236 302; 12 98 236 303; 51 99 232 284; 12 99 238 303; 12 99 236 302; 12 99 236 302; 12 99 236 302; 

4\4_143_143733.jpg
400 300
75 88 368 224; 76 88 381 226; 76 88 378 229; 73 89 384 228; 89 83 367 222; 76 88 383 227; 75 89 384 228; 75 89 384 228; 75 89 384 228; 

4\4_143_143735.jpg
266 400
101 36 226 274; 102 38 226 269; 82 37 251 365; 103 36 228 274; 96 33 229 252; 102 46 229 270; 104 36 228 272; 104 36 228 272; 104 36 228 272; 

4\4_143_143747.jpg
236 400
65 74 176 372; 62 72 177 374; 62 69 178 355; 63 74 175 373; 42 71 203 306; 62 74 176 355; 13 73 175 384; 13 73 175 384; 13 73 175 384; 

4\4_143_143757.jpg
322 399
16 101 246 358; 3 102 250 359; 1 176 113 353; 1 104 249 357; 11 107 234 341; 4 178 192 356; 4 179 113 357; 4 102 250 358; 4 179 241 361; 

4\4_143_143776.jpg
393 400
70 88 334 300; 71 89 335 300; 72 88 336 301; 72 88 336 301; 79 92 322 298; 72 88 336 300; 72 88 336 301; 72 88 336 301; 72 88 336 301; 

4\4_143_143828.jpg
400 266
60 14 196 263; 59 15 194 266; 59 16 191 266; 62 16 191 266; 56 15 201 265; 59 16 192 266; 61 16 191 266; 61 16 191 266; 61 16 191 266; 

4\4_143_143913.jpg
400 291
72 79 320 236; 84 82 319 238; 84 81 321 236; 84 81 321 237; 94 65 332 244; 83 82 319 238; 82 81 322 238; 82 81 322 238; 82 81 322 238; 

4\4_143_143962.jpg
400 266
68 88 256 263; 69 82 261 266; 67 84 259 264; 69 84 257 266; 111 71 292 234; 68 86 258 263; 67 84 255 266; 67 83 258 266; 88 84 251 266; 

4\4_144_144039.jpg
400 296
5 97 272 294; 1 101 270 289; 6 100 271 291; 1 99 271 290; 1 96 267 277; 1 103 272 291; 0 98 271 291; 0 98 270 291; 0 98 271 291; 

4\4_144_144110.jpg
400 249
100 36 350 205; 102 31 351 208; 100 87 234 188; 101 33 351 208; 115 38 364 201; 101 32 353 209; 98 88 236 189; 98 32 352 207; 98 88 344 208; 

4\4_144_144178.jpg
400 400
124 34 374 330; 126 31 379 332; 124 36 379 331; 126 34 379 332; 121 52 383 299; 126 48 378 331; 126 32 377 331; 126 32 377 331; 126 32 377 331; 

4\4_144_144346.jpg
400 338
226 43 354 222; 226 42 355 216; 225 44 353 213; 225 43 354 216; 212 45 371 214; 225 44 354 217; 224 44 353 217; 224 44 353 217; 224 44 353 217; 

4\4_144_144363.jpg
400 328
86 22 388 268; 88 19 396 266; 89 20 395 271; 91 21 398 270; 96 38 391 255; 89 21 394 271; 91 21 398 270; 91 21 398 270; 91 21 398 270; 

4\4_144_144374.jpg
400 307
23 45 326 282; 19 51 335 288; 17 51 335 289; 20 49 335 288; 56 36 308 268; 17 51 334 288; 19 50 336 288; 19 50 336 288; 19 50 336 288; 

4\4_144_144408.jpg
400 300
114 30 372 278; 111 31 373 282; 112 31 373 281; 114 32 372 279; 98 58 384 274; 114 32 372 281; 113 32 372 280; 113 32 372 280; 113 32 372 280; 

4\4_144_144439.jpg
400 291
90 26 354 278; 91 21 361 274; 91 21 354 238; 88 21 358 272; 114 24 374 269; 88 19 358 273; 89 21 357 272; 89 21 357 272; 89 21 357 272; 

4\4_144_144500.jpg
347 400
32 80 273 396; 33 81 276 400; 32 79 275 381; 33 80 276 400; 64 82 276 361; 34 81 276 368; 133 79 275 278; 132 79 275 278; 133 79 276 195; 

4\4_144_144604.jpg
400 266
158 106 236 263; 160 107 239 266; 160 108 239 265; 161 107 237 265; 142 91 252 265; 160 107 240 266; 162 107 237 266; 162 107 237 266; 162 107 237 266; 

4\4_144_144643.jpg
384 400
42 98 342 390; 44 95 352 379; 42 96 274 290; 42 96 349 385; 39 84 321 340; 44 98 348 367; 43 97 227 288; 43 97 346 365; 43 97 251 288; 

4\4_144_144682.jpg
400 330
84 81 192 246; 86 79 191 241; 87 79 187 242; 88 79 191 243; 79 78 211 221; 88 79 191 244; 87 79 189 243; 87 79 189 243; 87 79 189 243; 

4\4_144_144722.jpg
400 300
76 20 300 226; 77 19 300 227; 79 21 299 225; 77 21 301 227; 74 33 297 233; 77 19 305 225; 75 20 299 227; 75 20 299 227; 75 20 299 227; 

4\4_144_144785.jpg
400 320
106 8 372 284; 108 6 373 284; 108 8 373 283; 109 6 373 284; 102 22 374 289; 109 7 373 282; 109 6 373 285; 109 6 373 285; 109 6 373 285; 

4\4_144_144868.jpg
400 292
144 62 300 224; 144 63 299 227; 146 64 299 226; 146 64 301 226; 149 64 301 218; 147 64 299 226; 146 65 299 226; 146 65 299 226; 146 65 299 226; 

4\4_144_144961.jpg
300 400
82 206 292 392; 81 204 299 399; 73 205 297 391; 79 207 299 400; 70 214 297 391; 81 208 298 378; 78 207 299 400; 78 207 299 400; 78 207 299 400; 

