500

5\5_145_145114.jpg
400 285
104 2 282 211; 105 2 283 210; 105 3 283 208; 105 1 284 209; 90 4 297 193; 103 3 284 210; 104 2 283 209; 104 2 283 209; 104 2 283 209; 

5\5_145_145174.jpg
360 400
125 179 348 318; 131 182 353 321; 152 180 354 331; 132 182 352 320; 139 156 359 320; 131 181 352 321; 131 182 352 320; 131 182 352 320; 131 182 352 320; 

5\5_145_145275.jpg
400 299
22 29 334 257; 20 32 335 259; 31 2 332 222; 22 32 335 261; 32 32 341 260; 22 31 334 259; 22 30 334 261; 22 0 333 261; 119 30 334 266; 

5\5_145_145322.jpg
300 400
46 28 228 312; 45 28 226 318; 43 28 227 309; 45 29 226 319; 39 47 252 316; 44 188 141 317; 45 29 226 319; 45 29 226 319; 45 29 226 319; 

5\5_145_145349.jpg
400 300
132 42 322 262; 121 43 324 264; 121 45 324 266; 120 44 324 265; 119 34 320 274; 121 44 324 266; 161 44 286 186; 161 44 286 186; 161 44 289 186; 

5\5_145_145398.jpg
400 285
74 36 372 256; 70 28 378 261; 79 35 372 249; 70 28 376 261; 66 39 376 258; 70 28 378 256; 70 29 378 260; 70 29 376 260; 70 29 378 260; 

5\5_145_145486.jpg
400 266
82 14 288 235; 79 11 291 239; 80 12 289 241; 81 11 292 241; 68 22 294 218; 82 11 291 242; 81 11 291 241; 81 11 291 241; 81 11 291 241; 

5\5_145_145523.jpg
400 300
144 88 360 296; 140 86 364 300; 144 91 364 300; 142 91 364 300; 153 53 344 267; 143 90 364 300; 146 91 276 198; 146 91 363 299; 146 91 363 299; 

5\5_145_145612.jpg
400 286
126 78 264 221; 130 81 262 218; 130 84 261 218; 130 82 262 219; 122 63 274 229; 130 82 262 219; 129 84 261 218; 129 82 261 218; 129 84 261 218; 

5\5_145_145707.jpg
400 265
101 22 302 263; 108 16 304 265; 105 22 304 265; 104 22 304 265; 88 21 311 261; 151 16 232 146; 153 23 253 146; 153 23 254 146; 153 23 262 153; 

5\5_145_145717.jpg
400 268
82 18 312 266; 82 17 316 268; 82 21 314 268; 81 18 312 268; 45 18 336 253; 82 70 223 249; 82 71 226 243; 82 71 226 243; 82 20 312 243; 

5\5_145_145732.jpg
400 266
70 8 326 237; 69 5 331 241; 69 4 329 237; 68 4 331 239; 53 37 340 225; 67 3 331 240; 67 3 331 239; 67 3 331 239; 67 3 331 239; 

5\5_145_145766.jpg
400 299
176 86 262 237; 174 88 261 239; 176 86 261 235; 174 86 262 238; 143 70 298 259; 174 86 261 243; 176 85 260 244; 176 85 260 244; 176 85 260 244; 

5\5_145_145770.jpg
400 215
152 31 348 211; 158 30 351 214; 156 31 352 215; 156 29 353 215; 117 21 351 206; 158 30 352 213; 156 30 351 215; 156 30 351 215; 156 30 351 215; 

5\5_145_145834.jpg
400 320
56 57 332 261; 60 56 336 258; 58 58 336 259; 61 58 338 261; 67 61 338 261; 59 58 337 261; 61 59 338 256; 61 59 338 256; 61 59 338 256; 

5\5_145_145839.jpg
320 400
90 76 232 382; 92 76 232 384; 91 76 233 374; 92 76 232 382; 94 68 233 311; 91 75 233 335; 92 77 232 385; 92 77 232 385; 92 77 232 385; 

5\5_145_145845.jpg
400 320
39 16 254 289; 42 11 256 288; 42 11 255 288; 42 13 256 288; 28 1 268 290; 41 14 254 288; 41 13 256 288; 41 13 256 288; 41 13 256 288; 

5\5_146_146158.jpg
400 266
56 16 232 177; 54 18 236 174; 54 19 232 177; 54 18 234 176; 62 0 259 176; 53 18 235 177; 54 19 234 176; 54 19 234 176; 54 19 234 176; 

5\5_146_146174.jpg
400 266
35 28 352 205; 36 26 355 204; 39 28 350 201; 38 27 355 204; 61 35 368 212; 203 51 355 148; 36 27 356 204; 36 27 354 204; 36 27 356 204; 

5\5_146_146290.jpg
400 266
72 16 334 236; 72 18 336 239; 72 18 335 238; 72 18 336 239; 79 21 326 219; 71 16 336 241; 72 18 335 239; 72 18 335 239; 72 18 335 239; 

5\5_146_146319.jpg
400 266
98 102 378 229; 101 102 385 236; 99 101 386 234; 100 102 387 236; 94 83 391 233; 99 102 387 236; 100 101 387 236; 100 101 387 236; 100 101 387 236; 

5\5_146_146327.jpg
400 266
68 21 202 240; 69 20 206 244; 71 19 200 235; 71 18 207 242; 43 32 227 247; 71 19 206 242; 72 19 208 242; 72 19 208 242; 72 19 208 242; 

5\5_146_146330.jpg
400 266
86 76 350 236; 85 76 344 246; 129 79 342 244; 85 78 343 244; 67 68 342 250; 232 78 344 244; 85 76 342 244; 85 76 342 244; 85 76 342 244; 

5\5_146_146332.jpg
400 266
78 18 343 246; 76 16 342 252; 78 18 340 252; 79 16 341 251; 91 5 332 250; 78 16 341 252; 78 16 341 251; 78 16 341 251; 78 16 341 251; 

5\5_146_146373.jpg
400 266
160 29 356 265; 162 30 361 266; 162 33 359 266; 162 32 361 266; 168 22 361 267; 163 31 359 266; 162 31 360 266; 162 31 360 266; 162 31 360 266; 

5\5_146_146431.jpg
400 300
29 60 336 266; 36 56 340 268; 34 54 336 265; 34 56 338 264; 51 56 350 268; 34 55 338 261; 34 55 339 266; 34 55 339 266; 34 55 339 266; 

5\5_146_146464.jpg
400 266
98 24 310 241; 105 24 316 244; 101 24 308 239; 104 22 316 244; 93 24 304 226; 97 22 316 244; 103 22 319 244; 103 22 319 244; 103 22 319 244; 

5\5_146_146546.jpg
400 266
99 72 360 222; 101 72 366 222; 103 74 364 221; 103 74 364 222; 94 60 377 238; 103 72 366 221; 104 73 364 221; 104 73 364 221; 104 73 364 221; 

5\5_146_146551.jpg
400 266
168 72 320 212; 169 72 326 212; 170 73 324 211; 171 74 322 211; 154 73 341 223; 171 72 324 211; 170 74 322 212; 170 74 322 212; 170 74 322 212; 

5\5_146_146552.jpg
400 266
120 48 328 225; 120 49 331 224; 122 49 328 225; 121 48 329 224; 92 55 338 226; 121 48 329 223; 120 49 329 223; 120 49 329 223; 120 49 329 223; 

5\5_146_146553.jpg
400 266
168 49 350 207; 177 49 354 206; 175 51 351 205; 177 51 351 207; 162 58 338 216; 178 50 352 206; 177 50 351 206; 177 50 351 206; 177 50 351 206; 

5\5_146_146579.jpg
400 286
40 144 186 241; 47 144 188 241; 47 143 184 240; 48 144 185 239; 49 130 206 238; 47 143 184 240; 47 144 184 239; 47 144 184 239; 47 144 184 239; 

5\5_146_146593.jpg
400 378
50 34 352 328; 50 35 355 331; 66 33 328 323; 51 32 353 325; 60 35 356 331; 187 174 233 230; 49 32 354 326; 49 32 355 326; 186 174 231 229; 

5\5_146_146599.jpg
400 266
128 3 379 236; 129 2 381 236; 129 2 382 244; 130 2 380 241; 134 17 382 245; 128 2 381 239; 128 2 381 239; 128 2 381 239; 128 1 380 239; 

5\5_146_146660.jpg
396 400
38 28 226 394; 40 26 231 392; 39 28 228 392; 40 28 229 400; 31 55 241 338; 39 46 229 352; 41 27 228 392; 41 27 228 392; 57 27 139 119; 

5\5_146_146821.jpg
309 400
103 18 213 379; 108 17 214 381; 106 18 212 381; 109 14 211 382; 101 18 212 346; 110 46 211 354; 108 15 211 382; 108 15 211 382; 117 15 194 115; 

5\5_146_146838.jpg
400 320
58 52 258 240; 61 51 261 242; 59 55 258 244; 60 54 257 241; 41 45 266 251; 43 34 259 247; 59 52 258 241; 59 52 255 241; 59 52 258 241; 

5\5_146_146987.jpg
289 399
83 28 253 365; 86 29 259 367; 86 28 258 371; 84 27 259 374; 71 40 212 357; 86 36 260 362; 84 29 258 371; 84 29 259 372; 84 29 258 371; 

5\5_147_147030.jpg
400 268
48 108 350 266; 48 100 352 268; 49 99 351 266; 49 99 353 268; 32 99 347 266; 49 99 353 266; 48 99 353 268; 48 99 353 268; 48 99 353 268; 

5\5_147_147073.jpg
300 400
86 43 283 362; 84 39 288 363; 84 38 288 366; 85 38 288 365; 87 47 278 323; 86 46 288 354; 85 39 287 364; 85 39 287 364; 85 39 287 364; 

5\5_147_147132.jpg
400 320
90 4 290 234; 91 1 291 231; 94 4 290 230; 92 6 290 231; 75 9 318 252; 91 8 291 232; 92 4 289 232; 92 4 289 232; 92 4 289 232; 

5\5_147_147338.jpg
266 400
84 38 211 374; 82 34 207 383; 82 36 207 364; 82 35 206 383; 66 39 219 344; 82 45 208 353; 81 35 205 359; 81 35 204 360; 81 35 222 359; 

5\5_147_147342.jpg
400 266
78 40 304 257; 76 36 305 261; 77 37 305 259; 77 38 304 260; 66 46 317 227; 75 36 306 260; 75 39 304 259; 75 39 304 259; 75 39 304 259; 

5\5_147_147349.jpg
400 266
58 16 322 251; 61 15 325 252; 59 15 327 250; 59 13 327 253; 67 18 335 240; 59 15 327 251; 61 14 327 252; 61 14 327 252; 61 14 327 252; 

5\5_147_147364.jpg
400 266
46 74 369 189; 41 75 363 185; 72 73 363 181; 39 72 365 187; 40 49 390 202; 39 72 364 185; 38 73 365 184; 38 73 365 184; 38 73 365 184; 

5\5_147_147367.jpg
400 266
111 69 294 217; 115 76 294 217; 117 76 293 217; 118 70 295 216; 106 74 306 201; 117 73 293 217; 115 74 293 218; 115 74 293 217; 115 74 293 218; 

5\5_147_147389.jpg
400 279
203 118 362 213; 209 118 363 213; 212 120 361 210; 209 118 363 211; 194 93 400 229; 210 117 370 217; 209 118 364 210; 209 118 364 213; 209 118 364 210; 

5\5_147_147394.jpg
348 400
108 44 328 302; 109 43 330 302; 111 44 331 303; 111 45 329 302; 111 59 348 285; 111 45 331 301; 111 43 329 301; 111 43 329 301; 111 43 329 301; 

5\5_147_147401.jpg
400 321
70 71 358 236; 71 70 363 236; 71 72 361 239; 72 71 362 238; 58 69 336 235; 71 72 362 244; 71 71 361 244; 71 71 361 244; 71 71 361 244; 

5\5_147_147693.jpg
400 266
74 40 320 251; 73 41 326 254; 73 38 325 256; 72 38 327 254; 89 49 336 247; 72 39 327 257; 71 39 327 255; 71 39 327 255; 71 39 327 255; 

5\5_147_147694.jpg
400 266
106 38 274 165; 106 36 277 168; 107 37 277 167; 106 37 277 166; 95 24 282 163; 106 37 277 167; 105 37 277 166; 105 37 277 166; 105 37 277 166; 

5\5_147_147712.jpg
400 266
12 12 379 155; 13 14 383 151; 12 17 382 154; 13 11 385 154; 10 6 367 152; 14 13 385 153; 11 13 384 153; 11 14 384 153; 11 13 384 153; 

5\5_147_147898.jpg
400 298
112 54 360 295; 109 53 365 299; 183 74 322 199; 109 54 365 299; 117 53 367 279; 153 53 362 279; 107 52 363 279; 107 52 363 281; 154 61 349 206; 

5\5_147_147978.jpg
400 300
96 48 294 240; 95 47 298 241; 95 49 295 245; 99 49 294 249; 95 45 302 252; 94 47 297 249; 98 49 293 249; 98 49 295 249; 98 49 294 249; 

5\5_148_148004.jpg
400 308
70 36 173 275; 66 35 173 274; 64 36 172 271; 63 35 172 275; 56 16 182 253; 64 36 173 273; 63 36 172 274; 63 36 172 274; 63 36 172 274; 

5\5_148_148059.jpg
400 268
164 20 336 241; 168 22 341 240; 168 21 340 239; 168 21 339 241; 144 18 316 220; 167 21 298 179; 167 20 244 133; 167 20 298 181; 167 20 311 202; 

5\5_148_148067.jpg
399 314
126 70 288 271; 125 72 288 271; 126 71 286 273; 126 71 289 274; 121 41 310 274; 125 72 288 272; 125 71 288 273; 125 71 288 273; 125 71 288 273; 

5\5_148_148183.jpg
400 320
28 141 302 274; 22 142 302 275; 23 142 303 278; 22 142 302 276; 41 122 301 272; 20 142 303 276; 20 142 302 276; 20 142 302 276; 20 142 302 276; 

5\5_148_148271.jpg
400 286
100 36 298 200; 100 39 302 211; 101 38 302 211; 100 38 302 211; 97 31 316 199; 101 38 303 209; 101 38 302 210; 101 38 302 210; 101 38 302 210; 

5\5_148_148348.jpg
400 300
107 106 223 262; 109 105 226 265; 111 105 223 261; 110 106 223 263; 89 81 261 249; 110 106 221 263; 109 107 223 263; 109 107 223 263; 109 107 223 263; 

5\5_148_148420.jpg
400 266
124 64 399 175; 126 68 399 174; 124 66 399 175; 124 68 400 173; 127 43 388 201; 126 68 400 174; 126 67 398 173; 126 67 398 174; 126 67 398 173; 

5\5_148_148437.jpg
400 266
136 48 254 202; 136 46 257 201; 136 48 258 198; 138 48 257 199; 120 42 272 206; 138 47 257 199; 138 48 255 198; 138 48 255 198; 138 48 255 198; 

5\5_148_148438.jpg
400 266
238 76 334 207; 238 79 335 206; 237 79 334 206; 238 79 334 206; 218 59 351 216; 238 80 336 204; 238 79 335 205; 238 79 335 205; 238 79 335 205; 

5\5_148_148493.jpg
335 400
154 14 309 254; 156 5 310 252; 154 5 310 251; 155 8 310 253; 158 19 314 335; 190 156 271 250; 154 4 310 253; 146 6 310 398; 154 4 310 253; 

5\5_148_148498.jpg
400 320
94 14 338 246; 99 6 339 247; 92 6 337 248; 94 5 338 246; 84 4 378 256; 94 6 339 244; 94 6 338 245; 94 7 338 245; 94 6 338 245; 

5\5_148_148588.jpg
400 300
150 8 354 296; 154 3 354 300; 153 2 355 300; 152 3 352 300; 182 28 344 244; 154 146 282 252; 152 0 357 253; 152 0 355 253; 152 48 348 253; 

5\5_148_148593.jpg
400 385
120 69 294 246; 121 69 293 246; 119 72 291 243; 120 71 292 246; 89 71 314 256; 118 69 291 246; 119 71 291 249; 119 71 291 247; 119 71 291 249; 

5\5_148_148599.jpg
400 301
3 28 196 193; 3 23 198 192; 2 26 196 193; 1 26 196 193; 28 27 188 214; 32 37 194 192; 0 26 198 191; 0 26 198 192; 0 26 198 191; 

5\5_148_148658.jpg
400 324
106 39 329 318; 103 37 324 324; 105 40 324 323; 104 40 324 321; 87 57 302 297; 105 40 321 302; 105 39 322 305; 105 41 322 305; 129 79 280 305; 

5\5_148_148662.jpg
320 400
134 66 266 381; 138 64 265 381; 138 66 264 379; 138 63 266 379; 126 68 268 342; 137 64 265 354; 138 64 266 379; 138 64 266 379; 138 64 266 379; 

5\5_148_148710.jpg
400 310
84 52 298 254; 83 51 297 258; 82 52 299 255; 82 52 298 256; 97 47 299 258; 81 52 298 255; 82 52 298 254; 82 52 298 254; 82 52 298 254; 

5\5_148_148763.jpg
400 321
30 44 282 302; 21 47 281 307; 18 46 282 305; 18 46 283 304; 4 56 273 291; 17 46 283 305; 17 46 282 306; 17 46 282 306; 17 46 282 306; 

5\5_148_148788.jpg
400 266
126 76 256 209; 126 77 258 206; 129 78 254 201; 128 75 255 213; 96 49 284 234; 129 76 256 214; 128 75 256 211; 128 75 254 213; 128 75 256 211; 

5\5_148_148954.jpg
300 400
122 90 250 342; 124 91 253 338; 128 92 255 338; 125 92 252 338; 114 91 260 354; 124 92 253 339; 124 93 253 337; 124 93 253 337; 124 93 253 337; 

5\5_149_149055.jpg
305 400
12 162 182 380; 15 164 177 375; 10 165 176 370; 12 165 176 378; 10 161 196 392; 12 165 177 358; 11 165 176 381; 11 165 176 381; 11 165 176 381; 

5\5_149_149100.jpg
400 266
84 9 312 230; 81 6 309 232; 78 6 315 232; 84 8 310 229; 62 18 307 239; 78 9 313 232; 82 7 309 228; 82 7 309 229; 82 7 309 228; 

5\5_149_149153.jpg
400 300
102 74 298 294; 92 71 296 296; 98 73 296 300; 94 72 296 298; 82 78 322 279; 93 72 296 299; 92 72 296 297; 92 72 296 297; 92 72 296 297; 

5\5_149_149167.jpg
400 299
136 64 370 297; 134 64 372 299; 137 65 374 299; 136 65 374 299; 148 68 354 283; 218 65 274 144; 136 66 372 299; 136 66 372 299; 136 66 372 299; 

5\5_149_149223.jpg
291 400
48 20 285 302; 46 19 286 297; 51 21 287 298; 51 23 288 296; 51 46 278 300; 49 46 289 295; 51 21 288 297; 51 21 288 297; 51 21 288 297; 

5\5_149_149420.jpg
400 266
49 107 350 212; 54 107 348 212; 54 110 346 214; 52 109 348 213; 52 86 353 212; 52 109 348 216; 51 109 348 214; 51 109 348 214; 51 109 348 214; 

5\5_149_149500.jpg
400 340
128 32 324 299; 129 31 327 279; 129 32 326 276; 128 32 326 283; 162 37 336 271; 128 33 325 251; 128 34 326 280; 128 34 326 280; 128 34 326 280; 

5\5_149_149560.jpg
281 400
126 119 257 389; 129 122 259 388; 129 120 259 385; 128 120 258 386; 109 96 266 319; 129 120 258 354; 128 120 258 385; 128 120 258 388; 128 120 258 385; 

5\5_149_149561.jpg
400 270
22 36 361 222; 21 38 362 222; 22 37 359 224; 22 36 364 221; 51 38 365 244; 22 112 250 224; 22 112 250 222; 22 37 360 222; 22 112 250 222; 

5\5_149_149641.jpg
266 400
19 61 252 330; 15 61 258 335; 17 62 255 326; 16 61 255 328; 39 56 222 326; 15 61 255 328; 156 61 255 99; 15 61 255 332; 15 61 255 329; 

5\5_149_149774.jpg
300 400
69 69 246 384; 71 72 248 384; 73 75 249 383; 71 72 247 383; 58 59 273 363; 71 72 249 355; 69 72 167 141; 69 72 246 384; 69 72 167 143; 

5\5_149_149828.jpg
400 300
143 112 396 276; 142 112 393 278; 144 115 392 281; 142 115 393 281; 152 111 394 279; 142 115 394 279; 141 116 394 281; 141 116 394 281; 141 116 394 281; 

5\5_149_149842.jpg
400 303
53 33 166 291; 55 32 166 303; 54 33 166 302; 54 34 164 304; 57 39 172 301; 54 34 163 272; 54 34 164 304; 54 34 165 274; 54 34 164 304; 

5\5_149_149844.jpg
400 250
94 28 272 199; 96 24 273 200; 97 24 272 198; 98 23 273 196; 91 18 269 186; 98 24 272 198; 97 23 274 198; 97 23 274 198; 97 23 274 198; 

5\5_149_149848.jpg
266 400
21 74 249 302; 21 72 249 301; 24 74 248 301; 26 75 249 301; 37 88 244 293; 22 74 249 301; 23 74 249 301; 23 74 249 301; 23 74 249 301; 

5\5_149_149858.jpg
266 400
6 60 220 350; 3 65 221 347; 1 59 221 353; 3 60 221 356; 6 74 223 331; 3 60 224 352; 3 61 223 354; 3 61 223 354; 3 61 223 354; 

5\5_150_150008.jpg
400 270
91 42 389 176; 92 41 393 179; 92 41 392 179; 92 42 391 179; 91 41 371 190; 91 41 392 180; 92 41 392 179; 92 41 392 179; 92 41 392 179; 

5\5_150_150052.jpg
399 300
95 49 296 248; 95 49 293 245; 97 48 292 247; 96 49 294 246; 101 55 293 229; 97 49 294 245; 96 49 294 246; 96 49 294 246; 96 49 294 246; 

5\5_150_150104.jpg
400 266
235 32 370 263; 234 31 373 266; 238 31 371 267; 240 30 372 266; 233 29 357 249; 239 29 372 264; 239 29 371 266; 239 29 371 266; 239 29 371 266; 

5\5_150_150118.jpg
400 300
25 63 266 228; 23 65 262 231; 22 66 265 230; 23 66 263 232; 43 68 282 228; 24 67 265 231; 23 66 263 228; 23 66 263 228; 23 66 263 231; 

5\5_150_150186.jpg
400 288
58 44 316 236; 59 43 321 233; 61 42 319 234; 64 42 319 236; 57 36 323 232; 64 42 319 238; 225 42 319 121; 51 42 319 236; 219 42 319 121; 

5\5_150_150197.jpg
400 310
76 48 286 309; 80 44 286 310; 79 50 286 308; 78 48 284 310; 78 52 281 269; 159 48 229 146; 79 47 286 310; 79 47 286 310; 79 47 286 310; 

5\5_150_150207.jpg
362 400
20 104 324 336; 25 102 334 346; 16 102 330 337; 26 103 333 337; 33 93 334 326; 27 101 333 336; 27 103 308 322; 14 103 333 335; 27 103 308 322; 

5\5_150_150259.jpg
320 400
22 18 311 258; 21 18 316 252; 28 18 307 280; 25 20 308 250; 49 56 306 238; 22 45 311 240; 27 18 302 236; 27 18 302 241; 27 18 302 236; 

5\5_150_150306.jpg
400 258
168 112 258 259; 168 115 258 259; 170 112 255 259; 168 114 256 259; 166 108 262 258; 170 114 256 259; 168 114 258 259; 168 114 258 259; 168 114 258 259; 

5\5_150_150467.jpg
400 200
31 11 172 174; 36 11 174 181; 36 12 98 161; 36 12 173 182; 26 9 179 179; 36 12 174 180; 71 86 171 182; 36 11 171 182; 71 86 171 182; 

5\5_150_150486.jpg
400 235
155 30 270 227; 156 30 273 226; 158 30 272 221; 158 29 272 224; 141 23 290 226; 158 29 272 224; 157 28 272 224; 157 29 272 224; 157 28 272 224; 

5\5_150_150513.jpg
399 287
68 28 360 257; 64 29 363 265; 130 26 364 249; 64 30 364 264; 65 19 365 269; 63 28 362 264; 186 173 306 263; 64 29 364 263; 186 173 306 263; 

5\5_150_150590.jpg
400 200
102 19 264 188; 106 19 264 189; 105 20 263 188; 106 20 262 188; 104 4 266 191; 104 20 264 188; 107 21 263 188; 107 21 263 188; 107 21 263 188; 

5\5_150_150624.jpg
400 238
2 131 234 236; 1 134 236 232; 274 82 390 122; 1 134 236 234; 0 133 234 227; 0 136 235 229; 271 80 389 121; 271 80 389 122; 271 80 389 121; 

5\5_150_150633.jpg
400 268
46 70 223 206; 49 67 226 209; 47 68 224 206; 49 68 224 207; 61 69 227 212; 49 68 224 209; 49 68 224 208; 49 68 224 208; 49 68 224 208; 

5\5_150_150723.jpg
400 300
194 57 306 262; 195 55 305 261; 199 57 305 259; 187 55 304 262; 189 44 318 265; 192 55 303 266; 231 54 301 152; 194 54 305 261; 191 54 304 261; 

5\5_150_150724.jpg
300 400
83 8 255 320; 86 9 255 318; 86 7 252 319; 88 8 252 318; 89 53 249 314; 87 45 253 318; 179 8 252 100; 87 8 252 319; 179 8 252 100; 

5\5_150_150725.jpg
400 300
189 4 316 246; 187 6 314 247; 186 8 312 247; 187 7 314 245; 173 7 321 254; 186 6 314 247; 188 7 313 246; 188 7 313 246; 188 7 313 246; 

5\5_150_150853.jpg
400 199
33 6 212 196; 24 2 212 192; 25 3 212 194; 25 2 212 198; 41 2 218 189; 26 2 212 198; 26 2 213 198; 26 2 213 198; 26 2 213 198; 

5\5_150_150946.jpg
400 320
200 31 317 248; 202 35 318 246; 203 36 316 251; 200 35 315 246; 188 34 329 242; 202 34 316 247; 206 35 317 246; 206 35 317 246; 206 35 317 246; 

5\5_150_150979.jpg
355 400
62 6 332 247; 64 8 330 253; 118 10 329 177; 62 9 328 248; 116 32 304 191; 63 45 330 246; 61 9 328 248; 61 9 328 248; 61 9 328 248; 

5\5_150_150996.jpg
400 243
66 62 350 199; 66 60 352 198; 68 63 350 198; 66 63 352 201; 63 56 357 216; 67 63 349 202; 66 62 351 199; 66 62 351 200; 66 62 351 199; 

5\5_151_151129.jpg
400 294
73 72 209 262; 78 74 209 269; 76 73 209 262; 77 74 208 269; 71 66 216 251; 76 72 208 267; 76 72 207 266; 76 72 207 268; 76 72 207 266; 

5\5_151_151131.jpg
400 155
156 6 394 141; 153 9 395 143; 157 14 391 128; 153 10 394 142; 159 11 400 139; 156 12 394 142; 152 9 394 141; 152 9 394 141; 152 9 394 141; 

5\5_151_151134.jpg
400 283
214 26 338 249; 214 26 338 254; 216 29 338 251; 214 29 338 257; 197 38 345 239; 215 26 340 258; 216 28 338 259; 216 28 338 258; 216 28 338 259; 

5\5_151_151210.jpg
400 266
81 18 312 246; 78 18 316 252; 78 16 314 247; 78 18 314 251; 93 32 306 228; 78 18 312 251; 77 16 313 251; 77 16 313 251; 77 16 313 251; 

5\5_151_151223.jpg
266 400
38 92 232 394; 41 91 235 400; 42 93 234 398; 41 92 235 400; 49 93 227 356; 101 91 166 189; 39 91 235 400; 39 91 235 400; 39 91 235 400; 

5\5_151_151224.jpg
266 400
48 76 220 393; 54 78 222 392; 52 76 222 392; 51 77 223 392; 54 81 215 354; 108 78 167 164; 51 78 223 392; 51 78 223 392; 51 78 223 392; 

5\5_151_151237.jpg
400 266
199 56 303 241; 195 59 303 241; 197 57 301 239; 197 58 299 243; 187 45 310 249; 196 56 299 244; 197 58 299 237; 197 58 299 238; 197 58 299 241; 

5\5_151_151238.jpg
400 266
157 34 360 237; 155 36 356 239; 157 39 353 237; 157 38 355 238; 178 50 355 218; 156 38 355 239; 154 36 357 238; 154 36 357 238; 154 36 357 238; 

5\5_151_151244.jpg
315 400
86 118 193 320; 84 120 191 325; 88 121 192 316; 88 121 192 323; 64 118 218 298; 88 121 191 324; 84 122 191 323; 84 122 191 323; 84 122 191 323; 

5\5_151_151256.jpg
399 275
42 64 339 269; 35 70 335 275; 135 146 337 274; 35 70 336 275; 54 45 322 269; 34 68 214 254; 33 69 335 275; 33 69 335 275; 33 69 335 275; 

5\5_151_151334.jpg
400 300
26 88 327 219; 28 92 328 218; 27 92 326 222; 28 92 327 220; 29 76 328 225; 28 91 327 218; 26 91 327 217; 26 91 327 217; 26 91 327 217; 

5\5_151_151463.jpg
240 399
28 59 225 337; 31 62 221 341; 29 62 221 340; 29 61 219 340; 6 62 230 334; 28 60 221 340; 29 61 219 339; 29 61 219 339; 29 61 219 339; 

5\5_151_151526.jpg
279 400
69 46 210 342; 73 50 209 333; 115 90 150 283; 72 48 210 340; 70 69 206 314; 71 50 213 342; 73 48 210 340; 73 48 210 338; 73 48 210 340; 

5\5_151_151533.jpg
400 300
80 92 318 192; 79 97 317 193; 82 97 317 193; 82 96 317 192; 86 67 312 232; 82 96 318 193; 81 96 318 190; 81 96 318 191; 81 96 318 190; 

5\5_151_151548.jpg
400 300
24 24 294 272; 21 21 299 274; 22 21 295 271; 20 22 296 272; 65 41 274 253; 20 21 296 272; 19 22 298 273; 19 22 298 273; 19 22 298 273; 

5\5_151_151641.jpg
265 400
62 16 218 237; 58 12 218 237; 56 19 219 233; 58 17 218 236; 50 71 239 225; 58 46 218 237; 104 22 218 236; 54 22 218 236; 84 22 218 236; 

5\5_151_151669.jpg
400 266
119 29 228 258; 118 26 227 266; 118 29 226 266; 119 28 228 266; 102 24 241 261; 118 28 228 266; 119 28 227 266; 119 28 227 266; 119 28 227 266; 

5\5_151_151683.jpg
400 279
72 52 301 261; 73 61 302 255; 75 51 302 257; 74 59 299 258; 103 57 313 247; 74 29 304 258; 74 60 296 258; 74 60 296 258; 74 60 296 258; 

5\5_151_151771.jpg
325 400
42 102 159 390; 44 103 155 384; 41 106 155 384; 39 103 157 384; 32 87 172 262; 41 105 156 353; 40 105 156 384; 40 105 156 384; 40 105 156 384; 

5\5_151_151933.jpg
400 294
142 12 345 291; 138 9 347 294; 139 10 339 294; 137 10 351 294; 135 25 362 294; 136 10 345 294; 190 11 298 132; 190 11 298 132; 136 11 352 294; 

5\5_151_151965.jpg
266 400
103 68 235 378; 104 75 236 384; 103 71 236 385; 106 72 236 388; 97 60 230 352; 104 72 237 351; 104 71 237 387; 104 71 237 387; 104 71 237 387; 

5\5_152_152074.jpg
400 300
44 72 216 232; 39 72 209 231; 42 74 208 230; 40 72 208 232; 62 54 209 236; 41 73 208 234; 41 73 208 230; 41 73 208 231; 41 73 208 230; 

5\5_152_152103.jpg
400 266
202 12 387 234; 199 11 383 238; 204 13 385 236; 202 11 385 236; 173 10 392 241; 202 11 387 236; 202 12 385 235; 202 12 385 235; 202 12 385 235; 

5\5_152_152125.jpg
287 400
84 74 189 378; 86 74 191 373; 88 75 188 372; 86 73 191 378; 78 67 204 362; 86 74 189 355; 87 75 189 383; 87 74 189 382; 87 75 189 383; 

5\5_152_152191.jpg
400 300
68 65 322 204; 65 66 325 200; 63 67 325 172; 64 67 324 198; 69 48 342 211; 64 66 325 199; 62 67 323 199; 62 67 323 199; 62 67 323 199; 

5\5_152_152323.jpg
285 400
64 18 248 384; 61 20 247 382; 60 18 247 382; 62 18 248 382; 49 28 246 354; 61 45 248 354; 92 19 187 101; 92 19 186 99; 92 19 188 106; 

5\5_152_152335.jpg
300 400
36 56 240 384; 38 56 242 388; 39 60 242 385; 39 57 242 386; 48 67 255 358; 38 58 242 355; 39 58 241 386; 39 58 241 386; 39 58 241 386; 

5\5_152_152353.jpg
399 311
30 44 376 251; 32 31 376 251; 34 31 377 245; 33 31 376 245; 25 38 378 247; 32 32 375 247; 32 30 378 246; 32 31 376 246; 32 31 378 246; 

5\5_152_152356.jpg
400 300
130 30 278 270; 131 25 281 274; 134 30 279 266; 132 30 277 271; 134 33 283 266; 131 28 279 269; 131 28 279 271; 131 28 279 271; 131 28 279 271; 

5\5_152_152357.jpg
400 266
146 12 354 265; 146 12 356 251; 148 13 354 266; 147 12 354 266; 167 12 357 263; 148 14 354 266; 147 14 355 266; 147 14 355 266; 147 14 355 266; 

5\5_152_152370.jpg
400 237
70 58 258 201; 71 58 252 204; 72 59 251 196; 70 57 258 203; 68 52 310 215; 72 58 257 204; 72 57 246 199; 72 57 247 199; 72 59 243 172; 

5\5_152_152379.jpg
400 352
165 35 381 241; 162 34 380 238; 158 36 383 240; 162 35 382 240; 135 46 386 223; 161 34 382 240; 162 35 382 240; 162 35 382 240; 162 35 382 240; 

5\5_152_152424.jpg
400 266
102 36 340 245; 104 41 343 242; 102 40 342 241; 102 39 342 242; 98 38 349 242; 101 39 342 244; 101 40 341 242; 101 40 341 242; 101 40 341 242; 

5\5_152_152463.jpg
400 309
122 81 240 195; 119 80 239 195; 121 82 241 195; 121 82 240 197; 135 80 260 193; 122 80 241 197; 120 79 240 197; 120 79 240 197; 120 79 240 197; 

5\5_152_152639.jpg
400 200
109 2 346 191; 109 2 346 195; 106 1 344 194; 106 1 347 196; 105 4 349 191; 105 2 345 199; 227 18 329 120; 15 95 134 177; 107 0 329 119; 

5\5_152_152659.jpg
400 266
174 4 348 221; 172 4 349 216; 173 3 350 217; 172 4 350 226; 158 9 344 214; 172 4 349 224; 173 4 349 217; 173 4 349 219; 173 4 349 217; 

5\5_152_152697.jpg
400 200
240 2 374 196; 242 4 378 200; 241 2 378 200; 242 2 377 200; 247 5 376 200; 241 2 378 200; 242 1 378 200; 242 1 378 200; 242 1 378 200; 

5\5_152_152703.jpg
400 330
102 46 284 288; 100 43 283 290; 99 45 282 284; 101 44 285 290; 86 68 293 264; 101 44 284 289; 100 44 284 289; 100 44 284 289; 100 44 284 289; 

5\5_152_152765.jpg
266 400
54 38 238 304; 57 41 238 305; 58 41 236 304; 58 41 239 304; 54 44 238 294; 58 45 239 306; 58 41 238 306; 58 41 238 306; 58 41 238 306; 

5\5_152_152787.jpg
400 266
156 28 362 249; 155 29 364 248; 154 28 369 243; 156 26 366 246; 151 34 362 254; 155 26 366 246; 155 27 365 243; 155 27 365 243; 155 27 365 243; 

5\5_152_152955.jpg
266 400
63 94 228 249; 67 99 231 252; 69 98 229 247; 66 98 228 253; 67 96 229 249; 68 97 228 249; 67 98 228 251; 67 98 228 251; 67 98 228 251; 

5\5_153_153003.jpg
400 266
161 111 239 264; 162 114 238 266; 164 115 236 266; 162 114 238 266; 159 114 252 248; 162 114 237 263; 162 115 238 266; 162 115 238 266; 162 115 238 266; 

5\5_153_153355.jpg
400 300
134 80 249 222; 135 82 248 219; 134 82 248 218; 133 82 248 220; 120 78 271 219; 134 82 247 219; 134 82 248 218; 134 82 248 218; 134 82 248 218; 

5\5_153_153455.jpg
400 266
48 108 198 207; 47 111 197 209; 48 110 197 208; 48 111 196 209; 46 99 191 207; 47 111 196 208; 47 111 195 208; 47 111 195 208; 47 111 195 208; 

5\5_153_153554.jpg
320 400
50 214 256 316; 61 215 261 316; 61 218 259 315; 50 216 256 316; 69 194 241 342; 61 216 258 316; 62 215 254 317; 60 215 254 317; 62 215 254 315; 

5\5_153_153651.jpg
320 400
46 98 282 368; 42 98 285 371; 46 101 282 362; 44 96 283 376; 51 108 288 349; 44 97 282 354; 43 97 282 362; 43 97 282 364; 43 97 283 376; 

5\5_153_153790.jpg
286 400
28 88 172 282; 26 91 172 284; 28 91 172 286; 28 89 173 286; 56 82 155 284; 28 89 172 285; 28 89 172 284; 28 89 172 284; 28 89 172 284; 

5\5_153_153805.jpg
251 400
24 14 219 218; 25 12 221 218; 24 14 219 218; 27 14 222 218; 45 44 211 206; 25 46 222 219; 26 12 222 219; 26 13 222 219; 26 12 222 219; 

5\5_153_153857.jpg
400 255
168 137 354 215; 167 134 355 214; 168 135 354 212; 168 135 353 214; 177 123 368 234; 168 134 352 214; 168 135 352 212; 168 135 352 212; 168 135 352 212; 

5\5_153_153860.jpg
291 400
111 54 213 314; 113 58 211 312; 110 59 210 312; 109 58 209 312; 75 62 256 316; 111 58 211 312; 109 58 209 312; 109 58 209 312; 109 58 209 312; 

5\5_153_153872.jpg
400 231
24 87 212 198; 24 80 211 198; 25 84 213 197; 26 85 211 197; 38 77 227 197; 24 85 212 197; 26 86 211 197; 26 86 211 197; 26 86 211 197; 

5\5_153_153947.jpg
400 293
30 121 390 289; 29 121 400 294; 30 122 398 292; 28 123 400 294; 46 124 395 294; 28 122 399 292; 29 124 398 294; 29 124 398 294; 29 124 398 294; 

5\5_153_153969.jpg
300 400
6 31 194 338; 8 32 189 329; 6 33 189 327; 5 33 192 329; 20 56 194 310; 4 44 191 331; 5 32 191 328; 5 32 191 329; 5 32 190 332; 

5\5_154_154001.jpg
400 266
74 68 302 200; 79 69 306 202; 78 70 305 189; 79 69 304 199; 71 71 308 193; 78 69 306 201; 80 69 304 199; 80 69 304 199; 80 69 304 199; 

5\5_154_154018.jpg
400 267
98 64 348 263; 102 62 350 267; 98 66 348 267; 96 57 350 267; 92 59 360 258; 100 58 350 267; 185 59 351 267; 185 59 350 267; 101 59 351 267; 

5\5_154_154148.jpg
266 400
64 154 174 396; 61 155 175 400; 60 157 171 400; 61 151 176 400; 75 147 191 355; 74 156 177 353; 62 156 184 400; 62 156 178 400; 79 156 184 400; 

5\5_154_154155.jpg
400 300
180 44 340 280; 181 46 341 282; 182 46 341 278; 181 48 340 277; 178 53 349 285; 182 44 340 277; 182 46 340 275; 182 46 340 275; 212 120 301 219; 

5\5_154_154276.jpg
400 315
122 82 242 314; 124 80 242 313; 123 82 241 314; 124 82 242 315; 145 91 232 307; 123 82 242 309; 123 85 242 315; 123 88 242 315; 123 85 242 315; 

5\5_154_154290.jpg
400 300
52 124 354 222; 55 123 358 221; 55 124 359 222; 53 123 358 221; 72 96 349 236; 55 124 359 222; 53 124 358 221; 53 124 358 221; 53 124 358 221; 

5\5_154_154292.jpg
400 300
34 98 362 228; 29 96 366 226; 32 100 365 225; 32 96 366 226; 40 89 364 218; 32 96 373 228; 32 97 373 228; 32 97 372 228; 32 97 373 228; 

5\5_154_154297.jpg
400 300
28 116 314 202; 21 118 318 204; 26 118 316 204; 26 119 316 203; 28 81 298 212; 25 118 316 203; 26 118 315 203; 26 118 316 203; 26 118 315 203; 

5\5_154_154324.jpg
312 400
66 36 273 360; 65 36 267 363; 66 36 267 357; 64 34 267 361; 72 34 264 358; 65 34 265 361; 64 36 266 362; 64 36 266 362; 64 36 266 362; 

5\5_154_154523.jpg
262 400
94 116 239 324; 89 118 239 326; 91 118 239 326; 91 118 239 326; 76 119 249 322; 90 118 238 327; 89 118 239 327; 89 118 239 327; 89 118 239 327; 

5\5_154_154579.jpg
285 400
48 78 223 286; 46 81 224 286; 46 80 215 288; 49 77 228 289; 22 64 256 309; 48 81 228 286; 35 24 246 288; 35 12 246 288; 35 24 240 288; 

5\5_154_154580.jpg
400 285
164 0 372 278; 168 1 366 285; 160 1 373 285; 163 1 372 285; 167 14 380 279; 164 1 372 284; 224 17 311 125; 162 0 371 286; 218 17 346 268; 

5\5_154_154588.jpg
400 298
132 56 264 297; 133 50 264 299; 132 51 266 238; 132 51 265 299; 122 33 287 235; 133 49 266 236; 133 49 265 237; 133 49 264 299; 133 49 265 236; 

5\5_154_154657.jpg
400 341
28 22 302 281; 28 26 304 281; 28 24 303 279; 28 24 302 276; 54 38 302 266; 29 24 303 278; 28 25 302 277; 28 25 302 277; 28 25 302 277; 

5\5_154_154732.jpg
400 400
109 110 290 288; 111 110 285 286; 111 113 286 284; 111 111 286 284; 106 112 294 279; 111 111 286 284; 111 111 285 284; 111 111 285 284; 111 111 285 284; 

5\5_154_154733.jpg
400 400
106 111 288 291; 108 113 285 289; 108 113 284 287; 110 113 286 288; 106 106 289 299; 109 112 283 288; 109 113 284 288; 109 113 284 288; 109 113 284 288; 

5\5_154_154914.jpg
400 300
86 54 308 251; 81 56 313 251; 82 55 311 251; 82 55 310 254; 87 48 301 250; 85 55 312 253; 82 54 313 253; 82 54 313 253; 82 54 313 253; 

5\5_155_155012.jpg
285 400
0 62 201 356; 3 61 206 349; 0 62 205 349; 1 62 205 345; 2 49 175 301; 1 61 204 349; 0 61 204 354; 0 61 204 354; 0 112 129 223; 

5\5_155_155026.jpg
276 400
31 44 207 397; 36 44 209 400; 31 44 209 400; 32 44 207 400; 61 54 214 307; 31 45 203 354; 66 46 191 206; 31 46 207 399; 52 46 191 206; 

5\5_155_155028.jpg
400 285
45 63 193 281; 44 65 194 285; 42 63 192 285; 43 64 192 285; 34 64 214 256; 43 64 192 285; 43 64 191 285; 43 64 191 285; 43 64 191 285; 

5\5_155_155096.jpg
400 253
98 26 300 222; 96 30 298 224; 99 38 298 222; 96 36 298 220; 65 20 327 229; 99 32 298 221; 98 32 298 220; 98 32 298 220; 98 32 298 220; 

5\5_155_155113.jpg
400 290
140 6 240 235; 145 8 239 234; 141 9 239 228; 144 9 240 232; 122 9 257 208; 142 8 238 229; 139 9 238 231; 139 9 238 231; 139 9 238 231; 

5\5_155_155118.jpg
400 308
37 17 305 264; 36 9 304 259; 36 12 303 263; 36 8 304 264; 6 31 314 249; 37 10 304 264; 34 10 305 264; 34 10 305 264; 34 10 305 264; 

5\5_155_155145.jpg
400 320
46 20 230 208; 47 23 232 207; 48 24 229 205; 48 23 231 207; 48 33 230 198; 48 23 230 207; 47 22 230 206; 47 22 230 206; 47 22 230 206; 

5\5_155_155196.jpg
400 320
56 36 286 302; 51 40 287 308; 52 40 288 312; 55 41 283 312; 45 32 282 285; 49 40 287 311; 76 42 191 114; 71 42 191 116; 76 42 191 122; 

5\5_155_155204.jpg
400 280
8 86 306 273; 0 85 306 280; 72 88 308 211; 0 86 308 280; 64 68 301 222; 1 87 305 256; 80 86 308 211; 0 86 308 210; 142 86 308 206; 

5\5_155_155206.jpg
400 390
57 50 278 339; 49 52 286 338; 50 52 286 338; 50 51 287 339; 52 61 298 331; 51 51 288 338; 51 51 288 339; 51 51 288 339; 51 51 288 339; 

5\5_155_155260.jpg
400 273
78 20 320 203; 78 21 309 208; 78 21 308 206; 79 22 306 205; 82 33 340 206; 78 22 372 204; 79 21 306 205; 79 21 306 205; 79 21 306 205; 

5\5_155_155261.jpg
400 270
157 39 388 261; 151 41 396 264; 153 40 392 265; 151 42 394 265; 160 36 378 222; 151 41 395 264; 150 41 393 264; 150 41 393 264; 150 41 393 264; 

5\5_155_155333.jpg
400 276
108 88 258 210; 109 91 259 209; 110 91 267 211; 110 91 257 209; 118 81 271 214; 110 91 258 210; 109 90 257 208; 109 90 258 209; 109 90 257 208; 

5\5_155_155335.jpg
388 400
52 58 319 288; 47 59 324 286; 45 60 324 291; 45 58 322 289; 59 62 322 299; 46 59 324 288; 45 59 324 287; 45 59 324 287; 208 59 324 288; 

5\5_155_155340.jpg
400 265
72 12 285 187; 61 11 284 188; 58 9 284 186; 59 9 283 186; 91 17 286 196; 58 11 284 186; 59 11 283 186; 58 11 283 186; 156 11 283 186; 

5\5_155_155413.jpg
400 133
64 48 344 129; 62 48 351 126; 63 51 351 124; 64 48 351 125; 54 45 344 121; 63 48 351 124; 63 47 352 126; 63 48 352 126; 63 47 352 126; 

5\5_155_155420.jpg
365 400
112 174 346 386; 116 173 343 379; 116 175 343 379; 111 175 344 379; 110 161 342 343; 117 175 344 378; 116 174 344 378; 116 174 344 378; 116 174 344 378; 

5\5_155_155451.jpg
266 400
28 34 240 232; 18 33 243 234; 16 32 242 234; 17 32 243 233; 31 59 261 231; 16 32 242 231; 16 32 241 232; 16 32 241 232; 16 32 241 232; 

5\5_155_155459.jpg
400 285
42 76 241 266; 40 71 231 264; 41 74 234 261; 42 75 231 263; 40 66 238 269; 42 74 232 263; 42 76 231 261; 42 76 231 261; 42 76 231 261; 

5\5_155_155509.jpg
400 206
20 16 134 186; 21 17 135 186; 22 17 136 186; 21 18 136 188; 21 18 149 194; 22 18 135 189; 21 18 136 188; 21 18 136 188; 21 18 136 188; 

5\5_155_155514.jpg
400 230
92 6 336 200; 88 8 340 201; 92 8 336 201; 91 9 336 201; 91 23 331 199; 88 8 337 199; 90 9 337 202; 90 9 337 202; 90 9 337 202; 

5\5_155_155658.jpg
400 270
142 40 368 267; 141 41 370 266; 139 41 370 268; 140 40 369 265; 169 38 344 207; 142 42 371 270; 138 42 368 264; 141 42 368 264; 138 42 368 264; 

5\5_155_155745.jpg
399 250
10 30 274 221; 4 29 279 225; 1 31 277 224; 1 29 279 223; 23 21 285 229; 3 30 279 223; 1 29 279 224; 1 31 279 224; 1 29 279 224; 

5\5_155_155855.jpg
400 265
108 34 288 218; 101 33 292 217; 100 32 288 216; 101 32 290 219; 104 29 304 222; 102 31 290 219; 102 32 289 218; 102 32 289 218; 102 32 289 218; 

5\5_155_155885.jpg
266 400
14 14 253 270; 12 12 252 268; 14 11 255 270; 14 9 254 271; 31 58 246 249; 42 74 230 216; 39 8 253 259; 39 8 253 259; 39 8 253 259; 

5\5_155_155983.jpg
400 266
120 20 354 250; 116 19 361 252; 116 17 359 252; 117 18 361 254; 99 24 352 239; 116 18 360 254; 117 16 360 253; 117 16 360 253; 117 16 360 253; 

5\5_156_156109.jpg
400 266
24 86 370 243; 26 87 370 237; 25 91 372 241; 25 87 371 241; 46 72 360 250; 25 89 371 241; 26 88 371 241; 26 88 371 241; 26 88 371 241; 

5\5_156_156160.jpg
400 269
68 16 269 248; 71 16 268 247; 68 17 267 246; 76 17 268 244; 44 32 276 241; 70 16 267 247; 73 16 268 246; 73 17 268 246; 72 16 268 246; 

5\5_156_156251.jpg
400 335
183 116 350 286; 183 117 353 287; 189 114 351 287; 186 116 352 287; 136 118 374 282; 186 117 351 288; 186 117 351 286; 186 117 351 286; 186 117 351 286; 

5\5_156_156260.jpg
400 346
23 135 367 318; 27 133 385 321; 27 134 377 318; 26 136 381 322; 59 100 391 321; 26 134 382 321; 27 135 378 323; 27 136 337 308; 27 135 337 323; 

5\5_156_156392.jpg
400 314
3 31 180 308; 5 29 181 305; 6 31 178 306; 6 32 179 309; 19 33 173 294; 5 31 181 308; 4 31 179 309; 4 31 179 309; 4 31 179 309; 

5\5_156_156402.jpg
400 320
36 98 362 204; 36 96 367 205; 36 99 365 202; 36 99 366 204; 48 77 366 222; 36 98 366 204; 36 98 366 204; 36 98 366 204; 36 98 366 204; 

5\5_156_156422.jpg
369 400
51 60 325 368; 51 58 331 369; 50 56 336 368; 53 56 340 367; 71 66 332 342; 52 57 339 366; 51 55 343 367; 51 55 343 367; 51 55 343 367; 

5\5_156_156485.jpg
400 296
230 50 340 270; 233 50 340 273; 231 51 341 272; 232 51 341 272; 218 48 353 258; 230 50 342 271; 232 50 341 272; 232 50 341 272; 232 50 341 272; 

5\5_156_156556.jpg
400 291
42 22 284 264; 41 9 284 266; 40 11 282 266; 39 13 284 266; 35 12 293 254; 156 151 286 265; 156 151 285 266; 156 151 285 266; 156 151 285 266; 

5\5_156_156576.jpg
400 186
122 48 346 183; 120 47 346 187; 121 45 345 185; 122 48 345 187; 137 45 348 181; 121 47 346 185; 121 48 346 187; 121 45 346 187; 121 48 346 187; 

5\5_156_156589.jpg
400 285
11 101 327 194; 9 98 325 196; 116 110 324 196; 10 98 324 196; 115 107 317 195; 114 99 324 196; 116 108 324 196; 8 98 324 196; 11 99 324 196; 

5\5_156_156747.jpg
315 400
18 160 182 394; 16 162 183 397; 16 164 182 400; 18 159 182 400; 32 165 172 355; 18 161 183 398; 19 159 182 400; 16 159 182 400; 19 159 182 400; 

5\5_156_156884.jpg
399 262
49 6 277 258; 47 4 284 262; 46 0 281 262; 47 0 276 262; 79 4 282 258; 47 1 280 260; 68 1 257 262; 69 1 257 262; 47 1 275 262; 

5\5_156_156914.jpg
386 400
85 95 317 393; 89 92 323 400; 86 95 320 399; 87 93 322 400; 103 99 297 362; 89 95 322 400; 89 95 321 400; 89 95 321 400; 89 95 321 400; 

5\5_156_156935.jpg
400 300
68 38 316 268; 68 41 318 275; 64 41 318 271; 64 41 318 270; 104 39 309 262; 66 41 319 271; 65 41 319 269; 65 41 319 269; 65 41 319 269; 

5\5_157_157051.jpg
400 270
70 64 318 216; 72 69 321 215; 73 69 324 217; 72 68 323 216; 70 59 322 216; 72 68 321 214; 73 67 323 218; 73 67 323 218; 73 67 323 218; 

5\5_157_157137.jpg
400 308
36 6 264 296; 37 5 254 298; 37 5 238 302; 36 5 254 300; 49 10 238 292; 36 5 252 301; 38 4 253 299; 38 5 253 299; 38 4 253 299; 

5\5_157_157174.jpg
400 320
83 8 320 318; 88 6 322 320; 88 9 291 261; 89 8 323 320; 88 11 302 313; 89 8 291 259; 88 8 291 259; 88 9 291 259; 88 8 291 259; 

5\5_157_157199.jpg
400 265
56 12 269 264; 58 18 268 265; 55 5 266 265; 55 1 267 265; 51 0 244 259; 56 1 268 264; 62 98 224 239; 57 0 266 264; 59 1 266 266; 

5\5_157_157291.jpg
308 400
30 66 178 338; 30 61 174 339; 26 59 179 342; 29 59 178 340; 18 76 220 324; 24 14 296 382; 29 59 179 341; 29 59 179 341; 31 104 179 341; 

5\5_157_157343.jpg
400 301
76 48 334 239; 76 51 334 234; 75 50 336 236; 77 51 335 237; 62 66 348 256; 80 49 334 243; 78 50 335 236; 78 50 334 236; 78 50 336 236; 

5\5_157_157357.jpg
400 266
11 50 294 263; 1 51 297 266; 1 51 296 266; 1 51 297 266; 59 85 259 235; 4 49 297 266; 63 135 202 266; 66 135 202 266; 63 135 202 266; 

5\5_157_157397.jpg
400 285
108 68 380 272; 106 67 378 279; 106 68 380 276; 108 66 382 280; 114 72 385 262; 107 67 382 276; 108 67 382 279; 108 67 382 279; 108 67 382 279; 

5\5_157_157409.jpg
400 266
16 60 301 209; 4 62 299 211; 2 59 299 209; 2 59 299 209; 22 54 309 215; 2 61 300 209; 2 61 299 210; 2 61 299 210; 2 61 299 210; 

5\5_157_157410.jpg
400 303
142 81 330 241; 142 79 326 236; 143 80 326 236; 144 80 327 234; 162 89 342 227; 144 81 327 234; 143 81 327 234; 143 81 327 234; 143 81 327 234; 

5\5_157_157450.jpg
400 284
38 70 362 246; 40 79 362 251; 41 79 362 247; 38 79 364 249; 43 88 359 246; 36 78 363 248; 39 78 363 247; 39 78 363 247; 39 78 363 247; 

5\5_157_157466.jpg
266 400
121 69 259 359; 125 71 260 359; 126 70 259 359; 124 70 259 359; 127 71 261 356; 124 70 261 358; 124 70 259 358; 124 70 259 358; 124 70 259 358; 

5\5_157_157483.jpg
400 303
34 26 234 284; 31 28 234 288; 33 29 234 284; 32 29 234 286; 50 32 251 263; 33 30 234 286; 32 29 232 286; 32 29 232 286; 32 29 232 286; 

5\5_157_157542.jpg
400 203
136 22 386 166; 136 19 389 165; 138 17 391 168; 138 17 391 166; 141 8 366 154; 139 17 389 166; 139 16 390 166; 139 16 390 166; 139 16 390 166; 

5\5_157_157619.jpg
399 273
120 24 334 139; 116 22 332 138; 119 22 332 136; 117 21 332 141; 110 35 360 133; 117 21 331 141; 118 21 332 140; 118 21 332 140; 118 21 332 140; 

5\5_157_157620.jpg
400 267
198 28 359 208; 199 31 353 211; 199 31 358 211; 199 31 356 210; 176 34 393 190; 201 31 356 210; 199 31 356 214; 199 31 356 214; 199 31 356 214; 

5\5_157_157631.jpg
400 266
179 32 374 219; 181 32 374 226; 182 32 375 226; 182 32 376 226; 187 42 371 203; 182 32 376 225; 182 31 374 226; 182 31 374 226; 182 31 374 226; 

5\5_157_157653.jpg
400 300
64 26 328 282; 63 22 333 286; 66 22 333 288; 64 24 332 286; 68 31 329 266; 64 24 332 286; 64 24 331 286; 64 24 331 286; 64 24 331 286; 

5\5_157_157860.jpg
295 400
79 118 265 350; 80 119 270 350; 81 122 271 349; 80 120 271 349; 74 119 276 342; 79 119 269 350; 80 119 269 349; 80 119 269 349; 80 119 269 349; 

5\5_158_158013.jpg
288 400
48 68 192 310; 46 71 192 310; 45 70 193 309; 46 72 193 316; 28 86 202 312; 45 70 193 314; 46 71 192 316; 46 71 192 316; 46 71 192 316; 

5\5_158_158057.jpg
400 266
102 52 232 244; 104 52 232 246; 105 51 231 243; 104 51 231 243; 86 51 235 239; 104 51 231 243; 104 52 231 244; 104 52 231 244; 104 52 231 244; 

5\5_158_158124.jpg
400 261
166 4 369 132; 164 2 371 134; 168 4 377 131; 166 2 374 134; 182 0 356 167; 166 2 375 135; 167 1 376 133; 167 1 376 133; 167 1 376 133; 

5\5_158_158155.jpg
399 278
87 23 279 262; 81 24 284 263; 79 24 284 262; 79 21 283 263; 98 27 284 234; 79 23 283 261; 85 24 281 262; 85 24 281 262; 85 24 281 262; 

5\5_158_158233.jpg
300 400
36 32 268 254; 37 35 272 258; 35 34 271 257; 37 34 271 255; 59 74 218 246; 36 34 270 255; 35 34 270 258; 35 34 270 258; 35 34 270 258; 

5\5_158_158271.jpg
400 270
44 11 195 261; 42 13 192 264; 45 14 190 265; 45 14 192 264; 34 16 201 262; 44 12 191 270; 45 13 192 266; 45 13 192 266; 45 13 192 266; 

5\5_158_158297.jpg
270 400
9 112 190 321; 9 95 189 321; 8 95 191 320; 10 94 189 322; 12 104 199 318; 9 95 189 320; 9 94 189 320; 9 94 189 320; 9 94 189 320; 

5\5_158_158331.jpg
400 270
216 17 333 251; 221 17 329 245; 220 18 330 248; 220 18 329 245; 184 38 368 243; 222 18 331 246; 219 18 329 247; 219 18 329 247; 219 18 329 247; 

5\5_158_158352.jpg
400 270
20 11 162 264; 16 12 158 264; 18 11 156 264; 16 12 159 264; 24 19 161 228; 15 11 158 264; 16 12 172 265; 16 12 172 265; 16 12 172 265; 

5\5_158_158364.jpg
270 400
79 106 249 358; 81 104 249 358; 81 105 249 357; 80 104 248 358; 82 113 257 316; 79 104 248 360; 16 105 248 359; 16 105 248 359; 81 105 248 359; 

5\5_158_158449.jpg
400 321
78 101 298 197; 79 102 299 196; 78 101 300 192; 79 101 298 198; 104 93 302 214; 80 101 299 197; 78 101 299 197; 78 101 299 197; 78 101 299 197; 

5\5_158_158540.jpg
400 301
54 18 266 299; 55 15 264 301; 55 17 264 301; 56 17 264 301; 59 23 266 249; 56 19 263 274; 56 17 264 301; 56 17 264 301; 56 17 264 301; 

5\5_158_158683.jpg
400 320
32 84 370 264; 30 83 383 256; 31 81 384 254; 33 84 383 257; 47 70 349 270; 32 84 384 259; 30 83 385 257; 32 83 385 257; 33 83 366 257; 

5\5_158_158727.jpg
400 358
191 23 392 355; 190 29 392 351; 196 31 392 354; 191 29 395 359; 208 34 382 318; 193 31 398 356; 191 29 400 359; 191 29 400 359; 191 29 400 359; 

5\5_158_158836.jpg
400 249
36 57 208 171; 36 59 207 172; 36 57 205 169; 36 57 204 169; 33 43 197 178; 38 56 204 170; 37 56 204 169; 37 56 204 169; 37 56 204 169; 

5\5_159_159008.jpg
400 273
114 54 248 182; 115 54 253 183; 116 55 252 182; 115 56 252 184; 93 51 264 191; 114 55 252 184; 113 56 253 184; 113 56 253 184; 113 56 253 184; 

5\5_159_159009.jpg
316 400
34 140 299 375; 27 147 294 369; 31 146 295 368; 28 146 296 371; 33 123 284 360; 28 140 297 377; 28 145 295 371; 28 145 295 371; 28 145 295 371; 

5\5_159_159069.jpg
400 262
12 124 176 223; 10 124 177 223; 13 124 173 219; 11 124 176 226; 33 121 177 227; 11 124 177 225; 10 124 177 223; 10 124 177 223; 10 124 177 223; 

5\5_159_159091.jpg
400 286
94 69 269 173; 89 74 268 172; 89 73 269 174; 90 74 269 174; 104 65 279 192; 89 74 269 176; 89 73 269 174; 89 73 269 174; 89 73 269 174; 

5\5_159_159148.jpg
275 400
116 220 195 374; 119 218 194 374; 119 220 194 373; 120 220 194 373; 98 211 211 356; 118 219 194 375; 120 220 193 374; 120 220 193 374; 120 220 193 374; 

5\5_159_159161.jpg
400 293
56 64 382 185; 59 67 386 184; 59 64 386 183; 60 66 386 184; 56 60 391 189; 59 64 386 183; 59 64 388 184; 59 64 388 184; 59 64 388 184; 

5\5_159_159257.jpg
400 268
36 28 288 217; 29 28 291 221; 29 27 292 221; 29 26 293 219; 84 23 234 198; 28 26 294 221; 28 26 292 220; 28 26 292 220; 28 26 292 220; 

5\5_159_159364.jpg
400 288
120 98 224 234; 120 99 231 236; 122 99 232 234; 120 98 231 235; 138 89 257 219; 119 98 231 237; 120 98 231 235; 120 98 231 235; 120 98 231 235; 

5\5_159_159443.jpg
400 270
35 49 212 221; 34 56 214 218; 34 59 214 222; 32 58 214 219; 44 48 225 215; 34 58 214 222; 32 59 214 220; 32 59 214 220; 32 59 214 220; 

5\5_159_159505.jpg
400 300
76 4 296 294; 73 7 298 295; 73 0 296 294; 73 1 298 293; 75 16 290 291; 72 1 298 294; 73 1 296 294; 73 1 296 294; 73 1 296 294; 

5\5_159_159649.jpg
400 307
52 64 368 271; 54 72 372 271; 51 76 371 271; 52 64 372 272; 38 83 370 261; 52 74 371 273; 52 64 372 272; 52 64 372 272; 52 64 372 272; 

5\5_159_159663.jpg
300 400
62 30 222 354; 62 23 223 359; 64 25 221 357; 63 25 220 357; 47 23 257 354; 62 23 224 359; 61 25 221 357; 61 25 221 357; 61 25 221 357; 

5\5_159_159681.jpg
320 400
58 104 174 384; 58 106 178 378; 54 106 175 378; 56 106 176 381; 48 107 175 333; 59 106 175 381; 57 107 174 380; 57 107 174 380; 57 107 174 380; 

5\5_159_159803.jpg
400 266
28 36 240 202; 32 40 244 203; 132 61 216 175; 34 43 243 202; 52 30 252 189; 32 42 244 203; 33 39 243 204; 33 42 243 204; 33 39 242 204; 

5\5_159_159913.jpg
277 185
71 45 217 129; 71 44 222 129; 75 48 216 129; 74 47 218 129; 76 35 237 148; 75 46 219 129; 74 47 217 127; 74 48 216 127; 74 47 217 127; 

5\5_159_159925.jpg
400 300
55 123 186 230; 54 119 186 229; 57 119 186 228; 56 118 186 228; 66 121 193 239; 55 119 185 227; 56 118 185 227; 56 118 185 227; 56 118 185 227; 

5\5_159_159927.jpg
370 400
124 79 305 358; 128 81 304 364; 125 80 304 351; 126 79 303 362; 127 77 297 274; 127 81 302 364; 128 80 302 362; 128 80 302 362; 128 80 302 362; 

5\5_159_159951.jpg
400 316
142 94 284 248; 140 95 289 248; 139 96 289 247; 141 94 290 249; 121 89 284 244; 139 95 289 249; 140 95 290 246; 140 95 290 246; 140 95 290 246; 

5\5_160_160012.jpg
400 285
157 26 319 279; 151 27 324 281; 154 27 320 283; 151 26 322 281; 154 31 332 285; 154 26 323 284; 152 26 322 282; 152 26 322 282; 152 26 322 282; 

5\5_160_160069.jpg
399 300
50 52 234 273; 51 53 237 272; 49 54 232 268; 52 54 235 272; 47 82 257 269; 52 53 232 272; 51 55 235 271; 51 55 235 271; 51 55 235 271; 

5\5_160_160098.jpg
400 266
58 26 224 230; 58 24 225 235; 62 26 224 232; 56 25 226 232; 44 31 233 228; 56 27 224 233; 56 25 226 234; 56 25 226 234; 56 25 226 234; 

5\5_160_160104.jpg
400 321
48 30 218 249; 49 34 221 255; 48 34 218 250; 49 32 218 256; 31 24 229 256; 50 37 220 256; 49 34 218 255; 49 34 218 255; 49 34 218 255; 

5\5_160_160115.jpg
400 266
50 58 330 237; 49 61 329 233; 51 63 332 235; 51 63 327 238; 50 55 334 235; 49 61 335 240; 51 63 331 238; 51 63 331 238; 51 63 331 238; 

5\5_160_160128.jpg
391 400
154 74 373 358; 154 74 386 360; 152 73 386 359; 153 72 386 359; 165 97 377 334; 153 74 386 359; 153 73 386 359; 153 73 386 359; 153 73 386 359; 

5\5_160_160129.jpg
400 396
222 34 367 350; 229 34 370 354; 228 38 369 353; 229 33 369 354; 235 48 371 361; 228 33 368 356; 229 36 369 354; 229 34 369 354; 229 36 369 354; 

5\5_160_160230.jpg
320 400
66 37 244 367; 64 39 245 379; 65 39 241 373; 66 40 241 376; 71 46 251 365; 68 40 242 377; 67 41 241 380; 67 41 241 380; 67 41 241 380; 

5\5_160_160233.jpg
400 265
70 109 352 218; 65 107 354 214; 65 110 355 214; 63 108 354 216; 72 78 345 225; 67 110 354 214; 69 109 353 214; 69 109 354 214; 69 109 353 214; 

5\5_160_160300.jpg
400 300
26 78 344 245; 19 79 343 243; 16 79 343 245; 17 81 342 244; 40 80 349 231; 16 79 341 244; 19 81 342 245; 19 81 342 245; 19 81 342 245; 

5\5_160_160330.jpg
400 301
12 26 318 238; 2 26 320 239; 1 28 322 239; 2 27 320 241; 46 28 341 228; 2 28 321 238; 2 28 321 238; 2 28 321 238; 2 28 321 238; 

5\5_160_160343.jpg
369 400
142 10 337 379; 147 8 342 381; 144 9 339 378; 144 9 344 378; 144 43 330 340; 145 9 346 380; 144 9 346 379; 144 9 346 379; 144 9 346 379; 

5\5_160_160348.jpg
400 266
66 42 306 218; 59 40 312 219; 63 41 309 219; 60 42 308 219; 66 42 316 221; 60 42 309 222; 58 42 309 218; 58 42 309 218; 58 42 309 218; 

5\5_160_160350.jpg
400 266
68 40 308 216; 58 42 309 220; 62 41 308 219; 57 42 309 219; 94 39 301 232; 59 41 309 220; 54 42 309 217; 54 42 309 217; 54 42 309 217; 

5\5_160_160390.jpg
320 400
38 147 214 396; 32 148 218 399; 37 149 215 400; 38 148 216 400; 67 136 219 359; 36 148 215 399; 36 148 215 400; 36 148 215 400; 36 148 215 400; 

5\5_160_160391.jpg
400 266
72 74 246 263; 72 72 246 266; 74 72 247 266; 72 74 246 266; 72 81 234 231; 72 72 247 212; 73 73 246 211; 73 73 246 211; 73 73 246 266; 

5\5_160_160395.jpg
400 320
121 43 309 318; 117 44 308 320; 118 44 308 320; 118 44 307 320; 124 46 311 274; 118 43 308 320; 118 44 235 163; 118 44 308 319; 118 44 235 163; 

5\5_160_160397.jpg
400 266
146 101 397 263; 147 98 400 266; 147 101 400 261; 147 99 400 266; 151 81 389 240; 147 99 400 259; 146 99 400 266; 146 99 400 266; 146 99 400 266; 

5\5_160_160431.jpg
400 241
16 64 274 239; 19 53 274 241; 18 56 274 241; 18 54 273 241; 52 55 264 229; 17 56 273 241; 18 56 274 241; 18 56 274 241; 18 56 274 241; 

5\5_160_160446.jpg
400 300
100 59 302 296; 98 66 309 300; 98 69 307 300; 98 67 307 300; 114 66 272 259; 99 66 308 300; 98 65 308 300; 98 65 308 300; 98 65 308 300; 

5\5_160_160462.jpg
400 248
8 9 168 216; 8 8 167 213; 8 9 167 216; 8 8 167 214; 2 23 174 215; 8 8 170 215; 8 7 168 213; 8 7 168 213; 8 7 168 213; 

5\5_160_160469.jpg
400 300
110 111 250 252; 111 110 251 254; 110 111 249 256; 112 112 251 256; 106 104 252 249; 112 112 249 255; 111 113 251 254; 111 113 251 254; 111 113 251 254; 

5\5_160_160480.jpg
288 400
43 184 222 384; 44 184 222 387; 42 182 221 386; 42 182 221 387; 44 179 225 354; 41 182 221 385; 42 182 222 386; 42 182 222 386; 42 182 222 386; 

5\5_160_160595.jpg
266 400
64 132 188 394; 67 136 190 399; 65 134 189 399; 65 135 189 400; 62 139 188 349; 63 134 188 400; 66 135 190 400; 66 135 190 400; 66 135 190 400; 

5\5_160_160618.jpg
326 400
11 64 186 391; 10 62 182 396; 4 62 181 396; 1 62 184 396; 26 64 183 352; 4 62 183 399; 65 62 128 128; 2 62 181 397; 2 62 182 396; 

5\5_160_160680.jpg
266 400
38 86 154 364; 34 85 152 366; 36 86 152 363; 33 85 157 366; 29 86 163 350; 36 83 158 365; 32 84 157 366; 32 84 157 366; 32 84 157 366; 

5\5_160_160682.jpg
266 400
10 76 196 398; 8 82 201 400; 9 83 204 400; 9 81 203 400; 18 77 208 355; 10 82 204 399; 52 81 178 224; 52 81 182 317; 52 81 182 316; 

5\5_160_160777.jpg
400 266
64 48 336 225; 66 53 339 223; 72 52 336 224; 66 52 338 223; 118 50 299 198; 66 52 338 226; 75 51 332 215; 75 52 332 215; 75 51 332 215; 

5\5_160_160822.jpg
400 396
109 72 292 312; 111 72 298 324; 109 71 297 323; 110 72 298 321; 94 69 302 309; 111 71 298 322; 110 71 297 321; 110 71 297 321; 110 71 297 321; 

5\5_160_160866.jpg
400 300
182 18 314 229; 186 19 316 229; 184 18 316 229; 184 19 315 231; 182 37 334 233; 186 19 314 231; 185 19 315 232; 185 19 315 232; 185 19 315 232; 

5\5_160_160877.jpg
266 400
44 88 209 244; 44 90 208 248; 43 91 208 246; 45 91 208 245; 59 96 203 242; 46 91 209 245; 46 91 208 244; 46 91 208 244; 46 91 208 244; 

5\5_160_160955.jpg
400 266
96 37 273 231; 98 38 271 239; 97 39 272 232; 98 39 271 240; 82 51 284 224; 97 39 271 241; 96 39 271 241; 96 39 271 241; 96 39 271 241; 

5\5_161_161112.jpg
400 283
191 71 340 256; 196 74 339 257; 196 71 339 255; 195 73 341 255; 189 62 345 252; 195 72 340 256; 195 73 340 254; 195 73 340 254; 195 73 340 254; 

5\5_161_161126.jpg
400 256
24 22 296 214; 21 28 299 218; 22 19 298 221; 22 21 298 218; 56 32 318 216; 22 21 299 217; 200 119 298 208; 24 21 298 218; 95 21 298 208; 

5\5_161_161211.jpg
400 395
52 86 200 249; 54 85 196 245; 55 87 197 241; 54 88 196 245; 28 100 222 231; 53 86 195 246; 54 86 196 241; 54 86 196 241; 54 86 196 241; 

5\5_161_161406.jpg
307 399
36 52 237 228; 35 54 241 230; 16 56 247 399; 35 55 240 230; 22 51 253 227; 35 54 241 230; 35 56 239 231; 35 56 239 231; 35 56 239 231; 

5\5_161_161511.jpg
400 266
78 28 256 217; 81 28 255 229; 79 26 253 216; 81 28 255 215; 77 24 258 229; 80 27 257 231; 80 28 255 214; 80 28 255 214; 80 28 255 214; 

5\5_161_161761.jpg
400 266
108 36 284 262; 109 36 289 265; 109 36 288 266; 110 36 288 266; 124 32 281 252; 111 36 286 266; 110 37 287 266; 110 37 287 266; 110 37 287 266; 

5\5_161_161901.jpg
400 266
90 24 310 240; 92 24 311 242; 91 23 308 244; 91 25 309 244; 104 36 309 228; 89 24 311 244; 91 24 309 244; 91 24 309 244; 91 24 309 244; 

5\5_161_161904.jpg
400 311
118 32 280 265; 117 29 283 268; 119 31 281 268; 119 31 281 268; 137 36 287 252; 119 30 281 266; 118 31 282 267; 118 31 282 267; 118 31 282 267; 

5\5_161_161922.jpg
400 266
70 8 306 248; 68 7 305 249; 69 8 305 249; 70 8 304 249; 94 18 291 236; 70 8 307 250; 69 6 306 249; 69 6 306 249; 69 6 306 249; 

5\5_161_161927.jpg
400 266
82 14 326 256; 81 14 331 263; 82 14 328 260; 81 14 328 262; 94 15 322 238; 81 12 329 264; 81 14 329 263; 81 14 329 263; 81 14 329 263; 

5\5_161_161952.jpg
266 400
11 26 236 248; 9 28 233 244; 9 26 233 242; 8 26 233 243; 27 47 228 239; 8 28 234 244; 7 28 233 244; 7 28 233 244; 7 28 233 244; 

5\5_161_161972.jpg
399 365
138 82 272 211; 139 83 274 213; 139 85 273 211; 139 86 274 213; 130 71 286 214; 138 85 274 213; 137 84 273 214; 137 84 273 214; 137 84 273 214; 

5\5_161_161983.jpg
400 300
24 94 372 258; 22 94 376 261; 23 94 374 261; 22 95 376 260; 50 79 373 237; 23 94 378 259; 22 95 376 261; 22 95 376 261; 22 95 376 261; 

5\5_161_161998.jpg
400 271
202 127 368 253; 202 128 372 256; 18 127 369 259; 201 127 371 256; 32 129 376 261; 20 128 372 261; 202 128 372 255; 202 128 372 255; 202 128 372 255; 

5\5_162_162074.jpg
400 213
6 62 358 186; 0 62 361 179; 1 62 359 174; 1 62 361 178; 0 47 369 176; 1 62 362 178; 0 63 361 178; 0 63 361 178; 0 63 361 178; 

5\5_162_162079.jpg
400 267
180 22 370 239; 181 22 374 241; 179 22 374 242; 180 22 372 242; 179 24 390 240; 179 23 373 241; 180 22 372 241; 180 22 372 241; 180 22 372 241; 

5\5_162_162119.jpg
400 270
28 44 326 236; 31 42 331 238; 32 42 330 238; 32 44 330 238; 46 45 321 232; 32 42 330 236; 32 44 329 237; 32 44 329 237; 32 44 329 237; 

5\5_162_162125.jpg
400 306
162 30 372 201; 161 32 376 199; 188 32 374 199; 163 33 376 198; 148 36 394 207; 186 33 375 200; 162 32 376 199; 162 32 376 199; 162 32 376 199; 

5\5_162_162126.jpg
400 316
26 12 206 240; 26 10 206 244; 25 9 208 243; 26 11 205 242; 25 12 209 242; 24 10 206 242; 25 9 204 242; 25 9 204 242; 25 9 204 242; 

5\5_162_162166.jpg
400 299
100 28 370 289; 98 27 375 293; 99 28 375 293; 100 27 374 292; 149 22 357 272; 153 26 349 257; 154 27 348 255; 100 27 374 293; 191 27 348 183; 

5\5_162_162198.jpg
400 317
40 44 348 268; 25 42 349 270; 26 41 349 266; 21 42 348 270; 107 13 345 265; 86 42 348 271; 17 42 348 269; 17 42 348 269; 17 42 348 269; 

5\5_162_162224.jpg
400 309
69 68 236 266; 62 69 235 264; 64 68 234 265; 64 67 235 264; 72 68 244 254; 62 68 236 266; 65 66 236 264; 65 66 236 266; 65 66 236 264; 

5\5_162_162225.jpg
400 373
192 81 334 328; 193 81 338 332; 194 83 338 332; 193 83 336 332; 189 65 344 321; 190 82 338 332; 192 82 336 332; 192 82 336 332; 192 82 336 332; 

5\5_162_162283.jpg
400 377
192 52 338 333; 187 52 343 335; 188 54 343 323; 188 53 343 333; 173 57 348 335; 189 53 345 331; 189 54 343 333; 189 54 343 333; 189 54 343 333; 

5\5_162_162325.jpg
400 320
58 52 252 306; 59 50 246 303; 58 49 248 302; 59 48 248 306; 54 44 259 295; 58 48 249 305; 58 50 246 305; 58 50 247 305; 58 50 246 305; 

5\5_162_162349.jpg
400 266
38 84 392 199; 28 84 396 200; 29 82 395 196; 30 83 395 200; 43 41 391 216; 31 83 395 194; 29 84 395 200; 29 84 395 200; 29 84 395 200; 

5\5_162_162354.jpg
400 302
74 20 306 287; 68 18 308 286; 68 18 308 286; 66 18 308 288; 81 13 318 274; 67 16 309 286; 66 17 308 286; 66 18 308 286; 66 17 308 286; 

5\5_162_162366.jpg
400 267
88 76 260 228; 86 73 263 228; 85 75 264 228; 88 75 262 230; 82 56 274 244; 89 74 264 231; 87 81 261 230; 87 74 261 230; 87 79 261 230; 

5\5_162_162402.jpg
266 400
62 26 232 346; 61 27 239 346; 63 28 236 346; 63 26 238 346; 62 47 238 341; 63 28 237 342; 63 27 237 345; 63 27 237 345; 63 27 237 345; 

5\5_162_162408.jpg
266 400
96 84 261 292; 91 84 266 294; 94 83 265 293; 88 84 266 296; 96 80 254 287; 92 84 262 293; 88 84 266 297; 88 84 266 297; 88 84 266 297; 

5\5_162_162434.jpg
400 300
222 26 362 263; 221 25 362 269; 222 22 361 266; 222 23 362 269; 203 38 395 270; 223 21 362 268; 222 22 361 268; 222 22 361 268; 222 22 361 268; 

5\5_162_162516.jpg
399 332
74 38 286 260; 74 38 288 263; 74 40 291 261; 74 38 291 261; 57 26 296 260; 73 37 291 262; 75 38 290 259; 75 38 290 259; 75 38 290 259; 

5\5_162_162517.jpg
295 400
88 92 205 260; 88 94 204 258; 89 93 201 258; 88 92 204 258; 89 94 205 261; 88 92 207 260; 89 94 202 257; 89 94 202 257; 89 94 202 257; 

5\5_162_162550.jpg
400 333
38 78 228 291; 45 78 229 293; 48 78 228 288; 46 78 228 297; 62 67 226 292; 51 78 228 294; 45 76 228 294; 45 76 228 294; 45 76 228 294; 

5\5_162_162556.jpg
320 400
200 82 299 381; 196 79 296 385; 198 80 296 382; 198 79 298 382; 209 73 320 359; 198 79 298 381; 198 80 298 382; 198 79 298 382; 198 80 298 382; 

5\5_162_162567.jpg
300 400
58 9 262 272; 57 6 258 272; 54 6 259 272; 54 6 259 282; 69 55 249 263; 57 6 258 281; 55 8 256 281; 55 8 256 282; 55 8 256 281; 

5\5_162_162596.jpg
266 400
96 136 221 378; 98 137 222 384; 97 137 220 373; 97 136 222 377; 89 128 222 358; 96 136 221 381; 98 136 222 384; 98 136 222 384; 98 136 222 384; 

5\5_162_162652.jpg
400 309
122 24 222 293; 124 24 224 294; 124 22 222 294; 125 22 222 294; 121 29 228 291; 124 21 222 294; 124 22 222 293; 124 22 222 293; 124 22 222 293; 

5\5_162_162691.jpg
300 400
58 52 210 334; 61 44 212 338; 61 49 208 339; 61 51 210 338; 78 53 214 323; 63 47 208 337; 59 48 210 332; 59 48 210 332; 59 48 210 332; 

5\5_162_162733.jpg
400 366
50 50 296 272; 49 51 298 259; 48 50 299 255; 49 49 298 269; 38 58 291 266; 48 50 298 250; 49 51 298 273; 49 51 298 281; 49 51 298 273; 

5\5_162_162776.jpg
400 266
70 24 338 257; 71 29 338 258; 70 28 318 259; 71 31 338 258; 70 34 321 259; 71 29 316 261; 71 31 336 259; 71 31 336 259; 71 31 336 259; 

5\5_162_162830.jpg
265 400
26 41 216 368; 23 39 212 368; 27 41 211 366; 25 40 214 366; 48 87 214 334; 26 88 212 368; 25 90 248 365; 25 90 212 365; 25 90 212 365; 

5\5_162_162831.jpg
400 265
96 75 208 236; 96 76 208 235; 158 76 210 232; 96 76 211 234; 91 71 221 232; 96 75 207 235; 96 76 210 234; 96 76 210 234; 96 76 210 234; 

5\5_162_162862.jpg
400 320
82 60 380 308; 81 52 377 309; 82 51 377 305; 83 51 378 309; 82 42 373 302; 85 52 378 307; 84 51 379 309; 84 51 398 319; 84 51 378 309; 

5\5_162_162913.jpg
400 300
127 84 302 283; 129 79 301 280; 130 80 301 282; 130 79 301 282; 132 54 304 277; 130 78 301 281; 129 79 302 284; 129 79 302 284; 129 79 302 284; 

5\5_162_162941.jpg
400 300
40 54 292 266; 36 53 295 269; 37 56 295 268; 36 54 295 271; 44 55 288 258; 34 55 294 268; 154 53 272 162; 36 54 294 271; 155 53 272 162; 

5\5_162_162967.jpg
266 400
34 88 188 386; 33 85 192 390; 33 86 189 386; 35 86 192 391; 61 92 205 351; 33 85 192 392; 93 86 159 166; 93 86 159 166; 93 86 159 166; 

5\5_163_163052.jpg
291 400
32 44 238 364; 32 47 241 362; 108 142 199 335; 34 48 239 362; 79 166 241 349; 32 47 199 340; 196 264 239 362; 106 142 239 362; 196 264 239 362; 

5\5_163_163074.jpg
400 300
140 145 354 262; 135 146 359 265; 132 146 355 262; 133 147 354 265; 143 146 352 264; 135 146 359 265; 233 153 336 243; 135 147 358 265; 233 153 337 243; 

5\5_163_163078.jpg
356 400
20 12 331 282; 23 15 331 286; 24 16 331 278; 22 15 329 281; 56 44 281 272; 22 16 331 281; 22 16 331 280; 22 16 331 280; 22 16 331 280; 

5\5_163_163079.jpg
400 389
54 124 355 376; 51 124 355 376; 49 124 352 366; 40 124 354 375; 68 110 356 320; 51 124 354 376; 39 124 351 373; 39 124 351 373; 39 124 351 373; 

5\5_163_163129.jpg
400 268
94 11 359 202; 90 9 360 206; 88 10 359 204; 88 9 360 204; 96 37 355 205; 89 7 359 204; 88 9 361 205; 88 9 361 205; 88 9 361 205; 

5\5_163_163211.jpg
400 266
80 62 270 258; 79 62 279 266; 82 62 279 266; 79 62 279 266; 121 61 286 264; 81 63 275 266; 79 64 279 266; 79 64 279 266; 79 64 279 266; 

5\5_163_163223.jpg
379 400
141 134 351 298; 138 133 354 304; 141 134 353 301; 141 136 353 301; 151 135 356 296; 140 134 352 304; 140 135 353 301; 140 135 353 301; 140 135 353 301; 

5\5_163_163229.jpg
273 400
44 22 253 292; 49 21 252 304; 48 22 252 305; 50 21 252 302; 66 45 249 286; 48 22 252 302; 50 21 251 302; 50 21 251 302; 50 21 251 302; 

5\5_163_163256.jpg
290 400
80 84 221 330; 78 84 223 332; 79 85 222 330; 78 86 223 332; 81 86 224 326; 79 85 222 332; 79 85 223 332; 79 85 223 332; 79 85 223 332; 

5\5_163_163374.jpg
328 400
108 56 299 241; 102 57 298 239; 106 55 296 238; 107 57 297 240; 108 46 297 232; 108 57 296 239; 108 57 296 239; 108 57 296 239; 108 57 296 239; 

5\5_163_163434.jpg
400 230
168 12 337 226; 169 11 338 230; 171 9 333 230; 170 11 336 230; 163 10 335 231; 169 11 336 230; 169 12 336 230; 169 11 336 230; 169 12 336 230; 

5\5_163_163456.jpg
399 279
184 14 393 276; 187 13 394 279; 187 13 395 278; 189 13 397 279; 194 15 394 278; 188 15 394 276; 189 13 395 279; 189 15 395 279; 189 13 395 279; 

5\5_163_163463.jpg
266 400
58 20 165 262; 56 18 164 263; 55 16 161 260; 56 17 165 262; 55 8 200 269; 54 18 164 262; 56 17 162 262; 56 17 162 262; 56 17 162 262; 

5\5_163_163464.jpg
266 400
54 14 166 260; 56 16 162 264; 58 18 165 257; 56 18 166 261; 43 17 190 257; 56 18 160 262; 56 18 165 263; 56 18 165 263; 56 18 165 263; 

5\5_163_163465.jpg
400 266
124 60 272 187; 126 59 270 188; 126 63 272 186; 126 62 272 186; 115 56 282 188; 126 61 271 187; 126 62 271 187; 126 62 271 187; 126 59 271 187; 

5\5_163_163466.jpg
344 400
74 18 185 216; 73 19 186 216; 73 16 186 216; 74 16 186 218; 72 41 187 219; 74 16 186 218; 74 16 186 218; 74 16 186 218; 74 16 186 218; 

5\5_163_163539.jpg
266 400
74 30 238 306; 76 32 238 313; 76 31 238 309; 76 30 237 312; 66 41 221 289; 74 29 236 312; 74 31 238 311; 74 31 238 311; 74 31 238 311; 

5\5_163_163578.jpg
400 266
152 34 348 263; 152 36 351 266; 154 35 349 266; 154 35 349 266; 175 49 340 258; 154 35 349 264; 152 35 350 266; 152 35 350 266; 152 35 350 266; 

5\5_163_163588.jpg
400 300
128 14 340 188; 131 7 342 189; 130 0 341 189; 129 0 341 189; 140 2 354 181; 131 0 341 189; 129 1 342 189; 129 1 342 189; 129 1 342 189; 

5\5_163_163594.jpg
126 400
28 150 98 394; 26 150 100 400; 27 151 101 397; 26 151 100 400; 33 149 100 348; 28 150 98 396; 26 150 100 396; 26 150 100 396; 26 150 100 396; 

5\5_163_163607.jpg
246 400
10 112 227 302; 8 112 240 302; 9 112 230 303; 6 113 240 302; 25 110 247 296; 4 113 246 303; 6 112 241 300; 6 112 241 300; 20 112 226 300; 

5\5_163_163674.jpg
251 400
44 36 203 348; 42 39 205 348; 44 38 204 348; 43 38 204 348; 61 62 196 346; 45 38 202 349; 44 36 203 348; 44 38 203 350; 44 38 203 348; 

5\5_163_163675.jpg
400 266
134 18 366 250; 133 21 372 252; 134 19 368 252; 136 19 369 252; 126 32 372 242; 136 19 369 252; 136 19 369 252; 136 19 369 252; 136 19 369 252; 

5\5_163_163692.jpg
325 400
43 37 217 394; 45 36 218 394; 45 38 320 392; 45 36 218 392; 8 20 224 347; 45 38 218 400; 48 36 219 331; 48 38 219 331; 48 36 219 331; 

5\5_163_163696.jpg
400 317
159 36 358 229; 159 38 358 229; 155 39 356 231; 166 38 354 229; 134 43 339 220; 153 37 355 229; 159 38 356 226; 159 64 357 226; 159 38 356 226; 

5\5_163_163713.jpg
266 400
92 21 189 374; 91 15 189 383; 90 16 189 383; 92 15 189 383; 72 29 211 337; 89 13 193 381; 91 13 189 383; 91 13 189 383; 91 13 189 383; 

5\5_163_163729.jpg
400 320
210 80 314 214; 211 80 315 209; 212 80 314 209; 212 82 314 212; 206 70 322 220; 212 81 312 209; 214 82 314 209; 214 82 314 209; 214 82 314 209; 

5\5_163_163896.jpg
388 400
130 16 382 243; 130 17 381 240; 130 18 381 242; 131 18 381 242; 132 48 382 260; 131 18 381 240; 130 17 381 241; 130 18 381 241; 130 18 381 241; 

5\5_163_163956.jpg
400 301
80 76 396 243; 81 78 400 244; 86 78 399 244; 88 77 399 244; 112 85 394 228; 86 79 399 244; 87 79 400 242; 87 79 400 242; 87 79 400 242; 

5\5_163_163957.jpg
400 283
8 66 381 236; 2 66 398 235; 112 65 274 141; 1 68 400 234; 134 68 349 184; 123 66 400 214; 133 69 398 212; 132 69 398 213; 133 69 398 212; 

5\5_163_163966.jpg
399 299
192 132 371 265; 195 133 370 266; 195 134 366 260; 195 132 368 264; 178 110 340 246; 197 134 368 262; 193 134 368 260; 193 134 368 260; 193 134 368 260; 

5\5_163_163989.jpg
400 266
15 80 244 261; 6 86 246 263; 8 84 244 266; 6 84 245 260; 74 79 277 231; 7 85 245 266; 117 84 245 227; 6 84 245 261; 114 84 245 227; 

5\5_164_164002.jpg
400 266
128 58 278 208; 130 58 278 209; 129 59 278 209; 129 59 279 209; 110 53 296 220; 130 58 278 210; 129 57 278 209; 129 57 278 209; 129 57 278 209; 

5\5_164_164088.jpg
320 400
13 86 271 354; 13 82 266 355; 11 86 265 351; 11 84 272 352; 59 92 238 326; 9 82 271 355; 149 110 264 172; 11 84 272 352; 148 110 264 178; 

5\5_164_164187.jpg
400 266
44 45 238 266; 45 46 246 266; 46 46 246 264; 46 46 246 266; 133 48 264 241; 46 46 246 266; 45 44 246 266; 45 44 246 266; 45 44 246 266; 

5\5_164_164212.jpg
300 400
92 12 184 341; 88 12 187 339; 92 11 188 337; 89 11 188 342; 61 30 222 273; 91 9 189 342; 91 10 181 125; 88 5 188 345; 91 10 180 113; 

5\5_164_164224.jpg
400 266
131 50 327 248; 134 52 327 241; 134 51 328 244; 132 51 327 242; 104 39 331 252; 132 51 327 241; 133 53 325 242; 133 53 325 242; 133 53 325 242; 

5\5_164_164225.jpg
266 400
3 4 253 236; 2 2 254 239; 1 1 252 242; 1 0 252 230; 26 42 247 258; 1 0 258 231; 29 16 238 219; 1 0 254 236; 29 16 221 201; 

5\5_164_164379.jpg
400 300
56 88 310 282; 64 89 319 284; 62 92 317 286; 62 89 317 286; 55 88 334 251; 63 91 316 286; 61 91 317 286; 61 91 317 286; 61 91 317 286; 

5\5_164_164390.jpg
400 291
186 88 380 286; 184 88 383 286; 182 89 383 291; 185 89 382 291; 203 81 387 281; 184 89 382 284; 184 89 382 291; 184 89 382 291; 184 89 382 291; 

5\5_164_164391.jpg
400 268
148 16 345 239; 148 15 344 238; 148 16 342 237; 150 16 342 239; 124 37 344 198; 149 13 343 238; 149 16 342 238; 149 15 342 238; 149 16 342 238; 

5\5_164_164392.jpg
400 267
156 40 328 225; 158 39 331 231; 158 41 329 229; 158 41 328 229; 127 46 349 211; 157 40 329 226; 156 42 329 229; 156 42 329 229; 156 42 329 229; 

5\5_164_164407.jpg
400 262
112 31 227 259; 111 31 223 256; 113 28 224 256; 112 29 222 256; 121 20 232 245; 112 28 222 256; 112 30 222 255; 112 30 221 256; 112 30 222 255; 

5\5_164_164441.jpg
400 289
30 30 170 148; 30 29 170 150; 29 28 172 153; 31 28 172 151; 20 34 214 191; 29 29 172 232; 31 29 170 152; 31 29 172 152; 31 29 170 152; 

5\5_164_164442.jpg
400 255
142 26 378 149; 143 28 381 155; 141 29 377 184; 141 29 379 155; 160 42 356 169; 144 29 378 187; 143 29 379 154; 143 29 379 154; 143 29 379 154; 

5\5_164_164467.jpg
400 310
78 28 309 238; 76 27 309 240; 78 31 309 237; 76 28 309 239; 93 41 310 217; 75 26 308 242; 76 28 309 240; 76 28 308 241; 76 28 309 240; 

5\5_164_164472.jpg
400 300
27 65 351 281; 27 65 351 282; 27 68 349 264; 26 68 348 281; 62 72 312 242; 26 68 348 279; 231 206 285 279; 29 68 347 279; 231 206 286 279; 

5\5_164_164570.jpg
400 300
84 16 318 262; 87 16 319 265; 89 17 319 264; 88 16 319 262; 95 49 314 248; 88 16 318 264; 87 18 318 264; 87 18 318 264; 87 18 318 264; 

5\5_164_164571.jpg
300 400
46 48 281 274; 44 48 279 274; 45 48 278 273; 46 48 280 274; 39 62 269 261; 46 49 278 273; 46 49 278 274; 46 49 278 272; 46 49 278 274; 

5\5_164_164581.jpg
400 266
86 48 324 257; 89 48 324 258; 86 48 325 259; 88 50 324 258; 96 41 309 247; 86 48 326 258; 88 49 324 258; 88 49 324 258; 88 49 324 258; 

5\5_164_164583.jpg
400 296
118 78 304 216; 118 82 306 221; 151 81 292 140; 120 81 304 222; 133 64 308 224; 120 81 304 221; 120 81 304 222; 120 82 304 222; 154 81 292 140; 

5\5_164_164617.jpg
221 400
22 28 199 266; 22 30 196 271; 48 31 195 232; 26 30 194 268; 45 69 198 271; 26 30 194 268; 24 29 194 268; 24 29 194 268; 24 29 194 268; 

5\5_164_164621.jpg
400 307
60 32 306 243; 60 28 306 248; 62 29 307 242; 61 31 306 241; 62 26 298 244; 59 30 306 244; 61 31 308 242; 61 29 308 244; 61 31 308 242; 

5\5_164_164643.jpg
400 266
50 66 342 236; 53 66 346 239; 49 66 344 234; 48 66 342 237; 88 69 288 232; 51 65 343 236; 48 66 342 236; 48 65 342 236; 48 66 342 236; 

5\5_164_164666.jpg
400 265
71 66 280 245; 68 66 279 242; 68 64 280 244; 68 64 281 246; 71 47 281 239; 68 64 281 244; 68 65 281 245; 68 65 281 246; 68 65 281 245; 

5\5_164_164713.jpg
400 266
44 86 331 236; 45 91 331 232; 44 88 331 230; 43 91 331 231; 56 73 352 253; 45 91 330 232; 44 89 331 230; 44 89 331 230; 44 89 331 230; 

5\5_164_164750.jpg
309 400
26 92 278 354; 22 92 281 355; 19 91 278 354; 21 91 278 357; 65 124 261 309; 22 91 279 357; 22 91 278 358; 21 91 278 358; 22 91 278 358; 

5\5_164_164763.jpg
400 261
16 22 376 138; 19 19 375 139; 20 21 378 141; 21 21 379 142; 51 29 379 158; 21 22 377 144; 21 21 376 145; 21 21 376 145; 21 21 376 145; 

5\5_164_164832.jpg
313 400
66 62 165 260; 70 60 165 258; 69 64 162 252; 71 62 164 258; 72 63 184 261; 69 63 165 254; 71 61 166 256; 71 65 164 256; 71 61 166 256; 

5\5_164_164923.jpg
400 266
32 8 266 264; 25 6 265 265; 34 7 265 222; 30 5 265 265; 29 11 263 218; 33 7 265 215; 35 8 264 214; 35 8 264 214; 35 8 264 214; 

5\5_164_164983.jpg
400 200
44 64 319 174; 42 66 319 172; 39 68 316 172; 42 68 318 171; 34 41 318 176; 41 68 318 172; 40 67 319 171; 40 68 318 171; 40 67 319 171; 

5\5_165_165000.jpg
400 266
39 92 362 232; 38 94 363 233; 36 94 364 232; 38 93 362 235; 57 92 361 220; 39 92 364 238; 38 92 362 236; 38 92 362 236; 38 92 362 236; 

5\5_165_165017.jpg
400 326
91 11 278 194; 91 8 281 195; 92 10 279 189; 91 10 279 194; 124 9 252 201; 91 10 276 194; 90 9 280 194; 90 9 280 194; 90 9 280 194; 

5\5_165_165110.jpg
400 280
6 34 356 196; 2 33 359 197; 1 32 356 199; 0 34 358 198; 39 39 337 192; 1 34 354 199; 256 32 358 94; 0 32 358 197; 253 32 358 101; 

5\5_165_165210.jpg
400 308
124 48 278 261; 128 44 274 257; 127 41 274 253; 128 43 274 258; 110 43 274 259; 128 43 281 258; 126 44 276 257; 126 45 276 257; 126 44 276 257; 

5\5_165_165306.jpg
200 400
28 114 176 270; 22 114 173 268; 42 115 154 226; 22 115 172 269; 32 107 179 274; 22 114 172 271; 39 116 157 229; 39 115 157 229; 24 116 171 266; 

5\5_165_165503.jpg
266 400
34 182 251 266; 34 181 254 266; 34 181 253 261; 33 181 253 266; 32 176 251 271; 34 181 255 264; 32 181 253 264; 32 181 253 264; 32 181 253 264; 

5\5_165_165607.jpg
400 265
146 18 320 195; 142 17 322 194; 148 17 322 195; 147 16 320 195; 156 31 317 194; 148 16 322 194; 159 16 319 195; 159 16 319 195; 159 16 319 195; 

5\5_165_165655.jpg
400 301
127 23 355 260; 125 28 354 261; 126 28 354 258; 126 29 353 263; 144 54 341 208; 125 28 352 261; 126 28 352 263; 126 28 352 263; 126 28 352 263; 

5\5_165_165714.jpg
266 400
52 108 236 296; 56 110 239 301; 53 109 238 298; 54 111 238 299; 44 105 239 297; 53 110 238 299; 54 109 239 300; 54 109 239 300; 54 109 239 300; 

5\5_165_165717.jpg
266 400
62 74 242 246; 66 76 246 248; 66 76 247 248; 66 77 246 248; 46 94 258 232; 66 76 245 246; 66 76 245 248; 66 76 245 248; 66 76 245 248; 

5\5_165_165737.jpg
400 266
139 76 270 190; 138 80 268 193; 144 78 265 188; 139 80 271 190; 134 60 274 204; 138 78 269 192; 141 80 268 189; 141 80 266 189; 141 80 268 189; 

5\5_165_165911.jpg
266 400
96 80 185 319; 99 83 188 321; 97 84 185 315; 99 82 186 321; 90 74 212 308; 101 83 188 321; 100 81 186 321; 100 81 186 321; 100 81 186 321; 

5\5_165_165988.jpg
399 289
46 68 339 243; 47 67 336 245; 49 66 337 229; 42 64 336 244; 75 54 324 243; 43 68 337 243; 42 64 336 244; 42 64 336 244; 42 64 336 244; 

5\5_166_166065.jpg
400 320
156 10 372 242; 157 13 376 250; 157 14 376 249; 155 15 376 249; 159 35 348 218; 154 15 375 248; 154 14 376 249; 154 14 376 249; 154 14 376 249; 

5\5_166_166071.jpg
400 258
64 4 254 208; 52 6 254 211; 66 8 251 207; 52 4 256 210; 65 8 301 219; 52 5 254 210; 53 6 255 209; 53 6 255 209; 53 6 255 209; 

5\5_166_166189.jpg
400 280
86 30 310 254; 84 32 311 254; 86 32 311 252; 85 32 310 255; 96 52 303 244; 84 31 308 254; 84 31 311 256; 84 31 311 256; 84 31 311 256; 

5\5_166_166191.jpg
400 300
60 6 365 187; 60 7 362 182; 65 6 359 182; 61 8 361 184; 36 19 346 201; 61 6 362 185; 60 2 366 186; 60 0 359 183; 60 2 360 186; 

5\5_166_166319.jpg
283 399
34 63 207 284; 31 67 209 289; 27 66 206 286; 27 69 208 286; 22 53 204 286; 27 67 207 286; 27 67 209 287; 27 67 209 287; 27 67 209 287; 

5\5_166_166408.jpg
400 266
110 12 328 264; 111 11 327 266; 109 11 324 264; 111 11 327 266; 107 27 316 257; 109 11 326 266; 111 11 328 266; 111 11 328 266; 111 11 328 266; 

5\5_166_166487.jpg
400 301
58 56 336 298; 55 56 345 301; 56 55 341 301; 57 58 342 301; 62 56 326 274; 59 56 342 301; 56 57 343 301; 56 57 343 301; 56 57 343 301; 

5\5_166_166543.jpg
400 245
112 12 198 203; 116 13 200 203; 118 13 199 201; 117 12 199 205; 108 8 231 204; 115 12 198 206; 116 11 199 205; 116 11 199 205; 116 11 199 205; 

5\5_166_166575.jpg
400 300
80 96 398 270; 81 100 400 268; 92 105 400 258; 92 99 400 267; 51 79 400 258; 92 98 400 269; 94 101 400 268; 94 101 400 268; 94 101 400 268; 

5\5_166_166633.jpg
400 290
174 30 389 226; 177 32 388 229; 176 30 388 231; 176 31 387 230; 136 31 391 221; 176 31 386 231; 175 30 387 229; 175 30 387 229; 175 30 387 229; 

5\5_166_166643.jpg
400 300
98 39 272 254; 99 40 272 255; 99 41 272 252; 99 41 271 254; 78 58 286 260; 98 41 271 253; 99 41 270 255; 99 41 270 255; 99 41 270 255; 

5\5_166_166666.jpg
266 400
26 52 212 394; 26 50 218 400; 24 51 215 396; 24 48 216 400; 29 77 220 353; 24 52 216 396; 25 51 213 400; 25 51 213 400; 25 51 213 400; 

5\5_166_166681.jpg
400 400
104 30 314 381; 101 30 312 379; 103 28 311 318; 104 29 312 380; 80 36 318 331; 101 28 312 317; 104 30 312 379; 104 29 312 379; 104 30 312 379; 

5\5_166_166694.jpg
400 268
88 28 289 263; 82 21 289 267; 85 21 289 264; 84 22 289 266; 129 38 296 269; 83 24 288 269; 138 24 256 143; 138 24 259 143; 138 24 256 157; 

5\5_166_166776.jpg
266 400
102 21 248 302; 102 21 254 298; 100 22 249 302; 102 21 250 298; 61 43 244 322; 103 21 254 299; 102 21 198 184; 102 21 251 305; 102 21 249 304; 

5\5_166_166827.jpg
400 266
122 0 318 265; 122 1 322 266; 121 1 322 264; 121 1 322 266; 121 36 321 266; 123 1 321 265; 121 1 320 266; 121 1 320 266; 121 1 320 266; 

5\5_166_166915.jpg
400 300
12 42 376 236; 10 48 380 238; 12 48 378 239; 12 49 377 238; 27 44 357 233; 13 48 379 237; 12 50 378 238; 12 50 378 238; 12 50 378 238; 

5\5_166_166949.jpg
400 276
74 18 318 249; 75 18 318 262; 74 21 316 262; 74 21 317 261; 80 24 317 254; 76 21 317 262; 72 19 317 261; 72 19 317 261; 72 19 317 261; 

5\5_166_166997.jpg
326 400
67 102 205 300; 72 104 203 300; 72 105 202 301; 72 105 203 300; 71 108 206 296; 73 104 201 301; 72 106 201 301; 72 106 201 301; 72 106 201 301; 

5\5_167_167128.jpg
400 266
64 22 240 261; 69 20 238 258; 66 22 238 238; 67 20 240 266; 98 23 249 236; 67 21 240 262; 68 21 240 266; 68 23 240 266; 68 21 240 266; 

5\5_167_167168.jpg
399 357
68 111 355 299; 61 113 347 301; 65 112 346 298; 63 115 348 299; 53 101 353 277; 63 110 347 304; 63 110 348 302; 63 110 348 302; 63 110 348 302; 

5\5_167_167181.jpg
338 400
64 68 304 318; 61 67 304 323; 64 64 308 322; 62 66 307 321; 68 51 273 305; 62 66 306 322; 61 66 307 322; 61 66 307 321; 61 66 307 322; 

5\5_167_167245.jpg
400 300
64 58 210 266; 67 58 214 266; 62 57 211 262; 64 58 211 262; 59 53 224 277; 64 59 211 262; 64 57 211 262; 64 57 211 262; 64 57 211 262; 

5\5_167_167302.jpg
300 400
24 98 280 340; 20 98 280 343; 19 99 279 344; 20 98 281 345; 21 93 266 318; 19 96 281 344; 19 98 282 343; 19 98 282 343; 19 98 282 343; 

5\5_167_167321.jpg
270 400
110 108 228 224; 110 111 232 226; 109 110 232 225; 109 109 231 226; 22 25 268 316; 8 11 261 351; 109 109 232 226; 109 109 232 226; 109 109 232 226; 

5\5_167_167349.jpg
400 291
52 74 346 221; 48 71 352 219; 51 68 348 221; 49 69 349 218; 54 38 341 188; 48 69 346 219; 49 69 350 218; 49 69 350 218; 49 69 350 218; 

5\5_167_167368.jpg
400 311
141 4 340 308; 140 1 342 311; 139 2 341 310; 139 1 343 311; 157 2 364 271; 140 2 362 311; 246 1 325 98; 247 1 325 98; 197 1 325 194; 

5\5_167_167534.jpg
400 283
78 14 231 129; 76 16 232 127; 78 16 231 127; 79 17 231 126; 76 21 218 131; 78 16 229 126; 79 17 229 124; 79 17 229 124; 79 17 229 124; 

5\5_167_167613.jpg
400 320
82 26 272 279; 78 29 278 278; 82 28 276 278; 82 30 278 279; 86 39 289 266; 81 31 277 275; 129 29 188 103; 129 29 189 104; 81 29 278 278; 

5\5_167_167664.jpg
400 300
51 54 344 238; 58 59 345 238; 59 61 349 237; 60 62 348 238; 66 66 311 253; 61 61 347 237; 61 62 349 239; 59 62 349 239; 61 62 349 239; 

5\5_167_167742.jpg
400 321
68 99 163 311; 67 100 167 308; 71 100 166 308; 68 100 166 308; 46 80 179 288; 68 100 168 309; 68 98 168 308; 68 99 167 308; 68 98 168 308; 

5\5_167_167757.jpg
302 400
17 80 216 396; 17 78 219 396; 15 82 217 392; 16 81 218 396; 26 79 200 364; 16 83 218 396; 16 81 218 395; 16 81 218 395; 16 81 218 395; 

5\5_167_167828.jpg
400 297
14 171 392 279; 17 169 392 284; 17 172 392 283; 17 170 391 287; 43 142 326 282; 13 170 391 289; 16 170 392 285; 16 170 392 285; 16 170 392 285; 

5\5_167_167846.jpg
400 320
94 58 361 164; 90 60 362 162; 91 58 364 162; 91 58 364 165; 98 51 326 164; 91 57 363 164; 92 58 365 164; 92 58 365 164; 92 58 365 164; 

5\5_167_167878.jpg
400 258
168 28 322 170; 171 28 322 169; 171 28 321 169; 172 28 321 169; 146 22 343 191; 171 28 322 169; 172 28 321 168; 172 28 321 168; 172 28 321 168; 

5\5_167_167879.jpg
400 296
98 44 278 281; 101 46 281 283; 99 47 278 280; 99 46 281 282; 82 34 313 243; 99 45 282 282; 99 44 282 281; 99 44 282 281; 99 44 282 281; 

5\5_167_167881.jpg
300 400
111 42 272 268; 112 42 275 268; 114 43 270 265; 113 43 271 268; 92 36 298 278; 114 42 272 269; 114 43 271 268; 114 43 271 268; 114 43 271 268; 

5\5_167_167975.jpg
337 400
62 46 308 319; 73 48 304 316; 74 103 242 274; 74 45 304 322; 43 59 276 277; 74 44 306 318; 72 100 242 268; 72 100 304 321; 102 129 185 213; 

5\5_167_167984.jpg
400 270
42 48 262 232; 40 50 265 232; 41 51 264 231; 41 51 265 242; 26 49 321 221; 42 50 265 233; 42 50 265 232; 42 50 265 232; 42 50 265 232; 

5\5_167_167989.jpg
259 400
89 152 171 346; 84 152 171 346; 84 153 172 347; 84 154 171 348; 66 116 214 323; 85 154 171 350; 84 154 171 348; 84 154 171 348; 84 154 171 348; 

5\5_167_167993.jpg
400 285
43 32 216 191; 48 32 214 182; 48 33 215 181; 48 32 216 186; 28 21 241 186; 48 32 215 183; 48 31 215 186; 48 31 215 185; 48 31 215 186; 

5\5_168_168039.jpg
400 289
80 24 316 221; 85 25 320 212; 84 25 318 213; 82 23 319 211; 95 33 299 240; 97 22 319 205; 81 22 320 212; 81 22 319 212; 81 22 320 212; 

5\5_168_168042.jpg
400 266
142 18 250 261; 143 19 251 255; 143 19 252 252; 143 21 252 246; 148 26 295 267; 143 21 251 254; 141 21 252 256; 141 21 252 247; 141 21 252 256; 

5\5_168_168077.jpg
400 300
130 22 340 292; 132 24 342 291; 129 25 343 295; 129 24 344 292; 115 48 322 283; 127 24 345 293; 129 23 343 292; 129 23 343 292; 129 23 343 292; 

5\5_168_168126.jpg
400 300
52 42 336 254; 51 41 338 255; 55 45 336 255; 51 43 338 256; 64 58 344 232; 52 42 336 254; 52 42 335 255; 52 42 335 255; 52 42 335 255; 

5\5_168_168130.jpg
299 399
72 10 194 353; 74 15 194 365; 72 12 196 365; 73 12 195 367; 62 45 191 311; 72 12 197 372; 74 12 196 368; 74 12 196 368; 74 12 196 368; 

5\5_168_168177.jpg
266 400
31 92 215 378; 32 92 216 379; 32 93 216 378; 31 92 216 378; 28 68 189 287; 32 92 216 380; 31 92 216 377; 31 92 216 377; 31 92 216 377; 

5\5_168_168178.jpg
400 255
36 18 241 246; 36 15 242 249; 37 18 241 249; 37 16 241 249; 84 31 203 190; 38 16 242 250; 38 16 241 250; 38 16 241 250; 38 16 241 250; 

5\5_168_168234.jpg
266 400
28 126 258 239; 25 126 258 239; 25 126 254 239; 24 126 256 240; 32 98 208 248; 24 125 258 239; 23 128 258 239; 23 128 258 346; 23 128 258 239; 

5\5_168_168242.jpg
400 266
44 38 228 206; 43 38 226 204; 38 36 226 201; 42 37 225 206; 71 35 246 183; 41 34 247 208; 40 39 225 186; 40 39 225 206; 40 35 226 204; 

5\5_168_168277.jpg
400 266
160 30 368 237; 163 31 369 238; 162 32 369 239; 163 31 369 242; 139 34 364 256; 162 31 368 239; 163 31 368 237; 163 31 368 237; 163 31 368 237; 

5\5_168_168383.jpg
400 267
110 14 324 221; 115 5 321 223; 116 48 308 151; 113 4 323 221; 107 20 311 221; 111 1 325 229; 113 3 323 228; 113 3 322 228; 113 3 323 228; 

5\5_168_168405.jpg
400 265
82 35 321 239; 78 37 319 246; 79 38 320 235; 79 38 319 243; 82 38 308 196; 79 37 319 239; 79 38 320 242; 79 38 320 242; 79 38 320 242; 

5\5_168_168407.jpg
400 316
122 72 378 248; 123 74 379 250; 123 74 379 251; 123 71 379 249; 107 51 362 233; 123 74 379 252; 123 74 379 251; 123 74 379 251; 123 74 379 251; 

5\5_168_168420.jpg
300 400
22 15 168 378; 26 14 168 379; 24 14 169 381; 22 10 170 382; 48 30 174 344; 23 15 168 380; 23 13 169 380; 23 13 169 380; 23 13 169 380; 

5\5_168_168519.jpg
267 400
102 154 202 352; 106 154 199 346; 107 155 200 346; 106 154 199 347; 104 138 198 363; 105 155 198 348; 106 154 200 349; 106 154 200 349; 106 154 200 349; 

5\5_168_168533.jpg
300 400
78 17 232 392; 78 16 231 391; 79 18 233 388; 78 15 232 393; 71 32 243 348; 78 18 234 389; 79 14 233 392; 79 15 232 392; 79 14 233 392; 

5\5_168_168608.jpg
400 300
158 11 396 217; 156 14 400 221; 157 8 399 222; 162 9 400 219; 279 10 398 206; 159 9 400 224; 159 11 400 218; 159 11 400 218; 159 11 400 218; 

5\5_168_168643.jpg
400 300
110 54 310 216; 109 52 316 218; 108 53 314 221; 108 51 317 219; 106 37 308 227; 108 54 316 219; 109 51 316 219; 109 51 316 219; 109 51 316 219; 

5\5_168_168671.jpg
400 300
182 66 320 174; 186 69 322 174; 184 68 321 174; 184 67 321 174; 168 60 341 167; 183 68 321 174; 184 67 319 174; 184 67 319 174; 184 67 319 174; 

5\5_168_168673.jpg
400 300
124 26 391 183; 124 24 389 179; 126 27 386 178; 125 25 388 181; 154 26 358 184; 126 26 391 182; 126 26 389 181; 126 26 389 181; 126 26 389 181; 

5\5_168_168694.jpg
400 266
209 92 364 230; 207 90 364 227; 207 91 359 226; 204 92 363 228; 238 93 368 231; 209 91 362 230; 204 92 364 228; 204 92 362 228; 204 92 361 228; 

5\5_168_168728.jpg
266 400
74 100 204 282; 76 101 206 280; 78 101 205 276; 78 101 205 279; 59 108 238 278; 76 101 207 279; 77 102 206 279; 77 101 206 279; 77 100 206 279; 

5\5_168_168878.jpg
400 272
100 58 298 264; 102 54 301 263; 101 56 299 264; 103 54 299 262; 113 54 279 222; 101 55 301 263; 101 54 300 264; 101 54 300 264; 101 54 300 264; 

5\5_168_168888.jpg
400 272
98 4 285 258; 101 8 282 258; 100 27 282 258; 100 9 284 261; 114 27 284 262; 99 12 284 258; 99 8 282 259; 99 8 282 259; 99 8 282 259; 

5\5_168_168927.jpg
400 300
86 4 330 234; 86 3 332 236; 87 4 332 235; 86 3 331 236; 99 25 321 239; 86 3 329 236; 86 3 331 234; 86 3 330 236; 86 3 331 234; 

5\5_168_168995.jpg
400 290
195 26 358 256; 188 25 356 256; 195 26 356 252; 194 26 356 254; 178 24 364 255; 194 26 358 254; 196 24 357 255; 196 25 357 255; 196 24 357 255; 

5\5_169_169035.jpg
300 400
94 10 276 282; 91 8 277 284; 92 9 280 284; 93 7 279 284; 104 46 262 278; 93 8 278 284; 93 6 278 284; 93 6 278 284; 93 6 278 284; 

5\5_169_169042.jpg
400 300
74 32 330 270; 72 34 334 268; 71 34 336 269; 72 34 332 274; 86 30 322 266; 71 34 333 271; 72 32 334 271; 72 32 334 271; 72 32 334 271; 

5\5_169_169043.jpg
400 300
74 32 330 266; 72 32 332 273; 73 34 334 272; 73 34 334 271; 75 26 342 274; 72 33 333 271; 74 33 334 270; 74 33 334 270; 74 33 334 270; 

5\5_169_169114.jpg
400 398
20 22 256 249; 19 23 258 251; 18 23 259 252; 19 22 259 252; 39 57 245 225; 19 22 259 252; 19 23 259 252; 19 23 259 252; 19 23 259 252; 

5\5_169_169115.jpg
400 265
140 46 310 228; 144 48 312 228; 143 46 311 228; 142 48 312 229; 131 38 316 238; 142 48 309 229; 142 47 312 229; 142 47 312 229; 142 47 312 229; 

