500

6\6_169_169128.jpg
399 394
86 44 304 338; 83 44 315 334; 81 42 314 336; 80 44 313 338; 84 41 315 331; 160 44 313 182; 80 43 313 336; 159 43 312 185; 80 43 312 336; 

6\6_169_169139.jpg
400 281
228 58 329 254; 231 56 324 253; 233 60 324 252; 231 54 328 253; 232 54 329 253; 231 58 323 254; 231 56 326 254; 231 56 326 254; 231 56 326 254; 

6\6_169_169149.jpg
400 300
92 24 328 258; 92 24 330 261; 91 24 328 259; 91 25 328 259; 88 32 328 258; 91 25 328 258; 92 24 329 258; 92 24 329 258; 92 24 329 258; 

6\6_169_169167.jpg
400 320
11 18 159 136; 13 19 158 131; 13 19 158 131; 11 20 159 130; 12 12 186 153; 11 19 159 129; 12 19 158 129; 12 19 158 129; 12 19 158 129; 

6\6_169_169288.jpg
400 271
206 89 354 256; 205 89 351 264; 207 89 351 268; 206 89 352 266; 192 72 352 249; 259 89 352 200; 206 89 351 266; 259 89 352 202; 206 89 351 266; 

6\6_169_169361.jpg
300 400
62 38 204 385; 64 36 206 388; 58 41 203 383; 57 37 206 386; 36 40 249 342; 66 45 204 356; 59 36 206 385; 59 36 205 385; 59 36 206 385; 

6\6_169_169367.jpg
400 300
40 102 329 248; 43 105 328 245; 41 104 329 242; 42 102 331 241; 46 99 336 249; 42 103 329 242; 42 102 331 241; 42 102 331 241; 42 102 331 241; 

6\6_169_169368.jpg
400 300
50 110 334 254; 48 112 336 251; 48 109 334 252; 48 109 334 249; 46 112 339 242; 47 111 334 249; 49 109 334 250; 49 109 334 250; 49 109 334 250; 

6\6_169_169397.jpg
400 355
156 96 304 301; 156 95 308 302; 157 98 307 304; 154 97 307 304; 150 105 317 309; 154 98 309 304; 155 98 309 302; 155 98 309 306; 155 98 309 302; 

6\6_169_169476.jpg
266 400
23 34 252 269; 25 34 254 281; 26 32 251 260; 26 32 253 282; 38 46 251 261; 49 162 250 278; 46 162 251 280; 46 162 250 281; 46 162 251 280; 

6\6_169_169491.jpg
400 284
192 39 361 258; 192 37 362 252; 189 36 364 251; 189 36 363 254; 199 43 362 266; 187 152 364 253; 188 34 364 253; 188 34 364 253; 188 34 364 253; 

6\6_169_169526.jpg
400 266
24 72 286 253; 27 72 289 255; 26 72 286 256; 28 70 288 261; 25 74 308 255; 27 70 291 261; 28 72 289 254; 28 128 272 254; 28 72 289 254; 

6\6_169_169536.jpg
400 288
60 44 328 269; 66 43 331 272; 60 43 328 268; 62 44 327 270; 58 52 341 272; 61 45 328 271; 62 44 327 270; 62 44 327 270; 62 44 327 270; 

6\6_169_169538.jpg
266 400
84 80 239 214; 87 78 239 213; 86 79 238 211; 86 79 239 214; 101 74 232 206; 86 79 239 213; 86 79 239 214; 86 79 239 214; 86 79 239 214; 

6\6_169_169616.jpg
400 268
238 62 358 238; 238 62 361 242; 237 64 361 243; 238 63 360 244; 211 73 368 227; 238 64 360 243; 239 65 361 242; 239 65 361 242; 239 65 361 242; 

6\6_169_169631.jpg
400 324
94 72 318 308; 92 75 319 304; 94 74 319 304; 92 75 320 305; 79 65 338 286; 93 74 319 292; 92 75 320 306; 94 75 320 306; 92 75 320 306; 

6\6_169_169647.jpg
400 265
34 82 338 175; 32 83 344 176; 34 84 343 174; 32 83 342 179; 26 72 356 194; 32 84 343 177; 32 84 343 178; 32 84 343 178; 32 84 343 178; 

6\6_169_169667.jpg
300 400
10 50 238 230; 7 55 239 231; 8 56 239 228; 9 53 238 229; 19 61 248 227; 107 145 153 201; 8 54 238 229; 8 54 238 229; 8 54 238 229; 

6\6_169_169686.jpg
345 400
59 54 281 346; 58 46 276 354; 55 46 281 351; 55 45 282 352; 54 77 306 339; 53 66 168 183; 55 46 168 184; 55 46 283 352; 55 46 283 353; 

6\6_169_169688.jpg
285 399
165 114 275 354; 166 114 279 361; 165 117 280 359; 166 114 281 357; 148 112 284 362; 165 115 281 338; 166 115 280 359; 166 115 280 359; 166 115 280 359; 

6\6_169_169901.jpg
400 266
232 58 348 251; 234 56 348 251; 234 54 348 245; 234 54 348 248; 231 56 355 249; 265 55 312 122; 234 54 350 248; 234 54 347 248; 234 54 350 248; 

6\6_169_169936.jpg
400 266
192 4 371 214; 189 6 370 215; 193 5 368 213; 191 6 371 217; 165 22 381 216; 191 6 369 216; 189 6 372 216; 189 6 369 216; 189 6 372 216; 

6\6_170_170047.jpg
399 367
62 85 360 307; 66 82 367 304; 64 88 362 305; 64 87 366 311; 61 91 365 294; 67 81 366 309; 67 87 365 308; 67 87 365 308; 67 87 365 308; 

6\6_170_170061.jpg
400 266
138 68 284 262; 139 71 286 266; 137 74 282 266; 138 73 284 266; 155 72 288 265; 161 71 252 162; 137 72 284 266; 137 72 284 266; 137 72 284 266; 

6\6_170_170079.jpg
400 377
68 66 214 241; 71 69 216 241; 69 69 214 238; 71 69 214 241; 72 72 216 234; 69 69 213 239; 70 69 216 241; 70 69 216 241; 70 69 216 241; 

6\6_170_170155.jpg
302 400
12 50 284 310; 11 51 289 309; 11 49 288 309; 11 49 288 312; 18 56 284 323; 150 158 288 310; 9 48 134 196; 9 48 289 312; 9 48 289 311; 

6\6_170_170160.jpg
400 300
166 12 342 290; 172 11 343 292; 171 12 339 290; 171 12 343 290; 152 21 353 281; 171 16 342 284; 173 11 344 289; 173 11 344 289; 173 11 344 289; 

6\6_170_170170.jpg
400 305
114 78 364 283; 114 73 368 283; 114 76 367 282; 115 72 367 287; 106 71 372 285; 153 112 365 284; 114 74 365 284; 114 74 365 284; 114 74 365 284; 

6\6_170_170247.jpg
400 341
32 31 344 269; 27 32 349 274; 29 31 346 274; 28 31 348 275; 22 25 349 276; 26 37 348 275; 27 31 347 276; 27 31 347 276; 27 31 347 276; 

6\6_170_170273.jpg
400 274
62 26 272 238; 65 23 276 234; 65 24 281 241; 65 24 279 240; 62 22 286 252; 63 24 279 241; 65 25 281 242; 65 25 281 242; 65 25 281 242; 

6\6_170_170375.jpg
400 278
48 48 182 228; 46 49 182 234; 49 51 182 231; 48 49 182 236; 61 44 186 223; 49 51 182 236; 47 49 182 236; 47 49 182 236; 47 49 182 236; 

6\6_170_170471.jpg
400 266
24 34 368 171; 26 33 374 165; 26 35 379 165; 26 34 378 164; 33 33 362 171; 26 35 376 164; 24 35 378 164; 24 35 378 164; 24 35 376 164; 

6\6_170_170474.jpg
292 400
72 176 221 276; 74 178 221 280; 74 177 221 279; 74 178 221 281; 77 168 220 268; 74 178 221 282; 74 178 221 282; 74 178 221 282; 74 178 221 282; 

6\6_170_170540.jpg
400 268
142 56 238 229; 142 57 237 226; 145 56 236 228; 145 56 236 228; 136 56 249 225; 144 56 234 226; 144 57 236 227; 144 57 236 227; 144 57 236 227; 

6\6_170_170554.jpg
400 268
12 78 384 194; 5 80 389 199; 11 79 388 198; 7 79 386 198; 11 76 394 205; 9 79 386 197; 5 79 390 197; 5 79 387 197; 5 79 390 197; 

6\6_170_170601.jpg
400 320
34 59 382 224; 16 56 381 225; 12 58 379 224; 12 58 379 222; 39 61 381 233; 21 58 379 224; 11 58 379 224; 11 58 379 224; 11 58 379 224; 

6\6_170_170674.jpg
400 251
54 18 290 248; 54 18 291 249; 55 19 289 249; 54 18 290 251; 77 21 308 251; 53 31 139 211; 54 18 289 251; 54 18 289 251; 54 18 289 251; 

6\6_170_170722.jpg
346 400
25 264 179 396; 26 265 182 393; 27 267 181 394; 26 265 180 393; 25 259 171 385; 37 264 181 342; 25 265 181 393; 25 265 181 393; 25 265 181 393; 

6\6_170_170744.jpg
400 296
80 32 350 227; 85 32 349 227; 81 32 349 228; 81 32 348 229; 89 25 346 247; 81 33 349 228; 81 32 349 230; 81 32 348 229; 81 32 349 228; 

6\6_170_170745.jpg
400 370
94 54 374 256; 98 56 375 260; 97 56 375 259; 96 55 374 259; 96 74 371 247; 97 55 374 258; 96 55 376 259; 96 55 376 259; 96 55 376 259; 

6\6_170_170862.jpg
300 400
10 96 200 320; 12 104 199 322; 9 104 201 321; 9 104 200 322; 26 118 206 322; 9 104 201 322; 8 106 202 321; 8 106 202 321; 8 106 202 321; 

6\6_170_170880.jpg
400 263
36 164 376 253; 45 162 379 251; 40 162 369 248; 44 163 378 251; 39 160 377 232; 44 164 377 251; 36 164 379 251; 36 164 379 251; 36 164 379 251; 

6\6_170_170883.jpg
400 266
122 52 292 209; 122 52 291 208; 124 51 289 212; 123 51 293 212; 118 52 305 216; 122 51 292 209; 124 51 294 212; 124 51 294 212; 124 51 292 212; 

6\6_170_170933.jpg
278 400
4 168 172 393; 3 170 174 399; 21 170 170 268; 3 170 172 400; 32 166 163 269; 21 171 171 320; 21 171 172 271; 21 171 172 270; 1 171 172 398; 

6\6_171_171024.jpg
400 266
118 58 310 227; 119 59 304 226; 121 56 307 227; 119 59 306 226; 105 60 295 233; 118 57 308 228; 118 58 308 228; 118 58 308 228; 118 58 308 228; 

6\6_171_171096.jpg
400 265
32 116 162 223; 32 113 163 224; 32 117 162 226; 31 119 162 226; 31 114 166 225; 31 102 181 224; 31 118 163 226; 31 118 163 226; 31 118 163 226; 

6\6_171_171145.jpg
400 266
270 6 396 142; 271 0 398 142; 271 0 398 141; 271 1 400 141; 281 2 396 151; 270 2 378 142; 269 1 399 142; 269 1 399 142; 269 1 399 142; 

6\6_171_171163.jpg
400 259
116 32 348 185; 118 34 351 180; 118 34 349 175; 118 34 351 179; 146 32 355 191; 170 34 350 179; 117 34 351 178; 117 34 351 178; 117 34 351 178; 

6\6_171_171169.jpg
400 266
145 138 398 265; 147 137 398 265; 148 136 399 266; 148 136 400 266; 127 129 396 267; 147 136 379 266; 149 136 400 266; 149 136 400 266; 149 136 400 266; 

6\6_171_171234.jpg
400 266
131 80 240 266; 129 79 241 266; 129 81 239 266; 128 81 239 266; 130 76 238 261; 130 81 238 266; 128 81 239 266; 128 81 239 266; 128 81 239 266; 

6\6_171_171274.jpg
400 283
210 181 382 256; 204 183 382 254; 209 182 381 256; 204 182 382 255; 199 166 388 259; 208 184 379 257; 205 184 381 256; 205 184 381 256; 205 184 381 256; 

6\6_171_171354.jpg
400 260
0 153 110 259; 1 156 113 260; 20 158 85 237; 1 158 111 260; 1 149 109 260; 21 158 113 260; 0 158 110 260; 0 158 110 260; 0 158 110 260; 

6\6_171_171506.jpg
391 400
218 176 370 380; 218 179 369 379; 218 181 369 377; 218 181 370 380; 225 180 372 368; 218 180 370 333; 218 181 370 378; 218 181 370 378; 218 181 370 378; 

6\6_171_171556.jpg
399 305
100 58 210 225; 105 56 211 225; 106 59 210 218; 104 59 211 228; 105 55 212 210; 103 58 210 224; 103 58 211 225; 103 65 210 192; 104 58 211 225; 

6\6_171_171590.jpg
400 300
60 50 332 296; 59 48 334 298; 83 66 234 176; 61 46 332 300; 72 63 332 293; 86 67 233 182; 60 48 334 300; 60 48 334 300; 60 48 334 300; 

6\6_171_171592.jpg
400 300
18 71 384 258; 19 71 387 256; 16 71 387 256; 17 71 386 254; 33 72 388 248; 23 71 379 253; 17 71 386 254; 17 71 386 254; 17 71 386 254; 

6\6_171_171620.jpg
400 300
29 82 380 224; 32 79 382 229; 32 81 382 219; 32 80 382 230; 33 91 384 216; 31 81 378 229; 31 81 384 229; 31 81 381 229; 31 81 384 229; 

6\6_171_171631.jpg
400 266
146 82 244 258; 145 82 250 256; 146 84 249 256; 148 84 249 256; 153 78 244 258; 146 84 249 255; 145 84 249 256; 146 84 249 256; 145 84 249 256; 

6\6_171_171739.jpg
285 400
104 82 254 355; 101 84 259 350; 103 84 258 351; 102 83 256 353; 109 88 233 350; 121 81 256 328; 101 82 257 355; 101 82 257 355; 101 82 257 355; 

6\6_171_171771.jpg
266 400
74 90 263 396; 76 89 265 398; 74 88 266 390; 75 88 266 400; 81 81 263 364; 75 88 186 248; 76 89 186 254; 76 89 186 254; 76 89 186 261; 

6\6_171_171866.jpg
400 277
54 12 302 256; 51 11 304 266; 51 12 301 263; 51 11 302 264; 46 25 298 252; 48 11 302 264; 50 11 303 265; 50 11 303 265; 50 11 303 265; 

6\6_171_171885.jpg
400 300
128 122 270 222; 122 123 269 222; 123 124 268 221; 122 122 268 222; 116 122 281 236; 122 122 269 221; 121 124 268 221; 121 124 268 221; 121 124 268 221; 

6\6_171_171936.jpg
400 325
106 24 216 319; 103 22 218 309; 104 21 216 309; 106 23 217 309; 108 31 223 314; 107 29 216 296; 104 21 216 312; 104 21 216 309; 104 21 216 312; 

6\6_171_171964.jpg
400 266
106 14 354 237; 108 11 359 239; 109 12 356 241; 110 11 358 240; 111 31 341 238; 109 12 357 240; 109 13 357 241; 109 13 357 241; 109 13 357 241; 

6\6_172_172009.jpg
266 400
49 40 238 378; 49 38 234 379; 50 39 234 379; 49 38 246 381; 59 64 237 369; 50 66 232 334; 104 39 193 136; 95 39 193 144; 89 39 193 151; 

6\6_172_172101.jpg
400 300
91 60 289 296; 94 63 287 291; 94 64 286 300; 95 64 286 300; 111 57 282 296; 95 64 286 284; 96 64 284 300; 96 64 284 300; 96 64 284 300; 

6\6_172_172328.jpg
400 324
104 20 216 311; 106 19 215 310; 102 19 217 309; 102 18 217 314; 116 29 233 324; 101 28 217 295; 103 20 218 313; 103 20 218 313; 103 20 218 313; 

6\6_172_172511.jpg
266 400
141 31 244 363; 140 32 246 359; 141 31 246 360; 139 32 246 361; 142 33 252 367; 141 66 246 333; 141 32 246 359; 141 32 246 359; 141 32 246 359; 

6\6_172_172514.jpg
300 399
59 154 256 393; 61 149 256 400; 62 149 252 393; 62 151 255 400; 60 131 244 380; 63 151 255 335; 62 152 254 400; 62 152 254 400; 62 152 254 400; 

6\6_172_172558.jpg
400 265
28 24 264 261; 21 24 266 265; 21 25 263 266; 13 25 263 265; 44 25 252 258; 28 26 264 265; 158 25 263 86; 153 25 263 89; 152 25 263 94; 

6\6_172_172573.jpg
400 300
18 88 372 246; 16 91 378 242; 16 89 376 243; 16 88 374 241; 36 72 378 262; 22 148 184 216; 18 89 376 241; 18 89 376 241; 18 89 376 241; 

6\6_172_172668.jpg
308 400
42 50 266 348; 46 45 267 333; 46 48 268 339; 45 48 269 334; 41 23 280 358; 45 46 270 344; 45 47 268 335; 45 47 269 349; 45 47 268 335; 

6\6_172_172678.jpg
400 266
58 8 298 263; 58 8 306 266; 58 5 301 266; 55 6 302 266; 50 31 300 256; 56 7 303 265; 57 7 302 266; 57 7 302 266; 57 7 302 266; 

6\6_172_172688.jpg
400 319
32 6 246 313; 29 3 246 319; 33 1 244 319; 32 1 245 319; 44 6 238 305; 32 25 246 292; 31 2 246 319; 109 0 199 88; 31 2 246 319; 

6\6_172_172693.jpg
400 300
108 10 282 230; 109 14 284 229; 111 6 284 229; 111 6 284 229; 96 36 273 230; 112 19 286 230; 112 7 284 229; 112 11 284 229; 112 7 284 229; 

6\6_172_172700.jpg
400 323
4 51 274 297; 6 49 276 306; 4 51 276 304; 5 52 278 301; 3 51 278 302; 21 51 277 296; 4 50 279 308; 4 50 276 308; 4 50 279 308; 

6\6_172_172745.jpg
400 266
54 26 292 188; 54 28 294 190; 54 28 217 150; 55 28 294 190; 62 24 232 151; 54 28 294 189; 54 28 294 189; 54 28 294 189; 54 28 294 189; 

6\6_172_172802.jpg
300 400
114 185 234 378; 112 182 240 376; 115 183 241 378; 116 184 240 378; 104 176 241 356; 114 183 235 334; 114 184 239 379; 114 184 239 379; 114 184 239 379; 

6\6_172_172842.jpg
400 300
198 100 364 268; 201 102 367 270; 200 101 364 272; 200 101 365 273; 202 105 364 265; 199 102 365 273; 200 102 365 271; 200 102 365 271; 200 102 365 271; 

6\6_172_172922.jpg
400 320
43 78 203 317; 40 78 207 320; 42 81 206 319; 42 80 205 320; 46 83 190 320; 42 79 203 303; 43 79 205 320; 43 79 205 320; 43 79 205 320; 

6\6_172_172926.jpg
400 266
124 22 364 257; 126 21 363 258; 123 9 363 255; 122 11 362 256; 138 25 363 251; 121 11 362 259; 122 21 348 257; 122 10 362 257; 122 21 348 257; 

6\6_172_172963.jpg
266 400
42 41 206 376; 43 44 209 378; 43 46 207 387; 42 43 207 388; 66 54 202 361; 49 67 208 332; 42 43 208 387; 42 43 208 387; 42 43 208 387; 

6\6_173_173010.jpg
266 400
44 132 234 284; 46 135 232 284; 48 135 231 282; 48 136 231 286; 48 130 233 278; 48 138 231 284; 48 136 231 285; 48 136 231 285; 48 136 231 285; 

6\6_173_173092.jpg
320 400
116 54 271 202; 109 56 274 203; 137 115 183 171; 108 54 273 201; 109 106 188 183; 111 116 183 194; 109 114 189 193; 109 114 258 193; 109 39 272 193; 

6\6_173_173102.jpg
400 266
50 18 248 200; 45 17 247 203; 43 16 246 204; 43 18 249 202; 49 17 232 210; 45 16 248 202; 45 16 248 204; 45 16 248 204; 45 16 248 204; 

6\6_173_173107.jpg
302 400
156 35 266 398; 155 32 267 398; 152 33 271 394; 156 35 267 400; 151 49 273 377; 158 66 264 333; 173 34 252 166; 156 34 266 399; 167 34 255 271; 

6\6_173_173119.jpg
400 266
6 26 251 265; 1 26 257 266; 1 27 256 267; 2 27 257 266; 26 16 255 266; 21 26 258 266; 66 26 142 112; 66 26 142 114; 66 26 142 134; 

6\6_173_173175.jpg
400 311
82 72 324 282; 74 71 326 279; 74 71 325 276; 74 72 326 280; 72 95 324 284; 74 69 326 284; 74 71 326 279; 74 71 326 276; 74 71 326 279; 

6\6_173_173190.jpg
400 300
16 30 218 182; 13 29 218 182; 13 30 217 181; 14 30 217 181; 14 28 222 181; 22 30 215 181; 13 29 218 182; 13 29 218 182; 13 29 218 182; 

6\6_173_173247.jpg
400 256
44 104 202 232; 46 107 206 234; 48 106 203 235; 49 106 203 235; 22 104 204 239; 47 106 202 234; 49 107 204 234; 49 107 204 234; 49 107 204 234; 

6\6_173_173323.jpg
400 292
104 51 346 288; 103 52 351 292; 107 53 351 292; 107 52 351 292; 119 55 357 288; 203 53 275 154; 106 52 351 292; 106 52 351 292; 106 52 351 292; 

6\6_173_173461.jpg
303 400
91 66 261 308; 89 67 266 304; 91 67 264 292; 89 68 266 310; 75 58 285 296; 89 68 263 303; 90 68 167 134; 90 68 264 305; 90 68 302 305; 

6\6_173_173567.jpg
400 300
91 106 246 257; 76 106 246 256; 78 107 246 256; 78 107 246 257; 80 105 262 260; 77 107 246 256; 79 108 246 256; 79 108 246 256; 79 108 246 256; 

6\6_173_173657.jpg
400 324
174 112 356 311; 176 111 356 316; 174 112 356 315; 175 114 356 315; 161 123 364 304; 174 113 356 295; 177 112 357 314; 177 112 357 314; 177 112 357 314; 

6\6_173_173675.jpg
400 283
174 29 393 281; 169 36 400 282; 169 32 400 282; 171 33 400 282; 191 46 397 281; 258 33 364 139; 171 32 400 282; 171 32 400 282; 171 32 400 282; 

6\6_173_173705.jpg
400 271
144 18 394 212; 139 22 395 211; 142 22 394 211; 142 21 396 211; 149 26 387 208; 142 22 377 211; 142 21 396 213; 142 21 396 213; 142 21 396 213; 

6\6_173_173708.jpg
400 266
70 16 280 235; 68 16 281 233; 68 17 281 235; 66 16 281 235; 68 32 292 229; 64 17 281 235; 66 18 282 234; 66 18 282 234; 66 18 282 234; 

6\6_173_173709.jpg
400 266
90 24 326 221; 90 24 329 221; 91 24 330 218; 92 26 328 221; 58 34 335 216; 92 26 331 221; 91 26 331 221; 91 26 331 221; 91 26 331 221; 

6\6_173_173740.jpg
300 400
64 4 254 294; 62 6 252 274; 66 11 254 272; 64 6 252 274; 46 34 258 271; 64 66 251 274; 64 4 251 272; 64 4 251 272; 64 4 251 272; 

6\6_173_173794.jpg
400 292
10 124 213 291; 10 121 215 284; 11 122 212 284; 8 121 215 292; 12 121 214 292; 21 123 215 281; 9 122 214 284; 9 122 214 284; 9 122 214 284; 

6\6_173_173847.jpg
266 400
64 59 177 366; 66 60 177 362; 64 58 170 361; 64 58 171 362; 62 49 172 365; 66 67 170 332; 65 58 170 362; 65 58 170 362; 65 58 170 362; 

6\6_174_174049.jpg
260 400
32 34 204 364; 34 32 204 362; 34 34 201 362; 34 32 201 365; 26 46 206 349; 89 66 201 128; 103 34 198 126; 33 34 201 365; 93 34 198 126; 

6\6_174_174050.jpg
260 400
32 34 204 364; 33 32 201 364; 33 32 201 361; 33 34 202 366; 44 48 205 352; 85 66 202 129; 34 34 202 366; 34 34 202 365; 34 34 202 366; 

6\6_174_174086.jpg
400 326
74 48 271 197; 71 49 271 196; 73 49 272 193; 72 50 273 196; 69 56 271 184; 73 49 274 196; 73 49 274 194; 73 49 274 194; 73 49 274 194; 

6\6_174_174161.jpg
266 400
86 22 247 254; 92 19 249 255; 92 22 249 252; 90 21 250 254; 48 52 247 252; 79 66 250 256; 92 21 250 254; 91 21 250 254; 92 21 250 254; 

6\6_174_174175.jpg
303 400
103 45 223 349; 102 47 219 351; 103 47 217 351; 103 47 218 351; 89 54 260 343; 103 57 216 341; 103 45 217 353; 103 46 217 353; 103 45 217 353; 

6\6_174_174181.jpg
318 400
70 114 238 348; 62 116 237 351; 70 116 238 347; 68 114 238 351; 86 92 237 346; 73 116 239 334; 67 114 238 351; 67 114 238 351; 67 114 238 351; 

6\6_174_174201.jpg
400 241
63 112 212 238; 56 112 215 238; 66 112 194 195; 58 112 214 237; 48 105 208 195; 67 112 213 196; 68 124 194 194; 68 124 211 194; 68 112 194 194; 

6\6_174_174252.jpg
400 300
184 21 356 278; 176 22 360 281; 178 22 358 281; 178 22 358 281; 166 20 345 270; 176 21 358 281; 178 21 358 281; 178 21 358 281; 178 21 358 281; 

6\6_174_174253.jpg
399 305
184 34 372 177; 183 29 373 178; 184 31 372 178; 184 30 372 177; 168 32 394 163; 184 30 373 179; 185 30 374 177; 185 30 374 177; 185 30 374 177; 

6\6_174_174261.jpg
399 304
34 84 328 264; 34 83 330 267; 34 87 328 264; 34 87 328 266; 44 79 336 276; 33 86 330 266; 33 86 328 264; 33 86 328 264; 33 86 328 264; 

6\6_174_174321.jpg
400 300
131 80 329 240; 128 82 330 241; 132 84 329 241; 131 82 329 241; 96 61 336 229; 126 83 329 241; 132 82 329 241; 132 82 329 241; 132 82 329 241; 

6\6_174_174330.jpg
400 287
114 111 392 286; 112 105 399 287; 113 108 399 288; 115 107 400 288; 126 127 398 282; 112 108 379 277; 114 108 400 288; 114 108 400 288; 114 108 400 288; 

6\6_174_174336.jpg
400 300
102 68 290 266; 99 66 291 269; 102 67 289 269; 103 67 290 269; 111 74 271 251; 164 124 262 222; 103 66 289 268; 103 66 289 268; 103 66 289 268; 

6\6_174_174349.jpg
400 299
126 135 230 293; 127 137 230 299; 127 138 228 299; 128 138 229 299; 133 129 230 292; 128 138 227 282; 129 138 228 299; 129 138 228 299; 129 138 228 299; 

6\6_174_174394.jpg
266 400
29 155 253 322; 29 155 261 331; 31 155 260 320; 30 156 262 327; 29 160 232 321; 29 155 261 327; 29 155 261 327; 29 155 261 327; 29 155 261 327; 

6\6_174_174395.jpg
400 266
176 22 371 251; 180 26 380 251; 179 25 379 251; 181 26 380 251; 178 24 379 251; 179 26 379 251; 179 25 381 252; 179 25 381 252; 179 25 381 252; 

6\6_174_174475.jpg
400 266
104 22 310 242; 104 24 311 242; 107 24 306 242; 104 24 310 243; 80 29 344 232; 104 23 310 244; 105 24 310 244; 105 24 310 244; 105 24 310 244; 

6\6_174_174476.jpg
400 400
15 41 261 288; 18 45 262 289; 17 47 260 284; 18 43 264 286; 42 74 260 292; 21 67 262 286; 17 42 262 286; 17 42 262 286; 17 42 262 286; 

6\6_174_174480.jpg
266 400
26 30 247 264; 24 31 249 266; 26 32 249 266; 25 32 247 264; 36 39 253 268; 23 66 249 266; 24 32 248 264; 24 32 248 264; 24 32 248 264; 

6\6_174_174534.jpg
399 299
176 137 353 266; 181 139 351 265; 183 139 350 263; 181 140 351 263; 159 122 358 267; 182 139 350 263; 184 140 350 264; 183 139 350 264; 184 140 350 264; 

6\6_174_174563.jpg
400 400
74 98 278 320; 75 94 279 322; 77 94 281 319; 74 96 278 320; 44 92 312 300; 73 95 278 321; 73 96 279 321; 73 96 279 321; 73 96 279 321; 

6\6_174_174684.jpg
400 300
118 34 369 273; 120 31 374 275; 119 31 370 272; 120 34 357 274; 99 19 389 236; 118 31 375 275; 120 32 376 274; 120 32 374 274; 120 32 356 274; 

6\6_174_174747.jpg
300 400
0 136 183 396; 2 129 182 400; 57 129 134 236; 1 128 184 400; 42 132 139 221; 56 127 136 238; 56 129 135 236; 0 129 183 400; 56 129 183 254; 

6\6_174_174769.jpg
400 300
64 61 376 222; 63 64 380 226; 69 64 376 216; 64 64 378 225; 84 77 358 208; 62 64 376 224; 62 64 380 226; 62 64 380 226; 62 64 380 226; 

6\6_174_174805.jpg
400 266
96 29 373 222; 98 28 374 221; 103 27 372 222; 100 27 373 219; 93 37 377 176; 99 25 373 221; 99 28 373 221; 99 28 373 221; 99 28 373 221; 

6\6_174_174861.jpg
310 400
96 26 282 287; 106 26 283 289; 107 27 281 289; 108 26 282 291; 113 48 279 266; 116 66 282 291; 109 28 283 291; 109 28 283 291; 109 28 283 291; 

6\6_174_174938.jpg
297 400
81 16 248 386; 81 17 239 382; 82 16 250 383; 79 16 250 384; 84 39 233 375; 79 67 239 333; 80 16 248 383; 80 16 248 383; 80 16 248 383; 

6\6_174_174960.jpg
400 300
60 104 366 168; 64 106 359 168; 62 104 359 166; 62 104 362 166; 71 81 377 183; 62 104 360 167; 62 104 359 166; 62 104 359 166; 62 104 359 166; 

6\6_174_174967.jpg
400 306
92 116 264 286; 91 114 266 294; 94 116 265 292; 93 116 266 290; 65 99 283 268; 92 116 266 287; 94 116 266 289; 94 116 266 289; 94 116 266 289; 

6\6_174_174973.jpg
350 400
118 4 286 181; 117 6 286 188; 116 11 284 181; 116 8 285 187; 162 39 316 206; 116 66 288 189; 116 6 286 189; 116 6 286 189; 116 6 286 189; 

6\6_174_174986.jpg
400 288
21 28 221 287; 22 21 211 288; 66 25 197 162; 21 25 216 288; 49 46 218 283; 68 25 212 164; 68 27 184 163; 68 27 193 163; 68 27 184 163; 

6\6_174_174998.jpg
260 400
32 32 202 364; 34 34 202 366; 34 33 201 359; 36 34 201 364; 28 44 209 335; 91 66 201 129; 96 33 201 126; 33 33 201 365; 80 33 201 145; 

6\6_175_175009.jpg
400 266
75 44 358 222; 75 39 364 227; 74 40 364 227; 74 41 363 231; 78 53 373 217; 74 40 363 227; 75 41 362 226; 75 41 362 226; 75 41 362 226; 

6\6_175_175026.jpg
285 400
92 106 197 272; 92 104 199 282; 92 106 199 276; 92 106 199 281; 79 105 211 261; 90 106 198 280; 91 106 198 281; 91 106 198 281; 91 106 198 281; 

6\6_175_175085.jpg
399 266
72 12 306 248; 70 8 306 248; 70 9 309 248; 72 9 307 249; 93 25 319 230; 71 9 306 249; 72 10 305 249; 72 10 305 249; 72 10 305 249; 

6\6_175_175104.jpg
400 266
48 32 322 264; 46 16 328 266; 123 15 216 157; 47 16 326 266; 64 18 282 266; 122 15 216 158; 124 16 216 157; 124 16 216 157; 124 16 216 157; 

6\6_175_175106.jpg
266 400
18 24 164 387; 21 25 164 387; 19 26 162 384; 21 23 164 387; 21 37 161 361; 21 66 163 333; 20 23 164 387; 20 23 164 387; 20 23 164 387; 

6\6_175_175174.jpg
266 400
51 92 205 278; 52 96 204 278; 54 95 202 274; 53 95 204 278; 69 92 199 274; 54 96 203 276; 54 96 204 276; 54 96 204 276; 54 96 204 276; 

6\6_175_175203.jpg
320 400
36 20 254 349; 36 17 258 353; 34 19 258 349; 36 20 259 349; 23 41 272 335; 35 58 259 343; 35 21 257 348; 35 21 257 348; 35 21 257 348; 

6\6_175_175269.jpg
340 400
99 91 228 330; 93 89 228 338; 94 89 228 336; 93 89 228 338; 87 80 247 329; 94 88 228 332; 94 88 227 338; 94 88 227 338; 94 88 227 338; 

6\6_175_175275.jpg
300 400
24 258 261 394; 25 259 261 400; 26 260 259 392; 28 259 261 400; 44 253 254 367; 47 259 256 334; 26 259 262 400; 26 259 262 400; 26 259 262 400; 

6\6_175_175335.jpg
400 266
64 18 214 230; 64 11 215 235; 67 22 216 188; 66 14 213 234; 64 20 231 184; 68 12 212 234; 62 16 220 234; 65 16 213 234; 67 16 216 234; 

6\6_175_175466.jpg
285 400
139 162 251 336; 134 166 249 338; 133 164 249 317; 134 165 249 337; 132 171 258 320; 134 166 249 332; 132 165 249 338; 132 165 249 338; 132 165 249 338; 

6\6_175_175479.jpg
400 390
82 42 320 342; 81 41 322 344; 81 41 322 343; 81 42 321 342; 71 66 318 332; 81 62 321 328; 81 42 322 342; 81 42 322 342; 81 42 322 342; 

6\6_175_175480.jpg
400 266
76 28 282 249; 78 27 285 252; 76 26 284 250; 78 27 284 250; 64 44 288 233; 76 28 284 250; 77 27 284 251; 77 27 284 251; 77 27 284 251; 

6\6_175_175481.jpg
400 372
78 58 308 262; 79 59 309 264; 81 59 311 264; 79 61 309 264; 86 70 295 270; 78 59 309 265; 80 60 308 264; 80 60 308 264; 80 60 308 264; 

6\6_175_175506.jpg
320 400
45 96 284 266; 49 96 286 267; 49 97 284 269; 51 97 284 265; 32 94 296 250; 50 97 284 267; 51 98 284 266; 51 98 284 266; 51 98 284 266; 

6\6_175_175528.jpg
400 300
174 38 364 196; 178 38 365 200; 175 38 364 201; 176 37 366 198; 184 33 364 213; 176 37 364 199; 176 38 366 200; 176 38 366 200; 176 38 366 200; 

6\6_175_175578.jpg
400 300
40 8 376 220; 41 9 378 222; 42 9 379 223; 41 9 378 221; 42 18 378 225; 42 17 377 221; 41 9 379 221; 41 9 379 221; 41 9 379 221; 

6\6_175_175647.jpg
400 320
128 35 348 280; 131 34 348 284; 129 34 347 281; 131 35 348 284; 146 38 364 290; 131 36 349 282; 129 34 245 104; 129 34 348 282; 129 34 350 284; 

6\6_175_175670.jpg
400 266
99 82 174 238; 99 83 172 235; 100 82 172 236; 100 82 172 236; 77 79 196 233; 99 81 173 235; 100 81 172 235; 100 81 172 235; 100 81 172 235; 

6\6_175_175676.jpg
266 400
10 98 250 360; 6 96 259 355; 9 99 259 352; 8 98 259 356; 30 84 243 336; 15 98 260 333; 8 98 260 356; 8 98 260 356; 8 98 260 356; 

6\6_175_175726.jpg
400 266
66 58 302 248; 80 58 304 250; 79 58 302 242; 81 56 302 248; 69 59 316 245; 108 121 302 242; 80 62 304 241; 80 61 304 241; 80 62 304 241; 

6\6_175_175807.jpg
266 400
58 197 210 357; 53 197 212 354; 51 196 211 354; 54 198 211 354; 86 181 211 349; 101 198 212 332; 53 198 211 354; 53 198 211 354; 53 198 211 354; 

6\6_175_175967.jpg
266 400
54 36 159 378; 55 31 154 379; 53 32 156 377; 54 32 155 376; 58 39 154 359; 53 66 156 332; 54 32 155 376; 54 32 155 376; 54 32 155 376; 

6\6_175_175973.jpg
400 399
38 14 286 297; 39 15 294 300; 41 16 288 299; 39 16 295 301; 37 42 278 311; 39 65 293 300; 40 13 287 298; 40 13 287 300; 40 13 287 298; 

6\6_176_176020.jpg
275 400
42 138 192 362; 40 137 194 364; 41 138 194 364; 42 138 194 364; 49 144 189 366; 76 138 179 251; 42 137 194 364; 42 137 194 364; 42 137 194 364; 

6\6_176_176068.jpg
400 300
68 22 326 262; 71 12 330 263; 76 21 322 264; 72 19 323 264; 76 36 323 243; 68 24 328 264; 91 34 312 248; 91 34 312 252; 91 32 314 248; 

6\6_176_176075.jpg
400 320
32 34 212 232; 36 38 213 238; 36 38 208 242; 34 38 213 241; 16 47 210 207; 34 39 212 241; 34 37 212 240; 34 37 212 240; 34 37 212 240; 

6\6_176_176121.jpg
400 304
74 24 340 281; 77 24 341 281; 76 24 342 281; 78 24 341 281; 79 14 349 255; 78 23 341 281; 79 23 340 281; 79 23 340 281; 79 23 340 281; 

6\6_176_176144.jpg
400 300
50 52 342 280; 52 54 341 280; 54 56 342 279; 53 54 341 281; 49 58 364 283; 53 54 343 281; 54 56 342 279; 54 56 342 279; 52 56 342 281; 

6\6_176_176160.jpg
400 305
54 72 342 283; 52 75 344 285; 56 74 344 285; 54 72 344 286; 64 91 367 276; 53 73 344 286; 54 72 342 286; 54 72 342 286; 54 72 342 286; 

6\6_176_176305.jpg
400 290
80 26 278 200; 80 30 276 197; 80 32 276 198; 81 32 278 198; 78 56 296 206; 81 31 276 197; 79 29 276 198; 79 31 276 198; 79 32 276 198; 

6\6_176_176314.jpg
300 400
74 36 253 366; 76 41 250 366; 74 42 248 366; 76 35 249 366; 78 64 258 364; 79 67 244 334; 78 36 251 365; 76 37 251 365; 78 36 251 365; 

6\6_176_176357.jpg
400 266
8 36 258 261; 5 35 262 266; 1 35 259 266; 2 36 261 266; 16 31 246 241; 22 35 262 266; 2 35 261 266; 2 35 261 266; 2 35 261 266; 

6\6_176_176381.jpg
400 320
76 58 182 290; 77 62 180 294; 77 62 174 292; 76 62 179 292; 74 56 193 289; 76 62 179 293; 76 62 181 292; 76 62 181 292; 76 62 181 292; 

6\6_176_176386.jpg
400 268
82 24 306 224; 92 24 305 221; 93 24 303 221; 92 24 304 225; 89 24 302 239; 92 23 304 223; 149 22 248 150; 149 22 248 150; 149 22 248 150; 

6\6_176_176392.jpg
400 370
118 100 374 366; 116 100 376 352; 118 105 374 350; 118 102 374 350; 116 90 399 368; 117 102 374 350; 118 102 374 349; 118 102 374 350; 118 102 374 349; 

6\6_176_176411.jpg
400 335
122 18 274 251; 124 14 274 253; 124 14 272 253; 124 15 273 252; 131 15 271 285; 123 34 273 254; 124 116 274 254; 124 16 275 254; 125 15 273 224; 

6\6_176_176526.jpg
400 400
44 30 374 318; 42 29 366 302; 42 31 366 302; 40 28 368 302; 78 46 362 361; 41 30 366 303; 41 29 370 302; 41 29 368 302; 41 29 370 302; 

6\6_176_176617.jpg
266 400
94 84 249 396; 87 81 246 399; 90 80 246 389; 90 81 245 400; 57 71 264 364; 99 79 220 187; 88 82 244 400; 88 82 246 400; 88 82 245 400; 

6\6_176_176649.jpg
266 400
14 102 216 312; 13 105 216 308; 14 104 220 309; 14 103 218 311; 14 102 210 309; 12 104 219 310; 14 104 219 308; 14 104 219 308; 14 104 219 308; 

6\6_176_176713.jpg
266 400
72 38 198 376; 68 38 199 377; 73 38 198 373; 71 40 199 376; 77 41 209 362; 69 66 199 333; 69 39 198 377; 69 39 198 377; 69 39 198 377; 

6\6_176_176761.jpg
400 303
267 47 388 252; 270 44 386 252; 269 46 384 248; 269 45 386 252; 268 48 389 254; 269 45 379 251; 269 46 387 251; 269 46 386 251; 269 46 387 251; 

6\6_176_176798.jpg
400 266
28 24 227 264; 26 10 225 266; 26 10 224 266; 29 9 224 266; 41 9 244 266; 116 11 208 143; 118 10 208 141; 118 10 208 142; 118 10 208 160; 

6\6_176_176817.jpg
305 400
26 34 209 234; 28 34 206 237; 29 37 208 232; 29 38 210 235; 18 46 213 239; 29 65 208 234; 31 38 209 235; 31 38 209 235; 31 38 209 235; 

6\6_176_176923.jpg
400 266
6 22 142 240; 4 19 146 241; 4 21 144 243; 4 21 144 245; 5 29 169 242; 21 20 144 242; 2 21 144 246; 2 21 144 246; 2 21 144 246; 

6\6_176_176938.jpg
400 266
46 25 281 204; 41 28 286 207; 92 50 241 172; 40 28 287 207; 47 29 286 204; 89 52 243 172; 92 52 242 169; 92 52 242 169; 92 52 242 169; 

6\6_176_176943.jpg
400 200
60 20 220 166; 52 20 221 171; 58 22 216 164; 57 20 218 169; 59 28 225 161; 58 22 220 169; 61 26 212 162; 61 26 212 162; 61 26 214 162; 

6\6_176_176982.jpg
400 296
80 32 349 227; 80 31 350 226; 82 32 349 228; 81 32 348 229; 81 46 369 235; 81 33 349 229; 80 32 350 228; 80 32 350 228; 80 32 350 228; 

6\6_177_177018.jpg
300 400
66 94 244 298; 66 93 246 299; 64 94 247 297; 68 94 248 298; 71 92 255 303; 66 93 247 299; 68 92 246 298; 68 92 246 298; 68 92 246 298; 

6\6_177_177044.jpg
400 266
114 50 338 253; 108 47 339 257; 111 50 341 255; 111 48 340 255; 104 29 336 249; 112 49 339 256; 114 48 341 256; 112 48 341 256; 112 48 341 256; 

6\6_177_177110.jpg
400 263
13 52 226 258; 16 51 230 264; 17 52 229 262; 17 50 230 264; 23 71 252 261; 22 52 229 263; 16 52 229 264; 16 52 229 264; 16 52 229 264; 

6\6_177_177129.jpg
285 400
76 50 191 398; 80 50 189 400; 78 50 195 388; 75 50 194 400; 62 46 203 368; 77 66 194 261; 75 49 193 259; 70 29 204 259; 75 41 193 259; 

6\6_177_177213.jpg
400 286
38 137 198 258; 38 136 196 259; 39 138 194 262; 38 138 197 260; 28 142 203 261; 38 138 196 262; 38 138 196 260; 38 138 196 262; 38 138 196 260; 

6\6_177_177225.jpg
400 248
209 50 336 212; 209 50 341 211; 229 61 341 209; 211 51 341 209; 222 48 336 220; 228 61 339 209; 229 60 340 208; 229 52 340 210; 229 60 339 208; 

6\6_177_177229.jpg
266 400
76 45 229 372; 77 47 227 388; 78 44 229 383; 78 44 228 389; 91 54 232 382; 77 66 225 332; 77 44 228 388; 77 44 228 388; 77 45 228 388; 

6\6_177_177279.jpg
400 308
58 26 292 286; 58 27 292 284; 59 28 292 284; 59 28 293 284; 36 48 363 274; 59 29 292 285; 58 29 291 284; 58 29 291 284; 58 29 291 284; 

6\6_177_177302.jpg
266 400
60 66 251 350; 58 59 259 352; 60 59 258 353; 59 62 259 352; 66 64 241 344; 65 66 259 333; 95 64 174 152; 95 62 174 152; 95 64 174 164; 

6\6_177_177307.jpg
400 360
30 62 319 274; 18 58 321 280; 19 58 322 272; 19 59 322 275; 64 74 328 268; 22 59 322 277; 237 59 323 112; 232 59 323 118; 16 59 323 278; 

6\6_177_177397.jpg
267 400
62 18 219 390; 60 17 220 388; 61 20 221 388; 61 16 219 392; 80 45 217 374; 61 67 219 333; 61 18 220 388; 61 18 220 388; 61 18 220 388; 

6\6_177_177406.jpg
266 400
32 102 197 260; 35 104 198 262; 34 103 198 261; 33 102 198 260; 40 89 211 266; 35 103 198 260; 34 101 199 261; 34 101 199 261; 34 101 199 261; 

6\6_177_177408.jpg
266 400
34 100 197 264; 33 101 198 261; 34 104 199 261; 34 101 198 260; 35 101 208 255; 35 102 197 261; 34 101 197 261; 34 101 197 261; 34 101 197 261; 

6\6_177_177411.jpg
266 400
36 102 197 264; 33 102 198 258; 34 103 198 261; 36 102 198 260; 26 98 202 280; 34 102 198 261; 34 102 198 260; 34 102 198 260; 34 102 198 260; 

6\6_177_177415.jpg
400 301
84 56 352 298; 85 59 352 295; 86 61 353 301; 86 59 353 301; 75 74 364 269; 86 59 353 283; 85 58 353 301; 85 58 353 301; 85 58 353 301; 

6\6_177_177585.jpg
400 300
82 96 286 298; 81 96 284 300; 80 97 284 300; 81 96 283 300; 101 108 288 292; 154 96 218 181; 81 95 284 300; 81 95 284 300; 81 95 284 300; 

6\6_177_177589.jpg
307 400
52 87 226 269; 52 86 226 262; 54 87 215 184; 52 85 228 265; 37 70 234 233; 53 86 215 184; 52 86 224 265; 52 86 222 262; 52 86 224 265; 

6\6_177_177722.jpg
285 400
62 68 215 362; 65 61 216 371; 66 64 217 361; 68 66 216 362; 72 81 248 369; 66 67 215 334; 65 62 215 361; 65 62 215 361; 65 62 215 361; 

6\6_177_177913.jpg
288 400
71 64 206 328; 70 59 209 331; 73 58 207 329; 72 58 207 330; 69 71 198 349; 71 57 206 331; 71 59 208 329; 71 59 207 329; 71 59 208 329; 

6\6_178_178076.jpg
400 300
118 20 336 288; 116 18 334 290; 115 19 334 288; 118 18 335 290; 150 36 342 277; 116 19 335 290; 115 18 335 288; 115 18 335 288; 115 18 335 288; 

6\6_178_178122.jpg
301 400
30 150 179 344; 31 150 180 344; 31 151 179 348; 31 152 178 358; 46 151 191 340; 31 153 180 333; 31 152 178 359; 31 152 178 359; 31 152 178 359; 

6\6_178_178143.jpg
400 266
12 86 322 238; 16 85 319 240; 17 85 319 233; 14 86 320 240; 29 90 332 258; 21 86 319 239; 15 86 318 239; 15 86 318 239; 15 86 318 239; 

6\6_178_178145.jpg
400 266
28 82 286 231; 26 83 289 232; 28 87 289 229; 24 87 289 234; 19 94 324 234; 27 86 288 233; 25 87 288 233; 25 87 288 233; 25 87 288 233; 

6\6_178_178184.jpg
400 295
216 36 334 264; 215 39 338 262; 214 39 337 261; 217 39 337 265; 224 29 349 273; 215 40 337 266; 215 39 338 263; 215 39 338 265; 215 39 338 263; 

6\6_178_178187.jpg
400 266
11 87 386 224; 7 89 384 222; 8 88 381 222; 7 88 383 228; 24 89 366 235; 22 89 379 226; 8 89 383 223; 8 89 383 223; 8 89 383 223; 

6\6_178_178230.jpg
266 400
70 124 172 367; 73 127 175 366; 74 126 173 366; 71 127 173 369; 59 118 178 369; 71 126 168 343; 73 127 175 367; 73 127 175 367; 73 127 175 367; 

6\6_178_178275.jpg
400 266
84 62 204 236; 85 62 199 234; 85 64 198 234; 84 63 198 236; 68 67 202 240; 84 65 196 236; 86 63 196 237; 86 63 196 237; 86 63 196 237; 

6\6_178_178277.jpg
266 400
65 88 171 301; 64 88 168 312; 66 87 166 317; 64 86 168 311; 69 96 185 324; 66 87 168 313; 66 88 169 312; 66 88 169 312; 66 88 169 312; 

6\6_178_178279.jpg
400 266
22 29 255 244; 24 27 254 251; 22 32 254 248; 22 26 256 249; 34 42 284 241; 22 27 254 247; 22 28 254 249; 22 28 254 249; 22 28 254 249; 

6\6_178_178280.jpg
266 400
83 99 240 366; 86 104 247 369; 86 104 245 367; 86 104 246 368; 86 98 253 359; 85 104 244 333; 85 105 246 368; 85 105 246 368; 85 105 246 368; 

6\6_178_178281.jpg
400 266
66 40 222 232; 70 40 222 229; 72 41 220 234; 69 41 222 234; 52 32 234 242; 71 41 222 234; 70 40 223 236; 70 40 223 236; 70 40 223 236; 

6\6_178_178282.jpg
400 266
10 44 245 208; 8 44 244 214; 6 45 246 214; 6 45 244 214; 9 44 255 218; 21 45 244 208; 6 44 244 213; 6 44 244 213; 6 44 244 213; 

6\6_178_178399.jpg
266 400
43 81 184 344; 44 88 187 346; 45 85 184 336; 38 86 186 347; 79 88 199 306; 40 86 185 330; 38 88 185 341; 38 88 185 341; 38 88 185 341; 

6\6_178_178407.jpg
300 400
104 132 211 354; 106 131 209 351; 109 130 208 351; 107 131 208 352; 108 115 208 360; 106 131 208 334; 106 130 208 351; 106 130 208 351; 106 130 208 351; 

6\6_178_178412.jpg
400 300
96 48 390 288; 95 49 396 289; 94 49 393 289; 95 48 396 288; 106 47 388 289; 94 49 379 284; 95 49 396 288; 95 49 396 289; 95 49 396 288; 

6\6_178_178463.jpg
400 290
98 31 284 263; 99 31 283 281; 98 31 283 163; 99 31 285 282; 103 21 276 277; 98 30 284 164; 99 31 284 283; 99 31 284 283; 99 31 284 283; 

6\6_178_178466.jpg
400 362
116 2 269 341; 119 7 263 339; 127 96 155 162; 119 1 265 344; 133 6 265 313; 127 96 157 164; 117 95 265 345; 117 1 265 345; 117 1 265 345; 

6\6_178_178467.jpg
400 268
109 78 334 214; 109 79 337 216; 110 98 255 214; 111 78 337 216; 112 76 341 204; 110 79 336 213; 111 79 336 215; 111 79 336 215; 111 79 336 215; 

6\6_178_178470.jpg
400 291
122 46 261 238; 126 48 266 242; 125 48 264 241; 127 49 264 243; 108 58 288 204; 126 49 262 243; 126 48 264 244; 126 48 264 244; 126 48 264 244; 

6\6_178_178511.jpg
400 302
132 45 392 264; 139 47 399 264; 138 48 398 261; 139 49 399 264; 154 28 386 272; 137 50 400 263; 139 49 399 264; 139 49 399 263; 139 49 399 264; 

6\6_178_178685.jpg
400 300
24 74 378 252; 24 76 381 252; 24 77 380 253; 24 76 381 252; 38 66 382 228; 23 77 380 252; 23 78 379 252; 23 78 379 252; 23 78 379 252; 

6\6_178_178773.jpg
400 266
40 49 339 206; 38 51 339 209; 38 49 338 208; 38 51 339 209; 52 45 349 202; 38 49 338 209; 38 50 339 211; 38 50 339 211; 38 50 339 211; 

6\6_178_178822.jpg
400 285
126 34 392 277; 128 36 395 282; 128 35 396 279; 128 34 397 281; 96 59 396 259; 128 34 397 281; 128 34 398 282; 128 34 398 282; 128 34 398 282; 

6\6_178_178865.jpg
400 266
200 14 386 262; 203 11 391 266; 201 11 392 262; 203 11 391 266; 207 6 388 257; 202 11 391 266; 204 12 392 266; 204 12 383 200; 204 12 392 266; 

6\6_178_178879.jpg
400 266
14 12 239 252; 16 11 236 259; 15 12 238 256; 14 12 238 255; 26 18 237 244; 14 12 238 253; 14 10 238 254; 14 10 238 254; 14 10 238 254; 

6\6_178_178884.jpg
400 300
118 64 364 262; 114 60 363 261; 116 63 366 262; 116 62 364 263; 135 46 386 274; 117 61 364 262; 117 62 364 264; 117 62 364 264; 117 62 364 264; 

6\6_178_178885.jpg
400 300
88 24 340 272; 86 21 344 270; 88 24 341 272; 86 22 341 272; 75 27 358 266; 87 22 341 272; 86 24 340 272; 86 24 340 272; 86 24 340 272; 

6\6_178_178886.jpg
400 300
138 82 323 239; 139 79 323 242; 139 82 319 241; 141 81 322 242; 134 92 346 261; 141 81 321 242; 140 80 321 241; 140 80 321 241; 140 80 321 241; 

6\6_178_178980.jpg
320 400
60 24 261 374; 55 28 262 377; 136 27 229 192; 58 28 261 377; 69 41 254 368; 142 139 226 314; 58 26 259 376; 58 26 259 376; 58 26 259 376; 

6\6_179_179030.jpg
400 282
116 24 382 264; 113 20 386 267; 114 21 386 271; 115 20 385 273; 118 24 377 269; 208 106 305 213; 114 20 386 272; 114 20 386 272; 114 20 386 272; 

6\6_179_179051.jpg
320 400
37 84 268 372; 39 81 268 366; 38 84 269 366; 39 83 270 365; 47 82 275 333; 104 82 192 156; 39 84 270 366; 39 84 270 366; 39 84 270 366; 

6\6_179_179071.jpg
399 299
58 17 283 276; 53 19 285 276; 150 22 281 271; 51 20 282 276; 46 11 311 281; 52 20 283 271; 52 19 283 271; 52 19 283 271; 52 19 283 271; 

6\6_179_179090.jpg
399 381
102 6 392 291; 99 6 396 295; 102 6 395 293; 103 7 395 292; 104 5 391 286; 103 6 395 296; 103 7 395 293; 103 7 395 293; 103 7 395 293; 

6\6_179_179159.jpg
400 300
69 118 225 282; 71 119 222 284; 73 119 222 283; 72 119 221 282; 67 124 235 276; 71 119 222 282; 72 119 222 282; 72 119 222 282; 72 119 222 282; 

6\6_179_179207.jpg
400 299
175 38 329 280; 170 34 331 279; 169 36 332 273; 171 34 331 278; 170 47 336 264; 171 34 332 277; 171 33 331 274; 171 33 331 278; 171 33 331 274; 

6\6_179_179253.jpg
400 320
76 114 288 318; 83 109 291 320; 168 113 229 236; 86 112 290 320; 127 114 278 308; 164 111 229 242; 87 138 289 320; 87 111 291 320; 87 138 289 320; 

6\6_179_179254.jpg
366 400
44 26 351 292; 46 30 349 292; 49 31 352 294; 47 26 351 293; 46 40 358 349; 46 45 351 294; 126 83 227 174; 98 60 298 189; 126 83 318 232; 

6\6_179_179287.jpg
400 226
122 48 238 198; 123 50 239 198; 124 53 238 200; 124 53 238 198; 96 37 262 209; 124 52 238 198; 124 51 238 197; 124 51 239 197; 124 51 238 197; 

6\6_179_179313.jpg
200 400
38 66 177 354; 38 65 174 356; 39 64 176 352; 39 64 175 350; 52 56 177 356; 101 66 131 111; 39 66 174 350; 39 66 174 350; 39 66 174 350; 

6\6_179_179324.jpg
400 300
150 86 286 290; 151 88 287 294; 152 91 286 292; 153 90 287 292; 142 108 310 277; 153 90 286 293; 152 89 286 294; 152 89 286 294; 152 89 286 294; 

6\6_179_179346.jpg
320 400
94 118 242 308; 95 118 246 305; 94 118 244 305; 93 118 244 309; 92 131 240 299; 94 117 243 309; 95 117 243 307; 95 117 243 309; 95 117 243 307; 

6\6_179_179391.jpg
400 266
204 124 344 228; 204 124 344 227; 204 129 343 228; 206 126 343 226; 192 130 354 231; 206 127 343 228; 207 126 343 227; 207 126 343 228; 207 126 343 227; 

6\6_179_179398.jpg
400 267
96 88 301 209; 101 89 299 213; 99 91 301 182; 101 91 299 211; 116 98 343 208; 102 91 300 211; 103 89 299 211; 103 89 299 211; 103 89 299 211; 

6\6_179_179416.jpg
266 400
72 15 222 395; 68 20 220 399; 72 99 220 399; 72 18 221 400; 82 50 214 378; 70 74 221 332; 76 108 216 307; 70 32 222 308; 76 108 218 332; 

6\6_179_179431.jpg
266 400
66 14 194 386; 66 9 195 392; 67 8 193 385; 66 10 193 390; 77 21 202 390; 70 9 194 388; 66 9 194 389; 66 9 194 389; 66 9 194 389; 

6\6_179_179434.jpg
266 399
50 21 184 396; 50 3 188 398; 51 8 185 394; 51 2 187 400; 70 18 189 394; 52 15 183 388; 48 11 188 397; 48 11 187 397; 48 11 188 397; 

6\6_179_179438.jpg
266 399
54 19 195 388; 50 9 196 392; 52 11 197 389; 53 8 196 390; 86 13 200 386; 52 10 196 390; 53 10 196 390; 53 10 196 390; 53 10 196 390; 

6\6_179_179605.jpg
323 400
107 32 309 217; 108 31 306 215; 108 33 310 215; 109 32 305 216; 102 41 309 221; 109 45 308 215; 109 32 308 215; 109 32 308 216; 109 32 308 215; 

6\6_179_179654.jpg
300 400
9 14 166 396; 0 16 164 400; 0 22 162 389; 0 14 162 400; 19 36 181 364; 1 45 159 354; 0 15 164 400; 0 15 164 400; 0 15 164 400; 

6\6_179_179687.jpg
400 300
104 70 272 226; 104 72 272 228; 104 74 272 226; 104 72 272 227; 102 71 283 208; 104 74 272 226; 105 72 271 226; 105 72 271 226; 105 72 271 226; 

6\6_179_179688.jpg
400 300
106 60 324 264; 105 59 326 268; 109 59 327 267; 109 57 327 267; 117 86 331 263; 108 59 326 267; 132 163 243 267; 108 58 326 267; 107 57 324 267; 

6\6_179_179783.jpg
400 320
38 46 266 286; 36 46 269 288; 35 46 268 289; 37 45 268 291; 34 52 252 259; 36 46 268 291; 36 45 269 290; 36 46 269 290; 36 45 269 290; 

6\6_179_179931.jpg
400 264
86 34 286 226; 89 33 286 224; 88 34 286 227; 88 35 287 226; 74 24 274 212; 88 35 286 224; 88 36 286 226; 88 34 286 226; 88 36 286 226; 

6\6_179_179932.jpg
400 266
86 34 302 227; 86 38 304 232; 86 36 303 229; 86 36 304 229; 83 36 306 214; 84 36 303 230; 86 36 303 230; 86 36 303 230; 86 36 303 230; 

6\6_180_180004.jpg
400 260
46 102 338 226; 50 99 339 225; 49 101 338 227; 49 100 339 225; 34 91 338 220; 49 100 338 224; 50 101 338 226; 50 101 338 224; 50 101 338 226; 

6\6_180_180008.jpg
400 345
158 96 322 319; 160 98 323 319; 161 98 322 325; 162 99 322 322; 152 112 327 328; 161 98 321 321; 163 98 322 321; 163 98 322 322; 163 98 322 321; 

6\6_180_180009.jpg
260 383
41 34 153 362; 39 35 150 361; 37 34 147 358; 37 36 149 358; 26 29 166 355; 39 37 149 359; 38 35 150 357; 38 35 150 357; 38 35 150 357; 

6\6_180_180080.jpg
400 300
84 42 308 254; 85 40 314 255; 88 46 309 254; 89 45 309 254; 84 42 318 242; 86 42 312 254; 110 53 302 243; 104 53 302 247; 107 53 302 243; 

6\6_180_180098.jpg
400 275
94 40 374 267; 91 39 375 269; 95 38 374 263; 92 38 375 266; 72 52 380 266; 94 39 375 266; 94 39 374 266; 94 39 374 266; 94 39 374 266; 

6\6_180_180161.jpg
400 400
62 44 314 291; 59 42 313 290; 62 42 312 289; 60 41 314 290; 69 67 311 290; 61 46 314 290; 62 43 313 289; 62 43 313 289; 62 43 313 289; 

6\6_180_180163.jpg
400 320
8 18 184 214; 6 16 181 214; 6 16 179 214; 6 16 181 216; 30 34 189 231; 6 15 181 215; 6 15 181 214; 6 15 181 214; 6 15 181 214; 

6\6_180_180170.jpg
400 320
118 76 276 226; 119 75 276 225; 120 76 277 226; 121 76 276 226; 111 78 281 239; 119 76 278 227; 121 76 276 225; 121 76 276 225; 121 76 276 225; 

6\6_180_180223.jpg
300 400
102 186 258 396; 101 185 261 399; 102 184 263 400; 103 186 261 400; 107 194 266 368; 103 187 259 354; 105 188 259 400; 105 186 259 400; 105 188 259 400; 

6\6_180_180224.jpg
400 273
202 56 391 268; 206 56 400 272; 204 57 399 272; 204 58 398 272; 209 48 400 264; 204 58 398 272; 19 64 181 201; 66 64 181 201; 19 0 240 201; 

6\6_180_180251.jpg
400 266
208 84 378 263; 209 71 380 265; 209 81 379 266; 209 84 379 266; 198 78 384 267; 209 85 380 266; 209 86 378 266; 209 85 378 266; 209 86 378 266; 

6\6_180_180282.jpg
400 386
66 36 350 309; 67 27 357 315; 73 34 353 311; 69 28 357 314; 71 61 362 299; 71 39 355 313; 75 39 355 303; 75 39 355 303; 75 39 355 303; 

6\6_180_180315.jpg
400 252
52 30 370 216; 42 31 371 218; 45 31 370 218; 44 31 370 215; 28 39 382 212; 43 31 370 217; 42 31 370 216; 42 31 370 216; 42 31 370 216; 

6\6_180_180375.jpg
296 400
98 70 282 351; 94 71 289 354; 110 72 274 226; 93 73 289 352; 95 76 295 342; 94 73 289 350; 93 72 290 353; 93 72 290 351; 93 72 290 353; 

6\6_180_180377.jpg
290 400
80 67 240 374; 75 70 246 372; 74 71 246 374; 76 72 248 375; 58 71 249 361; 75 71 247 354; 76 71 247 375; 76 71 247 375; 76 71 247 375; 

6\6_180_180405.jpg
400 265
62 44 266 263; 60 38 268 265; 61 36 269 265; 60 36 268 265; 68 29 280 264; 60 39 268 265; 60 38 268 265; 60 38 268 265; 60 38 268 265; 

6\6_180_180414.jpg
400 266
136 52 282 216; 142 53 283 213; 143 54 281 212; 142 53 282 216; 130 39 288 222; 140 52 282 216; 142 52 282 216; 142 52 282 216; 142 52 281 216; 

6\6_180_180459.jpg
253 400
49 19 189 392; 43 24 188 392; 42 33 184 390; 43 28 187 395; 59 42 179 369; 61 45 188 353; 94 25 164 114; 44 25 187 396; 94 25 164 114; 

6\6_180_180464.jpg
290 400
96 26 238 374; 96 26 244 374; 97 26 236 374; 98 25 242 376; 82 37 249 362; 96 46 236 355; 121 26 169 226; 99 26 236 376; 121 26 169 226; 

6\6_180_180488.jpg
400 266
4 40 243 261; 1 42 244 266; 2 42 242 266; 0 42 242 266; 2 44 248 260; 1 42 242 266; 2 42 242 266; 122 42 242 132; 2 42 242 266; 

6\6_180_180577.jpg
400 320
40 60 186 192; 41 61 185 191; 40 62 184 192; 41 62 184 191; 39 49 188 179; 42 63 184 191; 42 63 184 191; 42 63 184 191; 42 63 184 191; 

6\6_180_180703.jpg
320 400
114 27 230 391; 114 28 233 390; 114 28 232 390; 116 29 231 390; 112 39 241 368; 115 45 233 355; 116 30 232 388; 116 30 231 390; 116 30 232 388; 

6\6_180_180705.jpg
242 400
48 7 175 386; 45 8 174 385; 48 10 172 382; 46 8 172 389; 54 34 175 374; 46 45 172 355; 45 8 173 388; 45 8 173 388; 45 8 173 388; 

6\6_180_180781.jpg
400 320
26 30 292 274; 26 32 294 274; 26 33 293 274; 28 33 292 275; 27 34 291 248; 26 33 292 272; 28 31 292 275; 28 31 292 275; 28 31 292 275; 

6\6_180_180885.jpg
400 266
14 21 221 246; 19 22 221 249; 20 22 217 246; 21 21 219 248; 29 36 214 252; 20 22 219 247; 21 21 219 249; 20 21 219 249; 21 21 219 249; 

6\6_180_180942.jpg
400 298
104 78 324 216; 103 79 326 221; 103 80 324 216; 103 81 324 222; 103 78 331 210; 103 80 324 224; 102 79 324 223; 102 79 324 223; 102 79 324 223; 

6\6_181_181006.jpg
400 300
56 26 344 206; 50 21 350 208; 51 18 348 207; 47 20 348 208; 33 33 366 203; 49 20 347 208; 46 21 349 209; 46 21 349 209; 46 21 349 209; 

6\6_181_181152.jpg
400 299
34 82 288 242; 39 84 291 237; 37 84 291 238; 37 84 290 240; 48 87 281 248; 38 84 290 238; 36 86 289 238; 36 84 289 238; 36 84 289 238; 

6\6_181_181182.jpg
400 380
186 110 344 300; 185 110 346 304; 184 112 345 302; 185 111 344 302; 188 102 338 303; 186 112 345 302; 185 111 344 302; 185 111 344 302; 185 111 345 302; 

6\6_181_181247.jpg
400 264
99 46 262 258; 100 44 263 263; 95 47 264 264; 100 47 264 264; 108 54 266 256; 98 46 264 264; 99 46 264 264; 99 46 264 264; 99 46 264 264; 

6\6_181_181344.jpg
399 266
78 33 271 224; 78 35 270 228; 147 37 256 222; 79 35 269 228; 69 28 290 220; 119 174 269 228; 79 35 300 226; 79 37 270 226; 79 36 300 226; 

6\6_181_181363.jpg
400 255
14 34 318 197; 8 35 324 198; 5 37 320 198; 6 36 321 202; 6 33 368 218; 6 36 318 199; 6 36 324 207; 6 36 324 207; 6 36 324 207; 

6\6_181_181382.jpg
400 260
55 28 239 171; 55 29 236 170; 54 29 236 174; 54 31 237 171; 55 38 238 171; 55 30 236 169; 51 32 237 171; 51 30 237 171; 51 32 237 171; 

6\6_181_181415.jpg
400 266
40 48 334 228; 36 48 320 230; 39 49 323 219; 42 49 320 228; 34 34 336 234; 41 50 334 231; 36 49 332 227; 36 49 336 231; 36 49 338 227; 

6\6_181_181419.jpg
400 266
40 48 334 228; 38 48 320 231; 39 49 319 225; 38 51 321 228; 20 55 341 229; 39 49 334 226; 39 50 336 228; 72 64 294 198; 39 50 338 228; 

6\6_181_181443.jpg
266 400
68 84 191 206; 71 86 189 205; 71 86 191 208; 71 87 191 205; 63 84 194 205; 70 87 190 206; 69 87 189 205; 69 87 189 205; 69 87 189 205; 

6\6_181_181487.jpg
400 256
24 70 318 192; 23 70 319 186; 27 71 318 182; 23 68 320 186; 46 68 318 199; 24 68 318 186; 20 68 320 188; 23 68 320 189; 20 68 320 188; 

6\6_181_181586.jpg
400 300
82 42 331 281; 86 44 328 282; 84 43 331 280; 88 42 328 282; 86 49 333 288; 84 44 328 282; 87 42 327 282; 87 42 327 282; 87 42 327 282; 

6\6_181_181594.jpg
299 400
40 60 265 294; 41 61 267 296; 43 60 267 293; 44 60 266 295; 29 32 260 297; 42 61 265 292; 44 59 265 294; 44 59 265 294; 44 59 265 294; 

6\6_181_181625.jpg
362 400
0 42 336 262; 1 41 339 257; 2 42 337 258; 1 40 339 257; 3 43 336 256; 1 46 357 337; 0 42 338 256; 0 41 337 256; 0 41 338 256; 

6\6_181_181781.jpg
400 225
34 12 250 222; 33 14 255 225; 34 17 245 223; 35 15 247 225; 32 10 225 215; 36 16 250 225; 35 13 246 225; 35 13 253 225; 35 13 253 225; 

6\6_181_181787.jpg
400 266
138 16 310 252; 136 15 311 262; 141 15 312 257; 138 15 312 262; 132 28 319 238; 136 14 311 262; 139 16 310 264; 139 15 310 264; 139 16 310 264; 

6\6_181_181837.jpg
400 268
20 84 226 236; 19 83 229 239; 22 87 231 239; 21 84 230 239; 29 92 241 238; 20 84 229 239; 20 84 229 239; 20 84 229 239; 20 84 229 239; 

6\6_181_181841.jpg
400 262
36 7 298 189; 35 6 294 185; 38 8 294 190; 36 8 294 184; 36 12 305 191; 36 6 293 186; 35 7 292 184; 35 7 292 184; 35 7 292 184; 

6\6_181_181842.jpg
400 262
138 64 337 205; 138 69 335 204; 179 71 334 202; 140 71 334 203; 179 63 341 217; 139 70 334 201; 140 71 332 202; 140 71 332 202; 140 71 332 202; 

6\6_181_181845.jpg
233 400
61 56 178 394; 58 49 178 398; 59 48 179 390; 59 48 179 398; 71 46 197 368; 58 48 178 355; 58 49 178 398; 58 49 177 398; 58 49 178 398; 

6\6_181_181907.jpg
400 285
38 72 286 250; 42 70 285 247; 41 75 284 244; 42 70 284 248; 60 66 298 238; 42 70 282 248; 42 69 286 248; 42 69 286 248; 42 69 286 248; 

6\6_181_181909.jpg
400 293
89 99 279 283; 84 99 278 282; 84 100 276 278; 81 99 278 282; 74 104 288 264; 87 100 278 281; 87 101 278 281; 87 99 278 281; 87 101 278 281; 

6\6_181_181932.jpg
400 316
20 104 263 280; 16 108 263 281; 23 106 264 280; 14 108 263 282; 54 107 281 261; 15 107 262 280; 12 107 264 283; 16 107 264 283; 12 107 264 283; 

6\6_181_181933.jpg
400 332
16 92 281 300; 11 96 281 301; 18 99 278 301; 12 89 281 299; 18 91 293 302; 16 96 279 301; 9 95 279 300; 9 95 279 300; 9 95 279 300; 

6\6_181_181934.jpg
400 331
38 86 286 289; 20 87 286 288; 22 88 284 288; 21 88 286 288; 38 101 318 286; 22 88 285 289; 6 88 286 289; 7 88 286 289; 6 88 286 289; 

6\6_181_181937.jpg
354 400
53 131 311 348; 60 129 311 350; 59 133 308 351; 59 132 309 349; 44 136 316 333; 58 131 309 351; 59 131 309 351; 59 131 309 351; 59 131 309 351; 

6\6_181_181938.jpg
400 338
14 120 302 316; 14 121 302 322; 18 123 299 316; 14 120 302 322; 24 134 314 319; 17 121 301 321; 13 121 301 322; 13 121 301 322; 13 121 301 322; 

6\6_181_181941.jpg
266 400
72 31 209 374; 68 34 208 374; 68 36 208 375; 66 35 208 374; 58 52 216 359; 72 45 206 353; 78 36 208 375; 78 36 207 375; 78 36 208 375; 

6\6_181_181950.jpg
400 308
11 79 275 279; 11 83 276 271; 14 86 273 276; 10 76 274 281; 14 79 290 286; 10 79 272 280; 9 78 274 279; 9 78 274 279; 9 78 274 279; 

6\6_181_181951.jpg
400 355
15 94 329 336; 10 92 330 325; 11 101 329 333; 13 92 330 336; 9 104 330 336; 14 92 329 332; 13 92 329 334; 13 92 329 334; 13 92 329 334; 

6\6_181_181954.jpg
400 393
36 103 323 347; 32 100 321 343; 31 105 321 351; 31 103 322 349; 26 103 332 349; 32 103 321 351; 31 102 321 349; 31 102 321 351; 31 102 321 349; 

6\6_181_181956.jpg
400 305
148 90 372 270; 148 94 386 269; 150 96 381 268; 148 94 388 271; 142 86 379 267; 149 95 384 271; 148 94 389 270; 148 94 387 270; 148 94 389 270; 

6\6_181_181957.jpg
400 326
120 126 381 302; 124 122 383 298; 124 122 381 302; 124 123 386 304; 118 117 368 301; 124 122 384 302; 124 124 384 302; 124 124 384 302; 124 124 384 302; 

6\6_181_181987.jpg
300 400
74 49 232 352; 76 49 232 352; 77 48 231 346; 77 49 232 354; 72 64 242 336; 86 75 223 213; 87 76 222 212; 87 76 224 212; 87 76 225 212; 

6\6_182_182027.jpg
400 243
180 51 320 243; 182 52 315 239; 183 52 313 240; 182 52 314 241; 191 36 316 234; 183 52 314 241; 184 53 314 241; 184 53 314 241; 184 53 314 241; 

6\6_182_182070.jpg
400 298
106 72 310 294; 108 62 314 298; 107 65 312 298; 108 64 312 298; 116 64 331 294; 171 64 254 178; 109 64 312 298; 109 64 312 298; 109 64 312 298; 

6\6_182_182072.jpg
400 273
60 62 194 268; 62 63 198 274; 64 66 195 274; 62 64 196 274; 71 54 194 271; 107 64 159 126; 62 64 195 274; 62 64 195 274; 62 64 195 274; 

6\6_182_182190.jpg
400 266
18 106 218 251; 14 107 221 246; 16 109 219 248; 15 108 218 248; 32 101 210 250; 15 109 218 247; 14 108 218 248; 14 108 218 248; 14 108 218 248; 

6\6_182_182191.jpg
400 266
28 86 265 256; 30 89 268 252; 29 90 266 251; 29 89 265 252; 26 82 258 249; 29 90 266 253; 29 89 265 253; 29 89 265 253; 29 89 265 253; 

6\6_182_182214.jpg
400 196
144 54 388 152; 142 54 386 148; 143 54 387 147; 142 54 388 148; 145 58 391 163; 142 54 386 148; 142 54 387 148; 142 54 387 148; 142 54 387 148; 

6\6_182_182221.jpg
400 266
175 43 324 246; 171 43 324 239; 207 44 305 239; 172 42 324 241; 204 40 328 246; 172 44 323 241; 172 42 324 241; 172 42 324 241; 172 42 324 241; 

6\6_182_182225.jpg
260 399
37 58 170 350; 37 59 174 356; 56 60 173 354; 36 58 176 357; 44 42 198 359; 57 59 176 357; 37 58 176 357; 57 58 176 357; 37 58 176 357; 

6\6_182_182274.jpg
400 266
150 96 294 263; 150 95 291 260; 154 98 288 228; 151 96 290 261; 152 90 293 256; 154 96 290 236; 151 96 288 230; 151 96 288 235; 151 96 288 230; 

6\6_182_182357.jpg
400 320
29 27 298 256; 24 27 296 259; 29 28 301 257; 30 28 300 256; 21 32 287 234; 31 28 298 257; 29 28 301 257; 29 28 300 257; 29 28 301 257; 

6\6_182_182417.jpg
400 266
98 20 346 232; 98 17 349 232; 100 19 346 233; 100 18 349 232; 101 44 354 226; 99 18 348 234; 99 18 350 233; 99 18 350 233; 99 18 350 233; 

6\6_182_182421.jpg
400 266
72 12 342 247; 73 13 344 255; 73 11 343 252; 74 12 344 254; 90 26 318 231; 74 13 342 253; 73 12 343 254; 73 12 343 254; 73 12 343 254; 

6\6_182_182422.jpg
266 400
20 84 239 328; 19 84 239 331; 18 85 241 334; 20 83 241 335; 28 89 222 318; 21 84 240 335; 84 85 241 212; 21 85 241 334; 22 85 241 335; 

6\6_182_182424.jpg
400 266
102 20 316 209; 103 22 316 208; 103 22 320 209; 104 21 317 208; 77 31 341 231; 103 21 314 209; 105 21 316 207; 105 21 316 207; 105 21 316 207; 

6\6_182_182431.jpg
266 400
6 80 235 278; 9 84 236 280; 11 84 236 278; 11 84 235 279; 29 91 225 291; 10 85 235 279; 10 84 236 278; 10 84 236 278; 10 84 236 278; 

6\6_182_182480.jpg
400 266
74 69 304 200; 79 68 307 201; 79 69 303 199; 77 71 306 199; 85 59 299 199; 79 71 306 199; 79 69 305 198; 79 69 305 198; 79 69 306 198; 

6\6_182_182481.jpg
320 400
81 187 311 368; 83 189 312 372; 104 192 306 369; 85 190 312 373; 94 174 302 337; 103 191 312 355; 84 189 312 374; 107 189 204 231; 84 189 311 373; 

6\6_182_182498.jpg
245 400
46 8 213 338; 51 0 218 342; 49 9 217 338; 50 0 216 342; 70 51 206 348; 49 161 154 339; 50 164 155 342; 50 161 155 342; 51 45 155 342; 

6\6_182_182531.jpg
400 320
76 68 358 297; 73 66 361 299; 73 66 362 298; 74 68 360 299; 94 79 353 281; 73 68 360 298; 114 79 222 208; 74 68 361 301; 75 79 235 299; 

6\6_182_182532.jpg
400 300
1 54 393 234; 2 54 399 242; 1 54 396 239; 0 54 397 243; 21 61 389 225; 3 55 394 242; 288 54 396 168; 286 54 396 168; 248 54 396 188; 

6\6_182_182566.jpg
400 266
116 78 298 253; 116 81 299 258; 115 81 302 256; 117 81 299 256; 109 82 287 235; 116 81 298 257; 115 81 299 256; 115 81 299 256; 115 81 299 256; 

6\6_182_182687.jpg
400 300
72 22 332 276; 73 21 323 274; 72 24 321 276; 72 24 321 274; 72 26 326 277; 72 23 320 274; 72 23 320 275; 72 23 320 275; 72 23 320 275; 

6\6_182_182722.jpg
400 301
100 52 374 264; 102 52 378 266; 102 59 378 264; 102 52 378 270; 102 64 382 261; 102 54 378 269; 102 54 376 269; 102 54 376 269; 102 54 376 269; 

6\6_182_182727.jpg
400 287
52 54 279 215; 51 56 281 213; 54 53 280 212; 50 49 282 209; 52 68 295 199; 52 52 281 214; 174 51 281 126; 51 51 281 212; 51 51 281 214; 

6\6_182_182767.jpg
400 395
19 18 376 249; 11 17 378 250; 102 17 379 247; 12 18 377 249; 16 42 382 265; 13 43 377 249; 14 97 192 243; 14 19 375 243; 14 18 374 243; 

6\6_182_182867.jpg
400 266
52 106 301 240; 54 103 297 239; 53 104 297 241; 53 103 298 239; 33 107 309 245; 54 103 298 239; 52 104 299 239; 52 104 297 239; 52 104 299 239; 

6\6_182_182890.jpg
400 300
119 41 316 297; 125 42 318 299; 134 41 316 300; 122 43 318 300; 124 64 321 298; 126 42 318 176; 124 41 316 175; 124 41 316 184; 124 41 316 175; 

6\6_182_182903.jpg
400 266
82 27 399 210; 81 19 400 212; 128 88 226 195; 83 29 400 211; 75 35 385 201; 81 81 225 194; 81 81 227 193; 81 81 227 193; 81 81 227 193; 

6\6_182_182962.jpg
400 300
142 120 300 268; 141 119 303 269; 142 122 297 264; 142 122 298 263; 134 122 290 263; 143 121 299 264; 142 120 298 263; 142 120 298 266; 142 120 298 263; 

6\6_183_183016.jpg
400 266
121 29 318 231; 118 30 321 231; 119 33 320 228; 118 31 322 231; 118 45 327 229; 119 31 319 231; 119 29 321 231; 119 29 321 231; 119 29 321 231; 

6\6_183_183024.jpg
400 266
111 56 272 263; 115 61 276 266; 116 61 278 267; 115 61 278 266; 99 61 273 262; 114 63 277 266; 114 63 276 266; 114 63 276 266; 114 63 276 266; 

6\6_183_183025.jpg
400 266
44 48 296 204; 42 51 294 205; 41 52 295 206; 41 49 294 206; 34 42 318 217; 42 51 301 206; 41 51 294 206; 41 51 294 206; 41 51 294 206; 

6\6_183_183027.jpg
274 400
26 97 169 328; 30 98 170 323; 31 99 169 326; 26 99 170 332; 28 93 183 326; 30 100 170 334; 26 99 170 332; 26 99 170 332; 26 99 170 332; 

6\6_183_183051.jpg
320 400
88 191 304 371; 87 188 316 375; 108 190 304 373; 87 191 314 373; 78 176 313 349; 106 191 313 355; 112 197 208 231; 112 197 208 231; 112 189 208 231; 

6\6_183_183077.jpg
276 400
34 42 204 336; 38 41 206 336; 40 39 201 336; 36 40 206 334; 59 39 202 329; 37 46 204 334; 38 41 205 334; 38 41 205 334; 38 41 205 334; 

6\6_183_183192.jpg
400 300
166 22 306 285; 169 28 304 288; 173 26 306 288; 169 27 305 287; 146 34 311 270; 169 27 305 288; 169 27 304 286; 169 27 305 287; 169 27 304 286; 

6\6_183_183264.jpg
400 288
168 29 315 211; 167 29 317 205; 167 65 251 204; 168 31 317 205; 170 24 316 210; 168 64 254 205; 168 31 317 205; 168 31 317 204; 168 31 317 205; 

6\6_183_183280.jpg
320 400
134 99 292 300; 139 101 294 301; 142 102 292 299; 141 101 292 301; 140 104 302 314; 139 101 292 301; 141 101 292 302; 141 101 294 302; 141 101 292 302; 

6\6_183_183414.jpg
400 287
38 44 198 281; 34 53 198 288; 37 52 197 288; 34 52 198 288; 51 51 208 272; 36 51 198 288; 34 10 197 288; 34 10 197 288; 34 10 197 288; 

6\6_183_183464.jpg
400 266
188 48 374 241; 193 49 378 242; 193 52 374 242; 194 49 376 243; 186 52 371 261; 194 50 376 242; 195 50 374 243; 195 50 374 243; 195 50 374 243; 

6\6_183_183467.jpg
400 266
68 72 200 202; 69 74 201 204; 71 76 199 205; 71 75 200 205; 74 76 202 201; 71 74 199 204; 71 74 198 204; 71 74 198 204; 71 74 198 204; 

6\6_183_183470.jpg
400 266
48 48 368 226; 51 51 369 228; 51 50 368 228; 52 51 370 228; 59 43 370 222; 52 50 371 226; 51 50 369 226; 51 50 369 226; 51 50 369 226; 

6\6_183_183522.jpg
400 305
74 28 202 209; 66 29 201 208; 72 29 203 208; 68 30 200 208; 69 26 192 218; 68 30 201 208; 76 29 200 206; 76 29 200 206; 76 29 200 206; 

6\6_183_183532.jpg
400 300
94 40 304 258; 94 40 307 254; 92 39 306 252; 94 39 305 254; 96 55 287 238; 95 38 305 254; 94 38 305 252; 94 38 305 252; 94 38 305 252; 

6\6_183_183539.jpg
400 293
36 58 175 201; 31 59 176 198; 31 60 173 199; 31 61 173 200; 23 57 181 193; 31 61 175 201; 31 62 175 200; 31 62 175 200; 31 62 175 200; 

6\6_183_183614.jpg
178 400
61 96 163 286; 57 99 161 282; 58 99 161 281; 57 98 162 282; 63 89 162 302; 59 174 161 281; 58 99 162 280; 58 99 162 282; 58 99 162 280; 

6\6_183_183629.jpg
310 400
28 36 204 210; 28 34 208 212; 31 39 206 208; 32 35 206 212; 44 52 181 199; 29 47 206 214; 31 34 204 212; 31 34 204 202; 31 34 204 212; 

6\6_183_183630.jpg
299 400
78 108 215 354; 76 111 215 355; 76 111 216 356; 76 112 217 356; 80 112 223 250; 76 111 216 353; 76 111 216 354; 76 111 216 354; 76 111 216 354; 

6\6_183_183665.jpg
400 269
195 52 383 254; 194 53 392 254; 196 55 380 254; 197 55 396 254; 193 58 389 245; 235 62 287 164; 197 54 395 254; 197 54 395 256; 197 54 395 254; 

6\6_183_183704.jpg
266 400
81 79 222 294; 81 77 228 298; 82 75 229 298; 81 77 228 298; 94 77 221 295; 81 78 227 297; 80 77 228 301; 80 77 226 301; 80 77 228 301; 

6\6_183_183720.jpg
400 300
100 72 322 296; 102 59 324 300; 105 69 324 300; 104 61 323 300; 101 67 352 289; 104 60 323 300; 103 59 324 300; 103 59 324 300; 103 59 324 300; 

6\6_183_183730.jpg
266 400
23 55 151 201; 25 55 148 198; 28 56 148 197; 28 55 148 197; 28 53 159 202; 28 56 147 199; 28 55 148 196; 28 55 148 198; 28 55 178 196; 

6\6_183_183779.jpg
281 400
68 44 249 180; 67 45 251 181; 68 44 251 180; 69 43 251 179; 83 59 255 197; 67 45 251 181; 68 43 251 180; 68 43 251 180; 68 43 251 180; 

6\6_183_183795.jpg
266 400
88 34 184 370; 90 34 185 375; 90 33 185 377; 90 36 183 373; 69 75 196 358; 92 46 186 355; 92 114 173 370; 92 34 184 374; 92 34 184 375; 

6\6_183_183803.jpg
400 266
116 32 342 212; 116 30 346 215; 117 30 345 213; 117 31 345 213; 136 35 342 202; 118 31 345 213; 117 30 345 212; 117 30 345 212; 117 30 345 212; 

6\6_183_183804.jpg
400 266
154 68 338 232; 152 65 342 238; 150 66 335 225; 155 67 339 233; 159 50 335 216; 154 62 339 236; 163 75 335 224; 163 75 335 224; 163 74 339 224; 

6\6_183_183829.jpg
400 266
62 36 304 263; 62 38 308 258; 64 39 304 251; 62 38 306 258; 89 40 334 229; 62 39 308 257; 62 39 306 258; 62 39 306 258; 62 39 306 258; 

6\6_183_183831.jpg
400 266
128 50 300 215; 128 47 296 216; 126 49 296 214; 128 46 295 214; 101 32 311 203; 128 49 295 216; 128 47 296 216; 128 47 296 216; 128 47 296 216; 

6\6_183_183834.jpg
400 266
82 16 314 245; 81 12 319 251; 83 14 317 248; 84 16 318 251; 79 31 318 242; 84 15 318 249; 83 16 318 248; 83 16 318 248; 83 16 318 248; 

6\6_183_183879.jpg
398 400
70 94 299 362; 71 96 302 362; 69 98 304 363; 69 95 301 365; 80 102 302 344; 69 95 302 354; 71 95 301 365; 71 95 302 365; 71 97 301 365; 

6\6_184_184105.jpg
400 400
26 36 215 311; 27 38 216 310; 27 35 214 308; 26 35 215 309; 34 33 231 314; 25 45 214 309; 27 36 215 309; 27 36 215 309; 27 36 215 309; 

6\6_184_184112.jpg
400 295
28 84 242 251; 29 84 243 251; 29 84 243 251; 29 85 242 251; 30 75 254 244; 31 86 242 251; 30 84 244 251; 30 84 244 251; 30 84 244 251; 

6\6_184_184173.jpg
385 400
54 21 323 316; 51 21 324 317; 52 23 321 317; 51 22 323 319; 109 67 322 322; 159 75 222 164; 51 21 323 318; 51 21 323 319; 51 21 323 318; 

6\6_184_184198.jpg
400 378
112 94 288 267; 117 95 288 266; 114 94 287 268; 115 93 289 266; 108 83 287 292; 117 95 288 266; 116 95 286 266; 116 95 286 266; 116 95 286 266; 

6\6_184_184204.jpg
400 300
109 12 271 240; 108 10 274 244; 111 11 271 242; 111 11 274 243; 92 21 276 244; 112 10 273 244; 111 12 271 245; 111 10 271 245; 111 12 271 245; 

6\6_184_184209.jpg
285 400
32 58 254 356; 36 61 256 358; 38 66 241 348; 34 61 254 356; 41 81 252 350; 97 228 123 291; 40 64 251 356; 49 64 242 348; 91 81 204 332; 

6\6_184_184223.jpg
400 266
23 42 210 199; 18 44 205 197; 17 45 207 195; 16 44 204 196; 58 38 201 197; 18 44 208 197; 18 44 207 197; 18 44 207 197; 18 44 207 197; 

6\6_184_184238.jpg
400 266
175 85 352 257; 179 86 352 257; 181 85 351 252; 178 85 351 258; 224 82 348 256; 179 86 352 256; 181 86 352 256; 181 86 352 257; 181 86 352 256; 

6\6_184_184306.jpg
268 400
40 90 229 377; 46 84 226 382; 57 249 146 378; 38 88 226 381; 50 86 227 341; 61 250 144 354; 55 249 145 381; 55 249 145 381; 55 249 145 381; 

6\6_184_184310.jpg
400 262
84 46 283 191; 88 44 282 189; 88 44 281 187; 88 43 280 188; 92 42 296 199; 87 42 281 188; 87 42 281 188; 87 42 281 188; 87 42 281 188; 

6\6_184_184311.jpg
400 262
62 40 314 178; 62 40 317 177; 62 39 316 173; 62 40 319 176; 55 36 333 189; 64 41 316 174; 62 40 316 175; 62 40 316 175; 62 40 316 175; 

6\6_184_184312.jpg
400 262
32 78 320 214; 34 71 321 216; 32 71 319 214; 32 70 320 216; 27 78 349 218; 33 71 320 214; 32 70 320 215; 32 70 320 215; 32 70 320 215; 

6\6_184_184313.jpg
400 262
64 30 353 157; 61 28 355 158; 63 31 352 161; 62 29 352 159; 51 29 346 168; 62 74 200 159; 62 29 352 158; 62 29 352 158; 62 29 352 158; 

6\6_184_184314.jpg
400 262
38 88 318 178; 41 89 319 182; 42 89 319 181; 41 89 319 181; 56 82 341 195; 42 89 318 179; 41 89 318 178; 41 89 318 178; 41 89 318 178; 

6\6_184_184315.jpg
400 262
118 85 293 162; 117 86 289 161; 117 87 288 159; 116 87 290 163; 77 88 318 168; 118 87 289 162; 117 87 288 162; 117 87 288 162; 117 87 288 162; 

6\6_184_184317.jpg
400 262
105 36 332 152; 109 35 332 149; 107 36 331 149; 108 37 331 148; 106 39 333 169; 108 36 265 148; 108 36 329 148; 108 36 329 148; 108 36 329 148; 

6\6_184_184318.jpg
400 262
80 43 226 147; 78 42 224 146; 78 44 223 143; 79 44 223 144; 78 46 243 144; 78 44 224 144; 79 44 224 144; 79 44 224 144; 79 44 224 144; 

6\6_184_184320.jpg
400 262
36 17 310 188; 42 16 311 181; 42 16 309 187; 42 16 310 188; 40 15 294 190; 42 16 311 187; 43 16 310 186; 43 16 310 186; 43 16 310 186; 

6\6_184_184326.jpg
400 262
160 18 271 254; 159 16 271 255; 161 17 271 254; 160 16 272 254; 153 18 278 252; 160 16 272 255; 159 16 272 254; 159 16 272 254; 159 16 272 254; 

6\6_184_184327.jpg
400 262
118 36 336 202; 115 39 339 198; 115 38 339 199; 114 37 340 198; 132 30 363 206; 116 38 341 198; 114 38 339 196; 114 38 339 196; 114 38 339 196; 

6\6_184_184334.jpg
400 272
94 36 342 216; 94 36 341 218; 95 36 341 213; 94 36 340 218; 105 25 345 216; 95 36 339 216; 95 35 342 216; 95 35 342 216; 95 35 342 216; 

6\6_184_184339.jpg
400 262
139 24 342 196; 138 23 342 194; 136 23 342 194; 137 22 340 196; 136 18 346 202; 138 23 342 196; 138 23 341 195; 138 23 341 195; 138 23 341 195; 

6\6_184_184356.jpg
400 262
62 38 296 178; 59 38 295 177; 62 38 295 175; 61 38 295 176; 61 36 283 179; 61 38 295 176; 60 38 296 176; 60 38 296 176; 60 38 296 176; 

6\6_184_184358.jpg
400 262
118 26 352 211; 106 26 354 215; 106 29 354 216; 104 27 355 216; 119 28 359 217; 106 28 354 216; 104 29 354 214; 104 29 354 214; 104 29 354 214; 

6\6_184_184364.jpg
400 262
42 14 348 208; 42 15 356 205; 42 15 359 208; 41 13 359 206; 33 6 376 214; 41 15 361 205; 41 15 361 206; 41 15 361 206; 41 15 361 206; 

6\6_184_184366.jpg
400 262
101 30 314 196; 99 30 312 198; 102 31 311 196; 100 29 311 196; 98 41 348 206; 99 30 311 197; 98 30 310 196; 98 30 310 196; 98 30 310 196; 

6\6_184_184376.jpg
300 400
36 98 266 398; 35 98 270 384; 38 95 267 390; 35 96 266 400; 35 115 258 361; 19 97 266 355; 36 95 266 382; 36 96 266 382; 36 95 266 382; 

6\6_184_184478.jpg
266 400
42 52 219 396; 37 46 219 400; 38 48 219 314; 40 48 219 400; 39 54 246 364; 40 48 222 354; 40 46 217 327; 69 46 194 171; 40 46 217 312; 

6\6_184_184487.jpg
400 300
62 60 374 250; 63 57 374 251; 64 58 374 251; 65 59 374 249; 71 32 380 233; 64 57 374 251; 62 61 374 250; 62 56 374 250; 62 61 374 250; 

6\6_184_184513.jpg
400 266
9 32 164 220; 6 33 161 219; 4 34 159 212; 5 32 161 219; 18 16 162 221; 5 34 160 218; 5 33 159 217; 5 33 159 217; 5 33 159 217; 

6\6_184_184775.jpg
400 300
84 44 312 288; 89 48 318 286; 93 46 322 287; 91 46 317 288; 89 48 332 274; 91 45 318 288; 92 46 318 289; 92 46 318 289; 92 46 318 289; 

6\6_184_184950.jpg
400 300
28 104 368 218; 26 105 371 225; 28 106 368 221; 26 105 370 225; 14 92 374 228; 28 105 369 224; 28 104 369 222; 28 104 369 222; 28 104 369 222; 

6\6_184_184954.jpg
400 265
32 95 368 231; 31 91 365 233; 34 92 366 234; 31 91 366 231; 24 90 371 234; 31 91 364 231; 31 90 366 232; 31 90 366 232; 31 90 366 232; 

6\6_184_184979.jpg
400 231
47 115 369 219; 44 114 368 219; 47 115 363 220; 45 114 368 221; 52 116 368 217; 44 114 367 220; 45 114 367 220; 45 114 367 220; 45 114 367 220; 

6\6_184_184995.jpg
318 400
40 88 281 398; 40 90 284 395; 39 88 283 395; 40 87 282 395; 54 90 278 371; 39 87 282 359; 39 87 283 395; 39 86 283 395; 39 87 283 395; 

6\6_185_185021.jpg
400 298
91 49 300 279; 91 45 301 280; 93 48 298 272; 92 42 299 282; 124 35 302 271; 92 47 300 283; 90 46 299 282; 90 46 299 282; 90 46 299 282; 

6\6_185_185044.jpg
266 400
30 22 197 354; 32 23 197 351; 31 24 195 349; 31 24 196 353; 24 38 203 349; 31 45 194 355; 31 24 196 351; 31 24 196 352; 31 24 196 351; 

6\6_185_185045.jpg
266 400
14 82 234 298; 13 82 235 298; 14 81 235 297; 13 82 236 298; 28 91 238 288; 12 81 236 299; 12 82 236 298; 12 82 236 298; 12 81 236 298; 

6\6_185_185046.jpg
266 400
88 96 194 254; 91 98 194 255; 88 98 192 252; 90 97 196 254; 78 99 209 253; 89 98 194 255; 91 96 193 254; 91 96 198 254; 91 96 193 254; 

6\6_185_185054.jpg
269 400
91 34 181 346; 92 34 179 355; 92 34 181 353; 94 35 182 355; 74 36 175 351; 94 46 182 352; 92 35 182 356; 92 35 182 356; 92 35 182 356; 

6\6_185_185092.jpg
400 246
62 37 293 192; 65 38 295 197; 62 40 294 196; 62 39 294 197; 63 31 289 198; 62 38 292 195; 61 39 294 197; 62 39 294 197; 61 39 294 197; 

6\6_185_185101.jpg
400 320
20 52 353 265; 18 54 354 264; 17 53 353 265; 14 54 354 265; 37 47 345 256; 16 54 353 265; 14 52 354 264; 14 52 354 264; 14 52 354 264; 

6\6_185_185118.jpg
300 400
38 58 222 396; 35 60 226 400; 36 61 221 391; 36 61 224 400; 39 69 223 377; 54 60 224 211; 36 59 225 211; 53 59 225 211; 36 59 225 211; 

6\6_185_185147.jpg
264 399
15 182 230 340; 17 186 232 339; 15 185 230 341; 14 186 230 340; 16 180 241 366; 17 187 231 340; 15 186 232 341; 15 186 232 341; 15 186 232 341; 

6\6_185_185156.jpg
333 400
66 128 275 302; 64 122 274 301; 65 123 274 302; 66 124 273 302; 62 124 274 311; 66 125 274 302; 64 122 273 302; 64 124 265 302; 64 122 273 302; 

6\6_185_185166.jpg
400 320
69 129 370 266; 71 129 369 262; 74 130 367 262; 71 131 370 266; 86 118 362 257; 72 131 369 265; 71 130 369 268; 71 130 369 268; 71 130 369 268; 

6\6_185_185178.jpg
300 400
30 98 266 396; 30 101 268 400; 29 101 269 390; 30 101 269 400; 58 104 258 362; 29 101 269 353; 30 99 269 400; 30 99 269 351; 30 99 269 400; 

6\6_185_185184.jpg
210 400
59 127 184 282; 59 129 188 281; 59 128 184 280; 61 128 186 280; 63 117 195 292; 59 129 186 282; 60 128 186 282; 60 128 186 282; 60 128 186 282; 

6\6_185_185235.jpg
400 325
156 88 272 301; 158 88 272 302; 158 89 272 306; 159 89 274 307; 152 88 270 299; 156 88 272 305; 158 89 274 309; 158 89 274 309; 158 89 274 309; 

6\6_185_185261.jpg
400 262
54 42 362 201; 67 41 366 203; 66 41 363 202; 67 42 367 201; 50 56 359 194; 66 41 366 202; 68 41 366 202; 67 41 366 202; 68 41 366 202; 

6\6_185_185267.jpg
400 267
34 48 214 207; 29 48 219 213; 33 47 219 214; 32 48 217 211; 42 56 222 214; 32 48 216 217; 32 48 218 218; 32 48 216 218; 32 48 218 218; 

6\6_185_185311.jpg
399 299
179 81 288 234; 180 81 288 233; 183 81 286 229; 181 82 288 232; 173 62 318 256; 182 82 289 234; 180 81 288 232; 180 81 288 233; 180 81 288 232; 

6\6_185_185320.jpg
323 270
76 42 315 228; 74 43 322 229; 78 40 322 229; 75 40 322 229; 69 36 322 226; 76 43 321 229; 76 40 322 230; 76 40 322 230; 76 40 322 230; 

6\6_185_185321.jpg
266 400
38 110 229 282; 39 114 228 285; 41 113 228 281; 40 112 228 283; 51 126 242 276; 41 112 228 284; 40 114 229 285; 40 114 229 285; 40 114 229 285; 

6\6_185_185363.jpg
400 338
110 20 370 301; 111 23 374 302; 109 22 372 302; 109 22 371 301; 121 22 376 296; 109 21 372 302; 109 23 373 301; 109 23 373 301; 109 23 373 301; 

6\6_185_185435.jpg
400 347
105 29 339 275; 106 31 341 279; 106 29 339 280; 108 30 338 281; 99 38 359 305; 106 29 339 286; 106 29 338 282; 106 29 338 279; 106 29 338 282; 

6\6_185_185436.jpg
313 400
48 146 269 304; 47 149 272 302; 47 149 269 304; 46 149 271 306; 36 131 252 301; 46 149 272 305; 48 150 272 306; 48 150 272 306; 48 150 272 306; 

6\6_185_185479.jpg
400 300
28 40 342 268; 31 32 336 266; 29 34 339 266; 29 33 338 264; 43 50 333 261; 31 35 336 266; 28 33 337 266; 28 33 361 266; 28 35 337 266; 

6\6_185_185538.jpg
400 266
143 39 288 262; 141 29 290 264; 144 32 292 259; 142 31 291 264; 163 33 282 262; 142 31 291 264; 142 32 290 263; 142 32 290 263; 142 32 290 263; 

6\6_185_185581.jpg
400 280
46 48 308 198; 43 47 306 195; 42 49 305 197; 46 48 307 199; 45 61 336 204; 44 48 306 195; 46 48 306 199; 46 48 306 199; 46 48 306 199; 

6\6_185_185592.jpg
299 400
34 62 289 259; 35 70 288 258; 34 73 286 255; 33 61 287 256; 37 65 268 270; 42 74 286 255; 37 73 287 255; 37 73 287 254; 37 73 287 255; 

6\6_185_185621.jpg
400 300
36 58 194 296; 34 58 200 300; 38 60 200 300; 37 59 202 300; 26 74 204 289; 38 59 199 299; 38 59 201 300; 38 59 199 300; 38 59 201 300; 

6\6_185_185660.jpg
331 399
99 194 298 315; 97 192 300 316; 98 192 299 314; 99 187 299 313; 95 181 296 347; 97 193 298 314; 99 192 298 313; 99 192 298 313; 99 192 298 313; 

6\6_185_185714.jpg
400 300
16 100 372 228; 12 102 374 229; 11 101 374 227; 9 102 378 228; 7 99 380 230; 11 102 376 230; 9 102 376 229; 9 102 376 229; 9 102 376 229; 

6\6_185_185883.jpg
266 400
27 79 159 226; 28 76 156 227; 30 74 154 225; 31 74 156 227; 22 100 183 299; 30 76 156 225; 29 75 156 215; 29 75 156 226; 29 75 156 215; 

6\6_185_185884.jpg
400 266
62 86 250 168; 59 83 251 170; 61 87 251 169; 62 84 250 168; 73 82 264 182; 61 86 251 166; 143 87 250 169; 192 87 250 169; 143 87 250 169; 

6\6_185_185897.jpg
306 400
89 116 207 304; 86 114 202 304; 89 114 207 302; 89 116 206 302; 84 114 206 326; 89 116 204 303; 89 114 203 304; 89 151 204 304; 89 114 208 304; 

6\6_185_185915.jpg
400 285
32 16 260 243; 32 18 257 244; 33 19 254 244; 34 19 257 242; 30 41 256 269; 34 21 256 242; 34 19 256 242; 34 19 256 242; 34 19 256 242; 

6\6_185_185917.jpg
400 300
98 46 322 228; 93 46 314 231; 97 49 314 226; 98 46 316 228; 94 57 319 226; 97 48 315 229; 98 46 314 229; 98 46 314 229; 98 46 314 229; 

6\6_185_185947.jpg
400 320
88 50 292 290; 89 36 294 296; 89 37 294 290; 88 38 292 294; 88 31 289 286; 88 38 292 294; 89 37 293 294; 89 37 293 294; 89 37 293 294; 

6\6_185_185951.jpg
400 315
36 62 358 287; 33 51 359 288; 34 52 358 284; 32 52 362 287; 42 43 349 305; 32 52 362 288; 31 51 361 288; 31 52 361 288; 31 51 362 288; 

6\6_185_185952.jpg
377 399
195 86 354 399; 197 83 348 398; 197 85 345 392; 195 83 346 399; 194 74 342 366; 197 83 346 356; 196 83 345 399; 196 83 345 399; 196 83 345 399; 

6\6_186_186022.jpg
387 400
84 116 272 348; 81 117 269 352; 83 116 268 349; 82 118 269 350; 83 110 269 329; 82 117 269 350; 82 118 269 349; 82 118 269 349; 82 118 269 349; 

6\6_186_186041.jpg
400 310
135 94 275 216; 135 88 274 212; 137 89 272 210; 135 91 272 212; 133 92 271 221; 136 90 269 212; 136 91 271 212; 136 91 271 212; 136 91 271 212; 

6\6_186_186067.jpg
400 266
180 26 324 254; 180 26 326 262; 180 27 326 257; 180 27 325 257; 171 31 328 251; 181 27 328 257; 179 27 327 254; 179 27 327 255; 179 27 327 258; 

6\6_186_186109.jpg
400 300
108 28 324 298; 106 19 326 299; 106 21 327 300; 106 19 326 300; 106 10 326 293; 106 19 327 299; 105 18 181 88; 105 18 187 92; 105 18 194 110; 

6\6_186_186111.jpg
400 305
99 7 259 297; 99 7 254 299; 102 3 254 296; 98 6 254 298; 101 9 266 305; 99 8 256 298; 195 6 252 85; 195 6 252 89; 195 6 252 112; 

6\6_186_186114.jpg
400 288
160 22 330 246; 151 26 332 245; 152 28 329 242; 151 26 330 243; 154 4 352 229; 150 26 334 244; 151 27 325 244; 151 27 331 244; 151 27 332 244; 

6\6_186_186120.jpg
400 266
19 72 210 261; 21 76 209 264; 19 76 211 264; 20 76 209 266; 16 86 231 264; 20 76 209 266; 20 74 209 266; 20 74 209 266; 20 74 209 266; 

6\6_186_186212.jpg
266 400
128 77 208 360; 132 74 209 358; 132 74 207 356; 132 73 207 358; 114 57 217 360; 131 74 208 354; 132 74 208 359; 132 74 208 359; 132 74 208 359; 

6\6_186_186216.jpg
234 400
63 119 162 372; 63 119 161 372; 65 120 161 371; 65 120 160 372; 58 106 169 372; 64 119 160 354; 66 121 161 372; 66 121 161 372; 66 121 161 372; 

6\6_186_186294.jpg
299 399
78 19 200 392; 79 19 199 400; 79 19 198 400; 72 18 201 400; 67 8 193 399; 79 18 199 400; 72 17 200 400; 72 19 200 400; 72 17 200 400; 

6\6_186_186299.jpg
299 399
46 52 246 306; 45 52 251 300; 48 52 251 297; 46 53 250 298; 35 46 255 306; 48 53 250 298; 49 52 247 298; 49 52 249 298; 49 52 247 298; 

6\6_186_186302.jpg
400 300
106 80 282 258; 107 84 282 261; 107 84 283 259; 107 83 282 259; 98 76 297 266; 108 84 282 259; 107 83 283 258; 107 83 283 258; 107 83 283 258; 

6\6_186_186329.jpg
400 266
40 49 379 227; 47 46 379 222; 46 46 381 224; 43 46 386 221; 32 45 381 228; 45 48 386 221; 44 48 385 222; 44 48 385 222; 44 48 385 222; 

6\6_186_186340.jpg
362 400
129 95 260 324; 130 95 258 324; 130 98 259 322; 131 98 258 334; 119 96 267 318; 130 97 258 327; 130 96 258 328; 130 96 258 328; 130 96 258 328; 

6\6_186_186480.jpg
400 293
112 36 374 233; 111 42 366 236; 109 41 368 238; 109 42 365 235; 116 27 368 238; 109 41 366 237; 111 42 365 238; 111 42 365 238; 111 42 365 238; 

6\6_186_186611.jpg
400 300
88 60 333 251; 87 59 337 254; 90 61 336 251; 90 60 336 254; 66 56 335 258; 90 60 335 253; 90 59 336 254; 90 59 336 254; 90 59 336 254; 

6\6_186_186617.jpg
400 255
226 14 314 248; 224 16 318 250; 226 14 317 250; 226 16 316 249; 219 21 321 251; 226 16 316 254; 226 16 316 249; 226 16 316 249; 226 16 316 249; 

6\6_186_186637.jpg
400 308
104 34 376 272; 102 22 379 279; 103 23 381 276; 102 19 376 278; 111 23 376 267; 101 20 382 281; 119 33 366 261; 119 33 368 263; 119 33 366 261; 

6\6_186_186717.jpg
400 266
108 62 254 210; 109 67 256 210; 110 66 256 211; 109 64 256 212; 106 59 258 202; 109 64 255 211; 110 66 256 211; 110 66 256 211; 110 66 256 211; 

6\6_186_186720.jpg
400 266
214 36 376 234; 214 38 379 235; 214 38 378 236; 215 36 379 236; 208 28 388 229; 214 37 378 236; 214 36 378 238; 214 36 378 238; 214 36 378 238; 

6\6_186_186736.jpg
268 400
54 85 187 398; 58 82 188 399; 59 86 186 389; 58 82 186 400; 52 84 182 394; 59 82 186 353; 59 82 187 400; 59 82 187 400; 59 82 187 400; 

6\6_186_186738.jpg
400 316
64 96 371 291; 66 86 371 288; 68 91 367 290; 67 86 369 288; 62 80 386 289; 67 86 371 288; 66 93 371 289; 66 93 369 289; 66 93 371 289; 

6\6_186_186799.jpg
400 276
21 84 334 208; 26 86 339 203; 32 87 336 201; 28 84 339 206; 20 89 349 218; 28 86 339 206; 29 86 341 204; 29 86 341 204; 29 86 341 204; 

6\6_186_186801.jpg
270 399
16 16 253 252; 16 17 256 252; 17 17 255 250; 17 17 255 254; 22 14 249 240; 16 40 255 254; 17 15 256 254; 17 15 256 254; 17 15 256 254; 

6\6_186_186803.jpg
400 300
52 88 306 292; 53 88 293 292; 52 99 292 288; 52 89 311 291; 52 76 303 290; 52 98 311 291; 54 91 279 291; 54 95 279 291; 54 91 279 291; 

6\6_186_186851.jpg
400 266
44 72 392 249; 39 73 388 248; 42 75 387 248; 39 74 386 249; 6 74 376 232; 39 73 387 250; 38 73 386 249; 38 73 386 249; 38 73 386 249; 

6\6_186_186911.jpg
400 266
40 72 386 249; 39 72 387 241; 41 72 387 249; 39 74 386 248; 23 75 389 253; 39 74 387 249; 39 73 388 249; 39 73 388 249; 39 73 388 249; 

6\6_186_186937.jpg
400 296
191 26 377 255; 192 26 373 261; 194 28 371 260; 192 26 371 259; 182 21 373 251; 193 27 371 259; 193 26 372 260; 193 26 372 260; 193 26 372 260; 

6\6_186_186942.jpg
266 400
68 82 199 338; 69 79 205 339; 69 82 203 171; 68 82 204 339; 66 82 201 328; 67 82 202 339; 68 82 204 340; 68 82 204 340; 68 82 204 340; 

6\6_186_186978.jpg
400 280
92 14 284 246; 91 14 281 249; 92 14 278 234; 90 13 281 249; 96 7 293 256; 109 12 281 251; 90 15 281 250; 90 15 281 250; 90 15 281 250; 

6\6_187_187026.jpg
400 266
92 24 262 257; 93 13 262 257; 92 14 261 259; 92 13 262 261; 69 22 279 226; 92 14 261 259; 92 13 262 261; 92 13 262 261; 92 13 262 261; 

6\6_187_187033.jpg
400 300
96 20 324 286; 92 16 329 289; 94 19 329 288; 94 17 329 289; 87 37 339 279; 93 18 328 289; 94 18 328 286; 94 18 328 288; 94 18 328 286; 

6\6_187_187035.jpg
400 300
56 14 327 276; 59 12 322 276; 59 11 322 274; 58 14 322 276; 58 21 319 278; 59 11 322 276; 58 11 322 277; 58 11 322 277; 58 11 322 277; 

6\6_187_187039.jpg
400 320
26 38 300 258; 26 36 301 261; 24 37 299 260; 24 38 299 261; 36 35 308 254; 25 38 299 260; 25 38 301 261; 25 38 301 261; 25 38 301 261; 

6\6_187_187042.jpg
400 320
110 32 292 284; 110 32 290 287; 112 32 289 274; 111 33 292 289; 106 38 301 284; 112 34 291 292; 112 34 291 289; 112 34 291 289; 112 34 291 289; 

6\6_187_187060.jpg
262 400
34 46 239 321; 32 44 235 321; 34 46 233 318; 34 46 235 322; 50 37 223 341; 34 46 236 322; 32 46 236 321; 32 46 236 321; 32 46 236 321; 

6\6_187_187068.jpg
266 400
6 128 212 388; 4 130 208 382; 8 129 212 382; 2 129 218 388; 6 116 208 382; 3 129 208 354; 27 129 206 216; 4 129 206 388; 10 129 206 268; 

6\6_187_187069.jpg
400 266
47 90 228 265; 44 93 225 266; 44 94 227 266; 44 92 225 266; 31 82 232 259; 46 92 226 266; 45 92 226 266; 45 92 226 266; 45 92 226 266; 

6\6_187_187085.jpg
400 396
138 76 310 384; 138 76 312 389; 140 79 299 387; 139 78 309 396; 150 74 304 385; 137 78 309 352; 193 79 306 193; 194 79 306 193; 189 79 306 193; 

6\6_187_187089.jpg
400 320
14 29 238 206; 15 32 238 196; 16 26 237 184; 16 30 238 196; 24 34 191 193; 18 31 238 198; 14 32 238 202; 14 32 238 198; 14 32 238 202; 

6\6_187_187092.jpg
400 320
140 34 282 309; 139 30 279 318; 141 31 278 316; 140 29 279 320; 142 32 288 297; 141 30 278 313; 140 29 279 320; 140 29 279 320; 140 29 279 320; 

6\6_187_187105.jpg
400 293
85 61 241 201; 88 63 239 200; 88 67 240 198; 88 64 239 199; 58 58 247 212; 89 64 238 198; 90 64 240 198; 90 64 240 198; 90 64 240 198; 

6\6_187_187173.jpg
311 400
26 178 257 386; 22 181 259 381; 18 182 258 386; 19 178 262 388; 29 176 264 378; 18 181 261 354; 18 178 261 386; 18 178 261 386; 18 219 260 386; 

6\6_187_187187.jpg
320 400
153 138 304 349; 153 140 309 342; 152 140 303 343; 153 142 308 347; 141 140 308 338; 154 141 307 346; 153 140 314 347; 153 140 318 347; 153 140 314 347; 

6\6_187_187192.jpg
400 300
40 59 263 282; 34 58 262 285; 34 56 264 285; 33 58 266 285; 29 78 269 272; 33 58 266 286; 32 58 265 285; 32 58 265 285; 32 58 265 285; 

6\6_187_187262.jpg
359 400
29 124 328 346; 33 127 334 342; 33 127 332 341; 32 128 334 345; 31 116 346 320; 34 128 328 342; 32 126 334 348; 32 126 333 344; 32 126 334 348; 

6\6_187_187270.jpg
285 400
38 16 169 394; 38 16 179 396; 38 17 176 391; 38 18 177 394; 34 9 194 395; 39 45 172 352; 38 17 177 394; 38 17 177 394; 38 17 177 394; 

6\6_187_187278.jpg
314 400
66 34 254 274; 69 35 255 269; 71 36 255 267; 69 34 255 268; 58 28 264 261; 68 45 252 268; 69 32 254 268; 69 32 254 268; 69 32 254 268; 

6\6_187_187296.jpg
399 282
126 22 274 257; 125 21 281 260; 125 21 276 258; 123 20 281 258; 111 21 285 264; 122 21 279 259; 124 19 281 259; 124 19 281 259; 124 19 281 259; 

6\6_187_187445.jpg
297 400
100 92 219 307; 100 91 219 307; 99 94 220 309; 98 93 225 310; 94 87 223 306; 100 96 224 310; 98 93 221 309; 98 93 221 309; 98 93 221 309; 

6\6_187_187483.jpg
400 293
24 60 236 257; 26 62 236 254; 26 61 234 254; 26 61 236 257; 19 63 259 250; 26 61 235 256; 27 62 236 258; 27 62 236 258; 27 62 236 258; 

6\6_187_187579.jpg
399 285
56 34 370 223; 56 36 354 226; 56 33 352 225; 57 34 351 225; 39 23 346 234; 152 66 322 195; 56 35 352 223; 56 35 352 223; 56 35 352 223; 

6\6_187_187587.jpg
400 285
64 16 332 270; 64 13 336 276; 62 11 335 275; 63 12 336 278; 64 16 320 258; 64 13 336 276; 64 14 337 277; 64 14 337 277; 64 14 337 277; 

