500

7\7_187_187609.jpg
400 300
41 41 161 271; 38 42 163 268; 39 43 162 272; 39 44 162 272; 28 28 164 272; 39 42 162 272; 38 44 162 271; 38 43 162 272; 38 44 162 271; 

7\7_187_187644.jpg
264 400
35 74 149 328; 37 76 148 324; 35 74 147 323; 36 75 148 324; 34 62 156 320; 37 76 146 324; 36 75 147 324; 36 75 147 324; 36 75 147 324; 

7\7_187_187772.jpg
400 330
13 43 204 319; 15 44 204 323; 13 44 203 323; 13 43 203 323; 30 45 208 318; 13 43 203 323; 14 46 202 323; 281 138 343 187; 14 46 202 323; 

7\7_187_187858.jpg
400 266
64 8 274 222; 62 11 277 222; 66 8 275 222; 65 8 275 224; 56 16 276 222; 64 9 274 222; 65 8 275 223; 65 8 275 223; 65 8 275 223; 

7\7_187_187877.jpg
324 400
54 52 269 264; 61 55 263 262; 59 54 265 263; 61 54 266 264; 75 46 282 243; 61 55 264 262; 61 54 266 263; 61 54 265 263; 61 54 266 263; 

7\7_187_187891.jpg
400 266
234 44 366 231; 232 42 368 225; 232 43 366 226; 232 42 366 225; 228 28 366 248; 232 43 368 227; 232 42 367 226; 232 42 366 226; 232 42 367 226; 

7\7_187_187936.jpg
400 300
116 71 302 258; 112 72 300 260; 114 72 299 254; 114 72 300 259; 106 73 328 248; 114 73 299 258; 115 72 299 258; 114 72 299 258; 115 72 299 258; 

7\7_187_187965.jpg
400 265
204 2 392 256; 206 2 399 264; 207 1 400 264; 206 1 400 265; 199 1 399 259; 207 1 399 265; 239 18 309 102; 236 18 309 102; 239 1 383 129; 

7\7_187_187975.jpg
400 286
40 36 254 251; 37 38 255 261; 39 37 256 258; 38 36 258 260; 48 28 258 248; 38 38 257 261; 39 36 251 259; 38 36 251 260; 39 36 251 259; 

7\7_188_188008.jpg
400 300
99 114 299 224; 101 116 300 223; 103 115 297 221; 102 115 296 226; 92 98 306 239; 101 116 297 226; 102 116 297 226; 101 116 297 226; 102 116 297 226; 

7\7_188_188009.jpg
400 301
50 60 386 249; 52 62 389 244; 49 62 388 241; 50 61 386 252; 43 58 389 262; 48 61 387 254; 49 61 301 252; 49 61 302 252; 49 61 301 252; 

7\7_188_188016.jpg
307 400
52 40 255 368; 48 42 259 381; 49 42 259 382; 51 42 259 382; 48 49 262 352; 50 45 258 354; 48 42 152 88; 48 42 154 88; 48 42 152 147; 

7\7_188_188041.jpg
266 400
13 164 236 322; 14 162 246 316; 12 164 248 317; 13 163 246 319; 27 163 249 307; 13 164 249 318; 12 162 245 319; 81 162 158 241; 12 162 245 319; 

7\7_188_188045.jpg
400 266
52 43 168 183; 51 42 166 185; 52 45 166 182; 52 45 165 182; 53 40 186 193; 52 45 166 182; 52 44 164 182; 51 44 164 182; 52 44 164 182; 

7\7_188_188053.jpg
400 266
103 50 369 221; 106 54 371 228; 107 52 369 228; 107 55 369 228; 102 51 372 229; 106 56 370 228; 107 55 369 228; 107 55 370 202; 107 55 369 228; 

7\7_188_188076.jpg
400 285
58 84 290 223; 62 86 294 223; 56 87 296 223; 56 86 296 225; 43 80 298 225; 56 86 296 225; 55 87 297 224; 55 86 297 224; 55 87 297 224; 

7\7_188_188077.jpg
285 400
78 31 249 318; 79 29 248 332; 78 29 248 317; 79 30 248 336; 79 46 252 306; 77 46 248 337; 78 29 247 329; 76 29 247 329; 78 29 247 329; 

7\7_188_188080.jpg
400 320
32 62 372 264; 33 58 375 255; 31 58 374 256; 30 58 373 258; 41 60 379 273; 31 57 374 258; 31 58 374 258; 31 56 374 258; 31 58 374 258; 

7\7_188_188150.jpg
400 248
66 64 341 182; 66 64 344 180; 67 65 342 178; 67 65 341 179; 66 59 342 179; 66 66 340 178; 66 65 342 179; 66 65 342 178; 66 65 342 179; 

7\7_188_188152.jpg
400 268
42 66 270 240; 47 64 271 238; 114 100 207 189; 46 66 271 238; 62 79 268 231; 49 69 272 237; 113 99 207 191; 113 99 207 191; 46 68 269 234; 

7\7_188_188170.jpg
400 253
34 36 294 168; 36 37 302 172; 104 37 253 165; 34 37 304 168; 32 42 305 182; 34 37 302 168; 192 82 302 167; 192 82 302 167; 34 38 302 167; 

7\7_188_188171.jpg
348 400
52 66 272 344; 56 65 272 341; 55 64 272 342; 56 64 271 342; 62 61 270 343; 54 63 271 341; 55 63 271 313; 55 63 271 313; 55 63 271 313; 

7\7_188_188172.jpg
356 400
68 84 326 382; 68 82 328 385; 68 82 326 383; 68 81 326 384; 68 85 324 354; 68 82 326 353; 67 81 326 363; 67 81 326 363; 67 81 326 363; 

7\7_188_188221.jpg
400 266
38 144 253 236; 39 144 254 234; 39 146 252 231; 39 145 251 231; 31 144 264 234; 39 145 251 232; 39 146 251 233; 39 146 251 233; 39 146 251 233; 

7\7_188_188270.jpg
285 400
21 82 182 356; 17 81 182 350; 16 82 184 354; 15 82 184 356; 21 81 172 350; 15 82 184 354; 124 82 184 145; 124 82 183 145; 124 82 184 145; 

7\7_188_188335.jpg
400 293
66 74 314 236; 68 78 317 239; 66 77 316 229; 64 77 318 233; 68 72 301 230; 66 77 315 234; 65 77 317 241; 65 77 318 228; 65 77 317 241; 

7\7_188_188357.jpg
400 250
148 46 336 204; 148 49 334 204; 149 52 336 203; 149 46 334 204; 146 45 348 221; 148 52 334 203; 148 48 335 203; 148 50 335 203; 148 48 335 203; 

7\7_188_188375.jpg
400 300
89 31 373 260; 86 31 374 260; 88 32 374 260; 86 30 375 259; 107 52 374 263; 87 31 375 259; 209 31 314 130; 209 31 314 129; 88 31 314 211; 

7\7_188_188376.jpg
400 300
56 80 306 244; 50 82 307 251; 169 82 304 198; 52 81 305 250; 56 89 312 243; 52 82 303 249; 169 81 304 248; 169 81 304 212; 169 81 304 248; 

7\7_188_188443.jpg
400 265
42 14 232 250; 38 14 232 244; 101 16 231 249; 36 16 232 256; 55 21 241 243; 37 17 231 254; 36 16 232 254; 101 16 232 253; 36 16 232 254; 

7\7_188_188465.jpg
400 300
150 8 351 254; 149 7 354 254; 148 5 352 254; 148 4 352 254; 159 8 354 268; 147 4 352 254; 148 6 353 254; 148 4 353 254; 148 6 353 254; 

7\7_188_188612.jpg
400 266
178 8 371 196; 179 9 372 195; 179 8 369 200; 178 8 371 199; 168 3 372 193; 178 7 370 198; 178 8 371 200; 178 8 371 201; 178 8 371 200; 

7\7_188_188629.jpg
400 266
82 25 349 234; 82 26 348 242; 83 39 351 238; 82 25 351 242; 67 26 362 242; 82 26 351 241; 82 26 352 240; 82 26 352 241; 82 26 352 240; 

7\7_188_188631.jpg
400 266
182 60 365 188; 185 59 362 185; 184 60 362 182; 185 59 362 186; 175 52 369 191; 183 60 363 187; 184 60 363 186; 184 60 363 185; 184 60 363 186; 

7\7_188_188644.jpg
400 300
78 25 339 296; 75 26 341 298; 78 26 341 298; 78 25 339 297; 74 28 342 296; 78 26 340 295; 77 26 341 299; 77 26 341 297; 77 26 341 299; 

7\7_188_188671.jpg
300 400
78 84 266 292; 81 85 258 294; 81 88 258 288; 81 86 258 294; 86 74 258 256; 81 84 258 248; 81 123 238 293; 81 123 238 292; 81 84 257 293; 

7\7_188_188715.jpg
310 400
24 42 276 318; 35 42 279 319; 26 42 278 319; 28 41 279 319; 33 51 272 321; 31 45 280 319; 36 42 279 321; 36 41 279 321; 36 42 279 321; 

7\7_188_188770.jpg
400 270
86 14 310 246; 89 15 309 251; 87 17 311 249; 86 16 311 252; 97 28 304 253; 87 16 310 252; 86 16 311 252; 86 16 311 253; 86 16 311 252; 

7\7_188_188794.jpg
400 400
12 134 190 302; 16 136 189 309; 13 137 188 307; 14 137 188 306; 28 126 188 300; 13 137 187 306; 12 137 188 303; 12 137 188 305; 12 137 188 303; 

7\7_188_188816.jpg
400 265
88 56 354 143; 92 59 354 147; 92 59 354 144; 90 59 352 144; 92 52 356 146; 92 58 353 145; 91 58 353 144; 92 58 353 144; 91 58 353 144; 

7\7_188_188817.jpg
400 183
58 26 338 169; 58 26 338 164; 58 26 338 164; 58 25 338 165; 51 22 339 169; 59 26 339 166; 198 7 338 165; 204 26 338 165; 198 7 338 165; 

7\7_188_188821.jpg
400 301
35 37 356 251; 35 36 356 252; 33 36 357 255; 33 35 361 254; 39 34 364 261; 34 36 356 255; 34 35 359 254; 33 35 359 255; 34 35 359 254; 

7\7_188_188829.jpg
400 300
44 32 303 298; 48 37 304 300; 47 34 302 300; 44 36 304 300; 53 37 303 300; 47 34 303 300; 45 35 301 300; 45 35 303 300; 45 35 301 300; 

7\7_188_188858.jpg
400 266
109 4 310 262; 105 5 315 266; 97 2 313 266; 104 4 315 266; 88 13 314 263; 106 5 314 266; 104 4 314 266; 104 4 314 266; 104 4 314 266; 

7\7_188_188878.jpg
400 266
157 1 258 265; 162 1 258 267; 162 1 259 267; 162 1 258 267; 153 0 264 267; 161 1 257 265; 161 0 257 267; 161 0 257 267; 161 0 257 267; 

7\7_188_188879.jpg
365 400
99 122 281 398; 96 121 280 400; 98 122 282 391; 97 121 281 400; 93 130 292 395; 98 122 281 354; 98 121 282 400; 98 121 282 391; 98 121 282 400; 

7\7_188_188898.jpg
400 300
98 58 316 292; 95 58 319 291; 101 58 320 291; 99 60 318 289; 108 53 317 299; 100 61 319 298; 99 60 319 292; 99 60 320 297; 99 60 319 292; 

7\7_188_188900.jpg
300 400
78 103 218 356; 79 102 218 348; 77 106 219 349; 78 104 219 352; 81 93 231 362; 76 105 218 351; 78 104 218 352; 78 104 219 352; 78 104 218 352; 

7\7_188_188931.jpg
400 300
48 50 284 292; 41 52 288 300; 39 54 287 300; 42 53 287 300; 51 54 271 294; 42 55 265 299; 39 55 262 300; 40 54 266 300; 39 55 262 300; 

7\7_188_188996.jpg
400 180
128 45 396 178; 128 44 399 180; 128 47 400 180; 128 47 400 180; 131 38 398 180; 128 46 399 179; 128 47 399 179; 128 47 399 179; 128 47 399 179; 

7\7_189_189052.jpg
345 400
102 96 269 312; 100 98 265 313; 103 100 260 311; 104 99 266 314; 103 95 278 328; 104 101 267 314; 103 99 264 314; 103 99 266 314; 103 99 264 314; 

7\7_189_189055.jpg
400 354
64 88 300 338; 58 83 299 339; 61 86 299 337; 59 81 294 336; 65 85 314 329; 202 81 294 188; 110 84 291 228; 108 84 291 228; 115 86 291 228; 

7\7_189_189091.jpg
400 288
120 20 366 252; 137 21 369 252; 138 22 369 253; 138 22 369 251; 133 22 370 259; 136 22 369 250; 9 168 161 279; 40 217 161 288; 137 21 369 252; 

7\7_189_189111.jpg
400 300
20 30 290 266; 15 29 283 268; 19 30 294 268; 19 31 286 270; 21 46 304 265; 20 31 284 269; 19 30 312 268; 241 187 367 300; 19 30 312 268; 

7\7_189_189150.jpg
399 269
146 23 325 212; 144 22 325 211; 146 22 326 213; 143 21 325 211; 143 29 345 220; 145 22 324 211; 144 22 325 213; 144 22 326 213; 144 22 325 213; 

7\7_189_189216.jpg
400 266
123 31 271 246; 126 31 270 249; 124 33 266 244; 124 32 266 242; 106 32 278 252; 126 32 268 244; 125 31 268 244; 123 31 268 244; 125 31 268 244; 

7\7_189_189231.jpg
274 400
41 158 149 368; 39 152 148 369; 39 155 146 367; 36 154 148 374; 42 162 154 368; 52 155 146 284; 40 154 147 373; 51 154 147 286; 40 154 147 373; 

7\7_189_189257.jpg
400 400
26 18 308 302; 26 15 312 303; 28 19 312 303; 28 15 311 305; 33 21 321 292; 27 45 311 304; 25 17 312 302; 25 17 312 305; 25 17 312 302; 

7\7_189_189291.jpg
400 300
79 79 188 297; 75 80 189 296; 77 81 187 296; 78 81 188 296; 78 66 188 296; 76 81 187 296; 281 107 392 286; 281 107 392 286; 281 107 392 286; 

7\7_189_189358.jpg
400 266
92 20 322 222; 91 19 324 224; 91 19 322 224; 91 19 321 224; 92 21 327 206; 92 20 322 225; 91 19 322 225; 91 19 322 225; 91 19 322 225; 

7\7_189_189395.jpg
400 300
108 71 386 295; 103 65 391 299; 105 72 389 300; 106 72 390 300; 116 52 398 300; 122 66 357 214; 121 116 247 182; 121 116 243 182; 121 71 353 215; 

7\7_189_189445.jpg
400 262
78 85 366 211; 77 84 352 209; 78 143 355 209; 78 82 356 210; 70 126 381 231; 78 82 353 209; 78 81 352 209; 78 81 354 209; 78 81 352 209; 

7\7_189_189447.jpg
227 400
42 118 199 388; 43 120 201 400; 44 119 199 391; 42 119 200 400; 51 114 211 400; 44 119 199 355; 43 119 198 399; 43 119 199 400; 43 119 198 399; 

7\7_189_189451.jpg
300 400
57 22 242 364; 54 25 242 366; 55 22 245 368; 55 21 242 365; 47 21 248 364; 55 46 243 353; 55 22 245 368; 55 22 245 369; 55 22 245 368; 

7\7_189_189454.jpg
400 400
28 42 331 354; 32 41 339 356; 29 40 261 339; 30 39 336 355; 39 22 337 370; 29 45 259 349; 66 286 111 333; 66 286 111 332; 30 41 338 356; 

7\7_189_189457.jpg
400 300
52 18 256 296; 47 18 262 300; 43 18 263 300; 44 16 261 300; 37 28 268 300; 46 18 241 216; 50 18 241 175; 50 18 242 215; 50 18 242 215; 

7\7_189_189629.jpg
400 266
76 52 326 263; 69 54 331 266; 69 54 329 266; 69 52 330 266; 62 38 333 264; 161 52 251 144; 159 52 250 144; 159 52 251 155; 159 52 250 156; 

7\7_189_189652.jpg
400 266
196 16 341 263; 193 16 346 266; 191 16 347 266; 191 16 345 266; 191 17 350 264; 222 16 301 121; 222 16 302 121; 222 16 302 122; 222 16 302 161; 

7\7_189_189653.jpg
400 266
152 10 384 264; 148 8 387 266; 146 9 387 266; 149 9 385 266; 143 11 392 267; 181 8 320 162; 181 9 321 162; 181 9 324 162; 181 9 320 240; 

7\7_189_189654.jpg
400 266
186 14 348 263; 189 14 356 266; 189 12 357 266; 190 13 356 266; 170 13 356 266; 216 12 297 122; 212 12 296 122; 212 12 296 124; 212 12 300 196; 

7\7_189_189656.jpg
400 266
196 18 372 259; 189 18 369 258; 191 18 367 258; 191 17 368 257; 184 4 371 254; 274 18 367 131; 272 17 366 132; 272 17 368 132; 272 17 363 159; 

7\7_189_189668.jpg
400 266
54 20 274 265; 51 21 278 266; 52 23 276 266; 54 21 275 266; 48 20 274 267; 100 21 221 155; 100 24 219 156; 100 24 221 156; 100 24 220 207; 

7\7_189_189749.jpg
400 305
111 121 275 259; 117 121 271 259; 116 122 272 259; 112 122 272 260; 105 107 282 261; 116 122 272 260; 116 121 274 260; 116 121 274 260; 116 121 274 260; 

7\7_189_189839.jpg
400 300
84 10 338 262; 87 9 339 259; 88 11 338 258; 86 10 338 259; 73 8 346 252; 87 11 339 259; 86 95 224 258; 86 95 224 259; 86 95 224 258; 

7\7_190_190013.jpg
400 300
117 32 369 292; 116 35 366 299; 167 34 367 189; 116 34 366 300; 126 26 382 293; 168 32 367 191; 197 119 271 189; 197 119 269 189; 197 119 271 189; 

7\7_190_190099.jpg
320 400
16 56 254 357; 14 57 254 366; 16 56 256 361; 14 56 256 379; 19 50 264 353; 15 56 256 353; 16 57 254 379; 16 57 255 364; 16 57 254 379; 

7\7_190_190101.jpg
400 320
62 31 278 275; 66 33 286 276; 68 31 281 277; 68 32 281 275; 54 26 276 313; 68 33 282 275; 68 32 283 276; 68 32 283 276; 68 32 283 276; 

7\7_190_190106.jpg
400 266
136 28 224 188; 137 29 225 188; 138 25 223 184; 138 27 225 188; 150 21 224 241; 138 26 224 187; 138 26 224 188; 138 26 224 188; 138 26 224 188; 

7\7_190_190188.jpg
400 300
100 60 298 238; 101 56 296 239; 101 61 298 238; 100 62 298 240; 99 47 302 227; 101 61 296 239; 99 59 297 239; 99 59 297 241; 99 59 297 239; 

7\7_190_190198.jpg
400 300
30 104 220 278; 27 103 221 279; 46 114 181 227; 30 102 220 279; 22 106 238 269; 46 114 180 228; 30 106 221 281; 30 102 221 281; 30 106 221 281; 

7\7_190_190257.jpg
400 300
72 34 330 270; 73 36 336 271; 73 37 341 268; 74 36 339 271; 68 36 358 264; 74 36 341 271; 73 36 342 271; 73 36 343 271; 73 36 342 271; 

7\7_190_190266.jpg
285 400
90 32 223 380; 91 31 226 394; 89 31 226 389; 91 30 225 395; 83 22 233 390; 91 45 225 354; 90 30 225 392; 90 30 225 392; 90 30 225 392; 

7\7_190_190268.jpg
285 400
82 80 219 384; 84 75 221 381; 83 73 220 381; 82 71 220 382; 86 62 216 391; 84 71 219 354; 83 71 220 384; 83 71 219 384; 83 71 220 384; 

7\7_190_190361.jpg
400 266
108 96 276 235; 111 97 273 236; 112 99 274 233; 109 99 274 233; 95 89 282 233; 111 99 274 234; 167 168 231 234; 167 168 231 234; 108 98 274 234; 

7\7_190_190363.jpg
400 266
68 42 248 174; 64 44 255 176; 66 45 254 144; 64 42 258 176; 65 43 248 169; 64 43 256 148; 64 42 254 174; 64 42 254 173; 64 42 254 174; 

7\7_190_190595.jpg
265 400
102 119 192 350; 103 118 198 352; 103 118 199 350; 102 118 198 352; 98 113 206 355; 104 119 199 351; 103 118 201 351; 103 118 201 350; 103 118 201 351; 

7\7_190_190605.jpg
400 366
130 60 283 349; 134 61 284 366; 132 59 283 365; 131 61 282 366; 122 50 288 361; 132 60 282 338; 184 70 230 142; 184 70 230 142; 184 70 230 142; 

7\7_190_190623.jpg
400 266
52 29 309 266; 51 28 316 266; 53 29 316 266; 51 29 315 266; 59 28 307 262; 51 29 317 266; 51 28 308 223; 51 28 308 224; 51 28 308 223; 

7\7_190_190712.jpg
400 265
54 57 336 210; 54 60 338 214; 155 87 216 212; 58 61 336 212; 44 52 352 171; 59 61 336 210; 152 86 218 211; 152 86 218 212; 152 86 218 211; 

7\7_190_190778.jpg
400 266
133 21 230 263; 133 17 234 266; 132 17 232 266; 132 16 231 266; 122 16 233 258; 132 16 232 264; 132 16 232 266; 131 16 232 266; 132 16 232 266; 

7\7_190_190781.jpg
400 266
195 67 319 253; 197 65 317 252; 197 66 316 252; 196 66 315 252; 188 61 327 254; 196 66 317 252; 195 66 316 254; 195 66 314 254; 195 66 316 254; 

7\7_190_190783.jpg
400 266
159 25 259 249; 159 28 262 256; 160 27 262 254; 160 28 261 257; 144 22 282 246; 161 28 262 257; 160 29 263 252; 160 26 263 251; 160 29 263 252; 

7\7_190_190869.jpg
400 309
38 38 366 229; 39 38 371 235; 39 38 369 230; 38 38 371 233; 42 32 379 242; 37 36 368 234; 39 36 104 124; 39 36 106 124; 39 36 368 232; 

7\7_190_190902.jpg
293 400
53 47 231 396; 53 49 219 400; 54 46 229 392; 55 48 221 400; 48 45 233 389; 55 48 221 351; 66 48 221 351; 63 48 221 351; 66 48 221 351; 

7\7_190_190969.jpg
400 266
30 46 222 236; 30 47 218 236; 29 48 221 221; 30 47 221 238; 18 46 231 228; 31 47 221 236; 30 47 221 236; 30 47 221 236; 30 47 221 236; 

7\7_190_190978.jpg
400 266
26 52 344 220; 31 51 343 226; 29 51 343 226; 31 47 345 226; 27 48 364 213; 31 50 344 226; 31 49 344 227; 31 49 344 228; 31 49 344 227; 

7\7_190_190999.jpg
400 355
134 124 276 249; 132 124 279 249; 139 126 277 244; 135 128 278 246; 10 16 392 342; 135 142 181 211; 136 128 274 249; 141 128 274 246; 136 128 274 249; 

7\7_191_191004.jpg
400 300
14 112 365 216; 15 116 379 216; 16 114 363 212; 16 114 362 216; 27 101 371 218; 16 116 364 216; 16 114 363 216; 282 147 334 198; 16 114 363 216; 

7\7_191_191005.jpg
400 300
14 152 351 252; 12 151 352 258; 16 154 351 251; 15 152 354 255; 14 142 368 260; 16 154 353 253; 14 154 353 252; 271 185 323 236; 14 154 353 252; 

7\7_191_191007.jpg
400 300
34 88 241 231; 39 88 240 228; 39 89 241 222; 40 86 241 224; 27 84 268 250; 39 86 241 225; 38 88 242 224; 38 88 242 224; 38 88 242 224; 

7\7_191_191008.jpg
400 300
32 126 348 272; 36 131 351 272; 39 132 346 268; 32 131 346 271; 41 116 364 276; 36 132 346 271; 34 132 346 271; 34 132 346 271; 34 132 346 271; 

7\7_191_191009.jpg
400 300
38 112 392 205; 41 112 396 206; 41 114 397 202; 40 114 398 210; 42 109 398 215; 41 114 397 209; 41 112 396 210; 299 154 352 208; 41 112 396 210; 

7\7_191_191025.jpg
400 300
90 144 386 236; 87 142 398 236; 90 142 399 211; 90 144 400 238; 75 129 398 248; 90 144 400 239; 106 142 169 198; 106 142 170 198; 88 142 398 236; 

7\7_191_191094.jpg
266 400
23 99 234 379; 25 105 238 382; 46 104 236 368; 24 98 237 382; 16 91 241 382; 26 99 238 355; 27 268 235 371; 189 159 212 214; 27 268 235 371; 

7\7_191_191137.jpg
400 300
24 76 205 295; 24 73 207 300; 25 72 204 299; 24 74 205 300; 22 72 202 300; 59 72 166 193; 209 158 258 207; 209 158 258 207; 59 74 165 192; 

7\7_191_191154.jpg
400 266
28 68 368 171; 30 67 374 175; 29 67 374 172; 29 69 376 173; 13 57 377 192; 30 69 373 173; 29 69 374 172; 76 120 124 169; 29 69 374 172; 

7\7_191_191174.jpg
400 300
107 28 380 268; 112 28 376 266; 113 26 377 238; 112 26 375 270; 41 31 379 257; 111 27 376 271; 0 26 376 272; 1 26 376 272; 0 26 376 272; 

7\7_191_191197.jpg
400 331
128 159 280 328; 124 161 281 329; 126 160 279 329; 128 158 279 328; 115 144 280 311; 128 159 281 319; 127 160 281 328; 127 160 280 328; 127 160 281 328; 

7\7_191_191272.jpg
400 266
82 36 350 263; 81 37 334 266; 80 36 293 216; 81 36 339 265; 61 31 332 263; 79 36 332 266; 81 36 341 266; 79 36 341 266; 81 36 341 266; 

7\7_191_191278.jpg
400 266
62 38 232 228; 61 38 232 234; 62 40 231 231; 61 41 231 232; 57 35 234 209; 61 39 231 231; 61 39 231 232; 61 39 232 231; 61 39 231 232; 

7\7_191_191307.jpg
281 400
42 65 233 326; 38 72 236 329; 40 71 234 329; 39 74 233 328; 28 72 235 332; 40 69 233 328; 39 72 234 328; 39 72 234 328; 39 72 234 328; 

7\7_191_191341.jpg
400 276
81 31 320 267; 81 31 318 265; 84 34 316 262; 81 33 318 266; 84 33 314 261; 82 32 318 264; 81 32 318 264; 162 111 231 185; 81 32 318 264; 

7\7_191_191373.jpg
400 246
66 4 239 239; 59 4 237 246; 62 5 237 247; 61 6 239 246; 59 9 237 243; 84 5 183 137; 79 5 181 139; 79 5 183 183; 79 5 181 141; 

7\7_191_191513.jpg
400 290
74 30 366 238; 69 29 373 244; 71 29 371 241; 70 28 370 242; 74 27 361 230; 156 28 331 240; 159 26 332 242; 154 26 332 242; 159 26 332 242; 

7\7_191_191527.jpg
301 400
38 100 263 364; 36 100 268 370; 36 101 266 369; 38 100 264 371; 36 79 280 372; 34 99 266 353; 37 101 267 369; 37 99 267 369; 37 101 267 369; 

7\7_191_191528.jpg
400 338
100 64 259 312; 101 64 258 312; 101 63 259 313; 100 65 261 312; 102 58 273 304; 101 64 260 312; 101 138 259 312; 101 138 259 314; 101 138 259 312; 

7\7_191_191563.jpg
400 267
108 30 362 245; 103 19 364 251; 163 54 322 198; 105 21 364 249; 121 29 366 244; 163 54 318 198; 105 22 367 248; 105 22 367 250; 105 22 367 248; 

7\7_191_191567.jpg
400 275
70 18 330 271; 69 19 336 275; 136 19 261 124; 70 20 334 275; 81 20 328 258; 71 19 335 275; 138 20 261 123; 138 20 261 123; 138 20 261 123; 

7\7_191_191576.jpg
265 400
81 94 233 398; 77 93 234 394; 160 92 232 390; 80 94 231 395; 102 90 234 383; 119 93 234 354; 118 93 232 395; 118 93 232 395; 81 93 232 395; 

7\7_192_192101.jpg
400 285
64 16 332 270; 62 12 334 274; 64 13 335 277; 62 12 336 277; 65 17 323 274; 64 14 334 276; 63 12 336 277; 63 12 336 277; 63 12 336 277; 

7\7_192_192173.jpg
400 266
120 70 256 241; 121 72 258 238; 158 84 237 208; 119 72 259 242; 126 86 250 236; 120 72 259 242; 158 84 237 209; 158 84 239 209; 158 84 237 209; 

7\7_192_192202.jpg
400 266
16 56 286 192; 18 56 288 192; 18 56 288 198; 19 56 289 198; 29 53 291 188; 22 56 287 196; 18 56 288 197; 18 56 288 197; 18 56 288 197; 

7\7_192_192350.jpg
266 400
74 68 227 360; 67 69 231 360; 67 68 229 359; 70 67 228 358; 63 76 233 358; 68 67 228 354; 69 66 226 360; 66 66 226 359; 69 66 226 360; 

7\7_192_192365.jpg
399 272
132 45 321 261; 134 38 324 262; 131 37 325 259; 131 36 325 262; 133 32 321 260; 131 38 324 259; 131 38 324 261; 131 40 324 261; 131 38 324 261; 

7\7_192_192428.jpg
400 265
52 19 271 266; 52 18 269 258; 51 17 269 251; 54 19 269 258; 49 23 272 251; 54 18 270 256; 52 18 269 259; 52 18 269 259; 52 18 269 259; 

7\7_192_192549.jpg
266 400
22 114 214 394; 19 111 219 397; 20 111 217 390; 21 111 219 397; 31 95 195 395; 45 112 176 354; 57 126 94 165; 57 126 94 165; 57 109 141 212; 

7\7_192_192563.jpg
400 300
84 48 348 248; 91 46 344 241; 89 46 339 232; 92 46 342 241; 102 31 342 235; 89 46 343 241; 87 45 343 242; 87 45 343 242; 87 45 343 242; 

7\7_192_192564.jpg
400 344
86 140 263 233; 89 140 258 234; 84 140 261 231; 88 139 264 232; 75 114 257 238; 82 139 259 233; 86 148 260 232; 86 148 261 231; 86 148 260 232; 

7\7_192_192682.jpg
400 300
114 38 276 236; 114 39 271 229; 138 40 268 226; 114 38 270 225; 88 36 310 228; 122 38 269 225; 124 38 269 226; 124 38 269 226; 124 38 269 226; 

7\7_192_192719.jpg
400 266
16 4 254 265; 20 0 249 265; 17 1 248 266; 14 0 248 266; 17 2 250 263; 16 2 248 259; 51 139 229 266; 51 139 75 266; 51 139 229 266; 

7\7_192_192727.jpg
400 360
128 14 340 344; 128 10 344 345; 129 9 347 344; 130 9 343 344; 142 18 348 342; 130 25 349 333; 132 8 346 345; 18 8 346 346; 132 8 346 345; 

7\7_192_192856.jpg
400 333
38 64 244 302; 33 66 245 292; 32 67 245 292; 29 66 244 293; 17 64 255 297; 36 68 245 294; 34 66 245 294; 34 66 245 294; 34 66 245 294; 

7\7_192_192869.jpg
400 300
241 16 366 292; 246 21 367 299; 246 22 365 300; 245 19 366 300; 228 18 370 300; 245 19 366 300; 245 21 367 300; 245 21 367 300; 245 21 367 300; 

7\7_192_192893.jpg
266 400
44 118 266 383; 44 119 265 399; 42 119 266 400; 45 119 266 400; 46 108 266 400; 45 118 264 398; 42 118 266 399; 42 118 266 399; 42 118 266 399; 

7\7_192_192895.jpg
400 266
58 66 272 264; 55 61 274 266; 54 60 273 266; 58 62 274 266; 24 52 282 264; 59 61 274 266; 58 63 274 266; 58 63 274 266; 58 63 274 266; 

7\7_192_192907.jpg
400 301
15 54 378 236; 18 53 389 241; 16 54 389 241; 16 53 391 241; 22 80 387 256; 15 53 389 241; 14 54 389 241; 14 54 389 241; 14 54 389 241; 

7\7_192_192928.jpg
400 321
56 44 305 181; 55 44 304 188; 56 44 304 186; 56 41 305 186; 59 34 316 204; 56 44 304 187; 56 44 304 186; 56 44 304 186; 56 44 304 186; 

7\7_193_193017.jpg
399 266
90 20 267 242; 90 22 269 238; 90 24 268 239; 90 23 266 240; 79 24 294 216; 96 22 267 239; 92 22 267 246; 134 59 267 246; 92 22 267 246; 

7\7_193_193020.jpg
400 300
90 58 324 228; 89 58 316 223; 93 59 318 224; 88 59 325 227; 92 40 346 233; 92 59 318 228; 258 128 399 195; 214 124 239 135; 258 128 399 195; 

7\7_193_193048.jpg
400 300
69 114 335 282; 74 113 336 285; 130 114 304 207; 72 112 332 289; 81 75 343 281; 73 116 332 288; 72 187 333 289; 0 234 103 292; 72 187 333 289; 

7\7_193_193104.jpg
266 400
62 106 254 292; 64 108 257 294; 63 107 258 292; 62 107 258 293; 65 108 260 286; 64 106 258 292; 64 106 257 292; 64 106 257 292; 64 106 257 292; 

7\7_193_193139.jpg
400 287
82 64 159 247; 82 68 164 247; 83 66 162 243; 82 64 161 249; 76 58 171 247; 82 66 161 248; 79 66 161 250; 79 66 161 250; 79 66 161 250; 

7\7_193_193494.jpg
400 268
26 64 298 252; 25 64 299 243; 24 64 298 246; 24 64 298 246; 26 59 309 258; 26 65 298 246; 24 63 298 247; 24 63 298 247; 24 63 298 247; 

7\7_193_193944.jpg
400 381
28 72 286 316; 21 71 288 324; 22 70 286 317; 22 71 287 323; 18 73 280 318; 23 71 286 321; 22 70 287 322; 22 70 287 322; 22 70 287 322; 

7\7_193_193945.jpg
326 400
36 6 199 388; 38 1 198 388; 38 10 198 218; 39 1 198 386; 33 9 199 388; 38 45 198 221; 38 146 197 386; 38 146 199 221; 38 19 194 386; 

7\7_193_193972.jpg
400 342
114 32 390 262; 114 29 394 267; 114 29 396 268; 114 31 395 268; 112 9 398 281; 114 29 396 267; 114 29 395 268; 114 29 395 268; 114 29 395 268; 

7\7_193_193991.jpg
400 300
19 110 298 244; 18 111 295 246; 18 111 298 246; 17 108 298 245; 12 118 317 256; 18 109 298 244; 16 109 298 245; 155 84 193 122; 16 109 298 245; 

7\7_194_194027.jpg
293 400
54 122 191 256; 52 120 196 259; 53 121 194 259; 53 120 193 258; 48 110 203 263; 54 120 194 258; 106 121 194 201; 105 121 194 201; 106 121 194 201; 

7\7_194_194034.jpg
400 318
14 13 376 224; 23 14 380 223; 14 12 377 225; 14 12 379 227; 24 22 369 210; 14 13 378 224; 20 109 227 191; 20 109 228 191; 20 11 377 222; 

7\7_194_194103.jpg
266 400
84 204 232 318; 84 204 234 321; 89 206 234 319; 86 205 234 318; 78 206 251 314; 89 206 232 318; 86 206 234 318; 86 206 234 318; 86 206 234 318; 

7\7_194_194181.jpg
399 302
60 100 382 252; 59 100 383 258; 57 159 219 255; 57 101 384 263; 49 15 390 256; 59 100 383 264; 57 159 219 263; 57 159 219 263; 57 159 219 263; 

7\7_194_194183.jpg
400 266
124 8 359 231; 116 9 358 227; 118 9 359 225; 119 9 359 226; 107 17 369 219; 118 10 359 225; 119 10 361 226; 119 10 361 226; 119 10 361 226; 

7\7_194_194203.jpg
400 286
208 64 360 279; 209 66 357 280; 209 68 356 278; 208 66 355 280; 202 60 362 278; 209 66 358 279; 208 66 356 280; 208 66 356 280; 208 66 356 280; 

7\7_194_194215.jpg
400 300
32 74 291 296; 34 74 301 298; 32 75 301 300; 34 74 304 300; 31 76 289 295; 33 76 301 299; 79 99 173 180; 79 99 173 182; 79 76 209 180; 

7\7_194_194229.jpg
300 400
40 139 252 298; 38 141 254 299; 41 142 253 298; 39 141 254 298; 45 135 255 311; 41 139 253 298; 39 141 254 298; 39 141 254 298; 39 141 254 298; 

7\7_194_194243.jpg
400 400
37 87 369 310; 36 86 368 315; 36 87 371 315; 36 88 373 317; 37 83 377 310; 36 88 372 316; 35 87 374 316; 35 87 374 316; 35 87 374 316; 

7\7_194_194244.jpg
400 305
62 48 370 248; 61 48 372 243; 61 49 374 246; 61 48 377 246; 67 48 369 254; 61 49 374 245; 60 49 373 246; 60 49 373 246; 60 49 373 246; 

7\7_194_194269.jpg
400 310
101 120 319 281; 102 122 328 285; 104 122 325 285; 104 122 328 284; 96 113 312 288; 103 122 326 285; 103 122 326 285; 103 122 326 282; 103 122 326 285; 

7\7_194_194271.jpg
400 300
161 49 338 259; 158 51 338 263; 160 50 398 291; 159 50 335 263; 175 46 344 260; 159 50 335 264; 159 50 336 263; 159 50 336 263; 159 50 336 263; 

7\7_194_194272.jpg
400 400
218 162 384 353; 222 162 389 356; 222 162 388 355; 222 161 388 356; 213 155 400 365; 223 162 389 354; 222 162 389 355; 222 162 389 355; 222 162 389 355; 

7\7_194_194797.jpg
351 400
135 32 217 356; 134 35 214 356; 139 35 214 353; 138 35 214 353; 110 40 242 362; 139 45 214 355; 165 36 205 74; 165 34 205 74; 165 36 205 74; 

7\7_194_194808.jpg
191 400
64 34 139 339; 66 28 139 341; 82 26 116 206; 66 24 141 339; 53 18 156 340; 68 45 139 339; 67 208 141 340; 67 209 141 340; 69 24 141 340; 

7\7_194_194833.jpg
400 320
209 86 330 258; 210 86 334 260; 208 87 329 256; 210 87 336 257; 205 58 333 270; 211 85 334 257; 208 85 335 258; 207 85 335 258; 208 85 335 258; 

7\7_194_194854.jpg
400 266
52 44 264 253; 53 36 266 256; 54 37 266 251; 55 32 265 255; 59 36 275 250; 54 35 264 254; 54 34 265 255; 54 34 265 255; 54 34 265 255; 

7\7_194_194859.jpg
400 266
22 89 380 239; 21 90 386 244; 22 90 386 240; 22 91 385 241; 16 76 392 241; 21 90 384 247; 21 90 386 245; 21 90 386 245; 21 90 386 245; 

7\7_194_194899.jpg
400 266
38 46 277 233; 42 45 278 233; 41 47 278 231; 42 48 277 231; 28 50 279 234; 42 114 185 232; 41 114 185 232; 41 113 186 232; 41 44 276 232; 

7\7_194_194908.jpg
400 266
50 22 274 245; 52 22 275 246; 50 22 272 242; 50 22 272 244; 40 26 283 251; 49 22 273 243; 49 22 274 244; 49 22 274 244; 49 22 274 244; 

7\7_194_194993.jpg
400 300
36 16 234 235; 35 16 232 233; 37 17 234 233; 37 16 235 232; 20 8 234 228; 38 16 234 232; 38 16 235 233; 38 16 235 233; 38 16 235 233; 

7\7_195_195096.jpg
400 266
95 9 291 263; 96 11 298 266; 154 41 239 229; 96 1 295 266; 96 5 302 266; 156 41 239 230; 136 126 294 266; 136 128 295 266; 136 126 294 266; 

7\7_195_195176.jpg
282 399
90 160 273 342; 89 159 278 346; 89 160 276 345; 89 161 277 345; 83 157 274 338; 88 160 276 343; 89 161 277 350; 114 190 277 350; 89 161 277 350; 

7\7_195_195198.jpg
400 336
46 26 296 280; 45 26 298 281; 47 27 299 280; 48 28 298 279; 39 30 302 279; 48 28 298 280; 48 28 298 281; 48 28 298 281; 48 28 298 281; 

7\7_195_195319.jpg
400 333
122 74 314 205; 123 75 313 202; 126 73 314 205; 125 76 311 204; 128 73 312 204; 125 74 313 204; 125 74 314 204; 125 74 313 204; 125 74 314 204; 

7\7_195_195335.jpg
400 295
89 104 302 271; 93 114 304 271; 92 114 304 271; 92 114 302 269; 88 120 304 270; 92 115 303 271; 91 114 305 272; 91 113 305 272; 91 114 305 272; 

7\7_195_195396.jpg
300 400
110 142 216 389; 109 144 215 400; 112 144 216 391; 111 143 215 400; 118 137 216 398; 112 144 216 354; 112 144 215 400; 112 142 215 400; 112 144 215 400; 

7\7_195_195416.jpg
284 400
84 28 266 371; 88 26 271 368; 88 29 269 316; 82 28 268 367; 82 21 274 365; 134 45 236 166; 131 27 237 166; 131 27 237 166; 131 27 237 166; 

7\7_195_195452.jpg
400 266
106 81 250 263; 108 80 252 266; 108 82 252 266; 109 81 252 266; 117 71 258 261; 112 82 231 224; 109 82 252 266; 109 82 252 266; 109 82 252 266; 

7\7_195_195501.jpg
400 266
64 24 260 259; 63 20 262 266; 110 40 239 224; 64 22 261 266; 54 22 270 266; 110 39 239 226; 65 22 260 266; 65 22 260 266; 65 22 260 266; 

7\7_195_195610.jpg
300 400
50 152 194 396; 51 153 192 400; 50 155 188 390; 51 155 192 400; 53 144 220 398; 51 155 189 355; 51 154 191 400; 51 154 191 400; 51 154 191 400; 

7\7_195_195611.jpg
400 266
99 26 300 239; 102 26 300 238; 101 27 298 236; 100 28 298 238; 103 26 304 221; 101 28 298 238; 99 28 298 238; 99 28 298 238; 99 28 298 238; 

7\7_195_195659.jpg
400 207
68 12 312 159; 67 14 316 161; 67 13 314 159; 67 14 313 159; 72 14 314 169; 66 14 314 161; 67 13 315 159; 67 13 315 159; 67 13 315 159; 

7\7_195_195718.jpg
400 266
112 88 280 186; 111 88 277 188; 109 88 278 186; 111 88 278 186; 108 79 289 194; 110 87 277 188; 110 88 278 187; 110 86 278 187; 110 88 278 187; 

7\7_195_195808.jpg
399 266
88 12 320 262; 86 13 324 266; 85 13 324 266; 85 12 324 266; 89 8 328 256; 89 14 320 266; 86 14 321 266; 86 12 321 266; 86 14 321 266; 

7\7_195_195809.jpg
399 266
126 24 360 262; 124 24 364 266; 125 26 360 265; 123 27 360 266; 124 22 381 265; 125 26 363 266; 124 27 361 266; 124 27 361 266; 124 27 361 266; 

7\7_195_195812.jpg
266 399
60 58 237 396; 59 53 249 399; 62 53 249 399; 59 55 247 399; 52 48 254 390; 59 53 195 203; 59 52 249 399; 59 52 249 399; 59 52 249 399; 

7\7_195_195813.jpg
399 266
65 30 270 264; 71 27 263 266; 66 27 267 266; 67 28 268 266; 56 10 263 261; 65 27 267 241; 64 27 269 266; 64 27 269 266; 64 27 269 266; 

7\7_195_195882.jpg
400 300
88 90 332 226; 89 92 334 228; 89 92 333 226; 89 92 335 226; 83 85 334 222; 89 92 334 225; 89 92 334 225; 89 92 334 225; 89 92 334 225; 

7\7_195_195886.jpg
400 266
54 144 192 248; 53 144 191 245; 52 140 189 242; 54 142 190 246; 43 138 189 244; 53 138 189 243; 54 139 189 243; 54 139 189 243; 54 139 189 243; 

7\7_195_195985.jpg
266 400
98 36 210 391; 101 37 209 390; 101 35 208 391; 100 37 209 391; 91 27 207 389; 101 37 209 364; 101 37 209 391; 101 35 209 391; 101 37 209 391; 

7\7_196_196096.jpg
400 400
140 199 382 369; 144 206 382 368; 146 207 381 362; 143 205 381 367; 144 190 378 360; 142 207 388 367; 143 207 389 367; 143 207 389 369; 143 207 389 367; 

7\7_196_196240.jpg
400 350
92 76 330 272; 85 78 329 274; 92 77 329 274; 92 76 329 273; 88 81 334 258; 92 77 329 273; 91 77 329 274; 91 77 329 274; 91 77 329 274; 

7\7_196_196386.jpg
266 400
86 50 231 260; 88 52 230 260; 89 52 232 260; 89 52 231 261; 76 42 230 259; 89 53 231 261; 88 51 232 261; 88 50 232 261; 88 51 232 261; 

7\7_196_196416.jpg
305 400
48 24 183 232; 49 18 184 231; 48 19 183 231; 49 19 183 231; 60 16 189 237; 49 41 182 230; 49 19 136 227; 47 19 136 227; 49 19 183 232; 

7\7_196_196513.jpg
400 300
62 78 302 236; 62 79 307 238; 62 79 303 239; 61 76 304 237; 66 70 337 222; 60 62 336 242; 60 77 307 238; 60 77 308 239; 60 77 307 238; 

7\7_196_196614.jpg
399 266
108 85 370 193; 115 85 366 191; 113 85 365 190; 113 86 365 190; 122 75 374 197; 112 85 364 191; 113 84 367 190; 161 116 367 190; 113 84 367 190; 

7\7_196_196631.jpg
400 266
108 48 306 262; 108 49 317 267; 108 49 311 267; 110 47 313 267; 98 45 311 267; 110 49 312 265; 108 48 312 267; 108 48 312 267; 108 48 312 267; 

7\7_196_196740.jpg
305 400
54 98 206 231; 54 100 210 226; 54 100 207 227; 55 100 207 226; 58 88 211 232; 53 100 210 230; 54 99 204 226; 54 99 204 226; 54 99 204 226; 

7\7_196_196751.jpg
275 400
40 39 230 366; 41 41 232 362; 40 42 231 362; 40 42 231 359; 46 48 231 358; 39 46 232 352; 60 41 205 190; 60 41 208 190; 40 41 231 361; 

7\7_196_196775.jpg
269 400
57 44 193 317; 59 43 191 317; 58 43 190 314; 58 43 191 316; 49 27 191 312; 60 44 190 314; 95 43 135 90; 95 43 136 90; 95 43 135 92; 

7\7_196_196776.jpg
266 400
6 78 204 288; 4 74 204 287; 4 78 204 289; 2 76 205 287; 19 92 202 295; 2 76 203 290; 3 76 204 288; 3 76 204 288; 3 76 204 288; 

7\7_196_196820.jpg
400 300
42 50 222 270; 40 52 218 265; 42 54 219 264; 41 53 219 264; 23 44 228 267; 41 54 220 266; 41 52 219 266; 41 52 220 266; 41 52 219 266; 

7\7_196_196827.jpg
300 399
78 98 252 398; 77 120 254 400; 77 121 254 396; 78 119 252 400; 74 99 258 400; 77 119 252 359; 155 119 227 226; 155 119 228 226; 155 119 227 226; 

7\7_196_196847.jpg
400 300
112 34 240 274; 111 29 242 273; 111 31 240 276; 111 29 241 274; 112 29 243 277; 111 30 242 278; 110 29 241 101; 110 28 241 101; 110 29 240 274; 

7\7_196_196980.jpg
320 400
72 64 279 365; 61 66 282 369; 61 65 282 368; 59 66 282 368; 73 50 277 369; 69 64 282 354; 61 66 282 369; 61 66 282 370; 61 66 282 369; 

7\7_197_197004.jpg
400 333
96 56 302 309; 95 60 303 299; 95 58 302 301; 95 59 302 302; 82 32 312 302; 95 58 303 302; 95 59 304 303; 95 59 304 302; 95 59 304 303; 

7\7_197_197020.jpg
309 399
109 46 270 390; 110 37 271 393; 110 39 271 391; 110 39 271 394; 109 43 271 392; 110 40 271 368; 185 98 267 393; 185 98 267 392; 112 40 269 394; 

7\7_197_197036.jpg
400 266
16 51 218 257; 13 43 217 259; 14 44 217 259; 13 45 216 256; 22 56 223 260; 14 46 216 258; 12 45 216 263; 12 45 217 263; 12 45 216 263; 

7\7_197_197085.jpg
400 300
88 42 286 267; 85 42 291 278; 86 44 289 277; 86 42 289 282; 84 44 291 272; 86 42 289 282; 86 43 288 282; 86 43 289 282; 86 43 288 282; 

7\7_197_197087.jpg
400 300
100 26 321 262; 100 24 321 261; 102 26 318 262; 100 23 318 262; 111 36 318 262; 103 25 320 262; 101 25 320 262; 102 156 193 262; 101 25 320 262; 

7\7_197_197089.jpg
300 400
66 104 236 286; 65 103 234 283; 66 103 235 284; 66 104 234 283; 56 98 245 281; 66 104 235 283; 66 103 235 284; 66 103 235 284; 66 103 235 284; 

7\7_197_197102.jpg
400 266
148 28 380 248; 148 29 382 249; 149 29 381 248; 149 28 382 249; 152 20 380 250; 148 28 381 250; 148 28 382 251; 148 28 382 251; 148 28 382 251; 

7\7_197_197113.jpg
400 266
78 60 264 222; 79 60 265 225; 79 59 266 224; 80 61 266 226; 78 58 275 215; 80 60 266 226; 79 59 266 226; 79 59 266 226; 79 59 266 226; 

7\7_197_197114.jpg
400 266
132 82 292 194; 130 81 294 199; 131 80 296 196; 130 81 294 196; 131 65 303 214; 131 81 293 196; 130 80 294 197; 130 80 294 197; 130 80 294 197; 

7\7_197_197134.jpg
400 265
76 50 298 260; 75 54 302 252; 77 53 301 255; 77 52 301 254; 88 52 302 246; 76 53 301 255; 76 53 301 224; 76 53 301 224; 76 53 301 256; 

7\7_197_197135.jpg
400 266
154 72 362 248; 154 72 361 249; 154 72 361 245; 153 72 362 246; 145 69 368 251; 154 71 361 245; 154 72 361 247; 154 72 361 247; 154 72 361 247; 

7\7_197_197182.jpg
400 300
62 78 302 236; 58 78 304 237; 62 78 307 239; 61 77 308 238; 65 62 324 232; 60 76 307 238; 60 79 308 238; 60 78 308 238; 60 79 308 238; 

7\7_197_197186.jpg
300 400
36 105 276 395; 41 104 271 400; 37 105 273 400; 39 105 275 400; 34 83 273 395; 38 105 275 363; 143 105 238 243; 143 105 239 245; 143 105 238 243; 

7\7_197_197349.jpg
400 300
90 94 312 296; 88 92 316 300; 88 91 312 300; 88 92 308 300; 86 56 317 299; 89 91 314 299; 184 91 271 176; 302 53 326 91; 171 91 271 194; 

7\7_197_197350.jpg
299 399
124 74 272 341; 128 79 267 336; 127 79 266 338; 128 78 267 337; 84 66 271 339; 127 72 267 337; 127 73 268 338; 127 72 268 338; 127 73 268 338; 

7\7_197_197374.jpg
300 400
111 104 246 364; 113 103 246 367; 113 104 244 369; 113 106 248 369; 100 97 258 362; 114 104 246 353; 113 103 248 369; 113 103 248 369; 113 103 248 369; 

7\7_197_197381.jpg
399 299
86 12 321 281; 87 8 322 273; 88 10 322 274; 88 8 320 272; 70 17 331 290; 88 10 320 272; 85 7 320 274; 85 7 321 274; 85 7 320 274; 

7\7_197_197390.jpg
400 301
64 32 218 279; 64 38 219 277; 67 38 219 275; 68 43 219 277; 55 37 229 288; 69 33 219 279; 77 219 208 267; 76 219 208 267; 69 43 219 278; 

7\7_197_197411.jpg
269 400
25 160 233 339; 28 160 234 333; 30 163 234 333; 28 162 234 337; 33 158 250 335; 27 163 234 341; 80 215 145 288; 80 215 145 288; 80 184 215 317; 

7\7_197_197500.jpg
400 301
16 96 254 256; 11 98 259 261; 11 97 256 252; 9 97 260 259; 16 93 254 261; 19 98 258 266; 10 98 257 264; 10 98 257 266; 10 98 257 264; 

7\7_197_197514.jpg
295 400
72 70 222 230; 73 71 223 234; 74 70 223 232; 74 71 223 233; 69 65 231 230; 74 72 224 232; 74 70 224 232; 74 70 224 232; 74 70 224 232; 

7\7_197_197520.jpg
370 400
26 182 338 389; 27 180 342 390; 27 234 196 391; 25 179 339 389; 49 219 339 377; 273 181 326 232; 274 181 327 234; 274 181 327 234; 274 181 327 234; 

7\7_197_197546.jpg
400 300
64 90 332 228; 62 88 326 234; 61 89 325 238; 62 89 326 236; 73 85 338 247; 59 89 329 239; 59 89 328 239; 59 89 329 241; 59 89 328 239; 

7\7_197_197589.jpg
255 400
29 22 201 373; 34 23 199 380; 33 24 199 371; 32 23 199 383; 19 35 203 367; 32 46 201 353; 32 23 199 381; 32 23 200 376; 32 23 199 381; 

7\7_197_197633.jpg
309 400
103 97 203 332; 96 101 203 334; 101 102 203 333; 97 99 203 331; 91 93 211 333; 98 99 202 332; 97 99 203 333; 97 99 203 333; 97 99 203 333; 

7\7_197_197636.jpg
400 306
192 72 314 304; 194 74 316 306; 193 77 315 306; 193 75 317 306; 183 63 329 303; 196 76 318 306; 194 74 315 306; 194 74 315 306; 194 74 315 306; 

7\7_197_197678.jpg
266 400
79 64 223 361; 81 63 223 361; 83 64 223 361; 84 65 223 362; 84 64 223 361; 83 64 220 354; 83 64 223 361; 83 64 223 361; 83 64 223 361; 

7\7_197_197679.jpg
259 400
62 46 216 364; 64 45 217 362; 63 48 217 361; 62 47 217 362; 72 47 217 360; 63 48 215 355; 62 47 216 361; 62 47 216 361; 62 47 216 361; 

7\7_197_197680.jpg
265 400
34 92 224 360; 36 91 223 359; 36 93 220 360; 36 91 221 359; 38 70 222 366; 36 92 222 354; 36 92 222 362; 36 92 222 362; 36 92 222 362; 

7\7_197_197682.jpg
260 400
68 74 225 360; 68 72 233 363; 69 72 233 363; 69 71 232 364; 68 67 233 374; 69 71 233 354; 68 70 233 364; 68 70 233 364; 68 70 233 364; 

7\7_197_197687.jpg
264 400
78 64 210 378; 76 61 212 381; 78 61 212 382; 77 62 211 381; 76 58 214 380; 78 61 207 355; 77 61 212 382; 77 61 212 382; 77 61 212 382; 

7\7_197_197710.jpg
266 400
72 84 186 316; 72 85 181 314; 73 86 178 312; 72 85 179 312; 78 86 182 311; 75 86 180 313; 74 140 150 217; 74 139 150 217; 74 85 178 217; 

7\7_197_197734.jpg
400 268
66 12 318 244; 68 12 321 261; 66 12 318 258; 67 11 319 259; 71 12 318 258; 66 12 317 259; 66 12 318 260; 66 12 318 260; 66 12 318 260; 

7\7_197_197741.jpg
400 265
160 52 332 255; 160 52 333 265; 161 52 332 264; 159 52 332 265; 163 48 335 265; 160 52 332 265; 200 75 332 178; 200 75 332 179; 200 75 332 178; 

7\7_197_197748.jpg
295 400
20 4 181 308; 12 4 182 302; 10 9 181 304; 9 1 182 304; 11 2 188 306; 9 45 176 306; 9 1 182 306; 9 1 184 306; 9 1 182 306; 

7\7_197_197852.jpg
400 300
140 72 380 252; 143 73 389 252; 142 74 386 253; 141 74 386 252; 149 67 388 250; 141 74 385 252; 141 74 386 253; 141 74 386 253; 141 74 386 253; 

7\7_197_197860.jpg
400 300
156 18 390 256; 158 18 393 261; 158 18 394 260; 157 18 394 260; 153 18 390 258; 159 18 393 259; 158 17 394 260; 158 16 394 260; 158 17 394 260; 

7\7_197_197876.jpg
300 400
96 8 272 390; 97 7 281 392; 98 6 280 390; 97 7 279 392; 86 8 289 388; 97 20 281 376; 97 7 281 394; 97 7 285 394; 97 7 281 394; 

7\7_197_197897.jpg
320 400
65 14 222 392; 67 13 224 394; 67 14 222 388; 68 11 222 396; 58 7 235 398; 68 46 222 354; 68 12 223 397; 68 12 223 397; 68 12 223 397; 

7\7_197_197974.jpg
400 320
22 16 220 194; 25 17 221 193; 24 18 221 193; 24 19 219 193; 20 21 224 192; 24 17 219 192; 24 18 220 193; 24 18 220 193; 24 18 220 193; 

7\7_197_197995.jpg
399 266
50 85 340 244; 50 82 344 240; 48 86 342 241; 49 84 342 246; 40 77 344 249; 50 84 343 245; 49 84 344 243; 49 84 344 243; 49 84 344 243; 

7\7_197_197996.jpg
399 266
70 4 254 262; 71 3 252 266; 71 3 254 266; 72 2 251 266; 66 2 399 263; 71 2 252 265; 72 1 254 266; 72 1 254 266; 72 1 254 266; 

7\7_198_198044.jpg
400 321
226 92 366 308; 226 91 363 305; 227 94 364 306; 228 94 364 305; 227 90 363 310; 228 94 363 304; 228 94 364 306; 228 95 364 306; 228 94 364 306; 

7\7_198_198073.jpg
400 315
38 30 214 289; 39 30 220 281; 39 31 219 279; 39 31 217 297; 38 32 215 277; 40 31 220 282; 39 31 219 281; 39 31 219 283; 39 31 219 281; 

7\7_198_198095.jpg
400 266
130 60 281 205; 130 58 282 207; 133 60 281 208; 131 59 281 207; 132 61 278 211; 132 58 281 207; 131 58 281 208; 131 58 281 208; 131 58 281 208; 

7\7_198_198179.jpg
345 400
78 48 268 396; 71 48 268 400; 71 49 267 391; 72 49 268 400; 74 41 271 396; 86 50 268 355; 84 47 226 189; 84 47 226 191; 84 47 226 189; 

7\7_198_198183.jpg
400 236
244 74 358 233; 246 69 359 236; 248 69 355 236; 247 69 359 236; 246 71 358 231; 247 69 359 236; 248 69 359 236; 247 69 359 236; 248 69 359 236; 

7\7_198_198209.jpg
400 259
148 10 392 244; 141 11 396 251; 207 84 319 191; 142 7 395 249; 142 2 393 234; 142 8 395 248; 142 8 395 249; 142 8 395 249; 142 8 395 249; 

7\7_198_198394.jpg
400 300
96 74 296 206; 103 71 294 204; 101 73 294 207; 102 74 294 209; 98 71 294 215; 101 73 294 208; 101 73 294 207; 101 73 294 207; 101 73 294 207; 

7\7_198_198400.jpg
400 300
56 34 184 258; 58 33 186 258; 73 34 175 141; 58 35 185 257; 62 36 198 251; 59 35 184 257; 58 143 184 258; 58 143 184 258; 58 36 185 258; 

7\7_198_198450.jpg
400 300
26 84 366 254; 25 86 367 256; 144 98 292 247; 24 87 367 255; 28 80 370 262; 24 86 368 256; 144 97 292 247; 142 97 292 247; 24 86 368 256; 

7\7_198_198494.jpg
400 300
102 90 342 278; 106 92 342 269; 107 92 342 268; 108 92 341 268; 106 90 341 275; 108 92 342 269; 109 92 343 268; 108 91 343 268; 109 92 343 268; 

7\7_198_198520.jpg
400 266
96 8 324 253; 98 11 325 258; 99 11 324 256; 99 11 325 256; 87 10 325 249; 99 11 324 256; 98 11 324 258; 98 9 324 258; 98 11 324 258; 

7\7_198_198545.jpg
400 266
49 55 221 265; 44 52 225 265; 106 54 183 184; 47 55 224 266; 88 51 196 173; 106 54 184 156; 106 53 184 182; 106 53 184 184; 106 53 184 182; 

7\7_198_198568.jpg
400 310
142 20 382 285; 142 19 384 289; 215 99 317 214; 145 19 383 290; 149 27 387 280; 144 19 383 288; 144 19 385 290; 144 19 385 290; 144 19 385 290; 

7\7_198_198603.jpg
400 338
154 112 356 308; 155 111 354 309; 157 111 356 311; 157 109 354 309; 146 105 368 307; 156 110 354 310; 156 111 354 310; 156 110 354 310; 156 111 354 310; 

7\7_198_198638.jpg
266 400
64 54 199 376; 68 51 199 381; 118 51 165 126; 68 52 198 379; 70 51 198 375; 72 88 198 353; 70 88 199 381; 70 88 199 381; 70 88 199 381; 

7\7_198_198640.jpg
400 266
142 84 398 265; 129 87 398 266; 130 87 399 266; 130 87 400 266; 148 78 391 260; 131 88 400 266; 130 96 228 266; 130 96 228 266; 130 96 228 266; 

7\7_198_198642.jpg
400 331
19 19 244 258; 20 22 239 257; 20 21 239 258; 19 22 238 258; 8 24 243 256; 20 22 242 257; 160 197 221 256; 160 197 221 256; 160 197 221 256; 

7\7_198_198659.jpg
400 300
126 60 314 246; 126 59 314 246; 149 85 284 225; 129 61 314 245; 129 63 315 253; 126 61 314 245; 127 61 314 246; 127 60 314 246; 127 61 314 246; 

7\7_198_198720.jpg
400 300
90 38 320 264; 91 38 323 266; 92 39 323 266; 92 39 322 266; 93 32 335 269; 92 39 323 266; 198 137 224 165; 198 137 224 165; 149 86 272 211; 

7\7_198_198728.jpg
400 339
154 132 342 289; 155 133 342 292; 156 133 343 290; 156 132 342 289; 151 122 356 325; 152 131 347 294; 156 133 343 291; 156 133 343 291; 156 133 343 291; 

7\7_198_198748.jpg
399 319
110 10 354 198; 111 8 360 197; 112 10 358 198; 112 10 360 198; 106 12 356 193; 113 10 359 200; 113 10 359 200; 113 8 359 200; 113 10 359 200; 

7\7_198_198769.jpg
400 266
42 28 299 234; 49 24 292 232; 49 25 292 231; 48 25 293 238; 46 23 295 226; 51 24 293 232; 45 24 294 239; 45 24 294 240; 45 24 294 239; 

7\7_198_198781.jpg
400 300
172 112 382 276; 173 112 386 278; 176 112 384 278; 175 112 384 278; 171 115 384 276; 174 112 383 278; 174 111 384 278; 174 111 384 278; 174 111 384 278; 

7\7_198_198918.jpg
266 399
60 66 259 334; 64 67 265 343; 61 67 264 337; 62 65 265 342; 61 58 267 330; 63 67 265 342; 62 66 266 343; 62 66 266 343; 62 66 266 343; 

7\7_198_198953.jpg
334 400
72 31 212 376; 71 33 214 400; 71 36 211 391; 72 34 212 400; 69 33 217 396; 71 45 212 355; 142 33 211 100; 142 33 212 123; 142 33 211 122; 

7\7_198_198958.jpg
400 258
252 66 372 252; 252 68 376 258; 252 68 375 186; 251 68 376 258; 252 68 375 258; 251 68 377 255; 251 68 376 201; 251 68 376 201; 251 68 376 201; 

7\7_198_198970.jpg
400 339
86 16 314 258; 83 15 310 268; 87 16 311 259; 85 15 309 268; 78 22 344 338; 85 16 309 267; 84 16 308 264; 84 16 310 269; 84 16 308 264; 

7\7_198_198998.jpg
400 300
60 46 260 250; 59 48 259 252; 61 47 261 252; 62 48 259 249; 64 45 265 258; 60 48 259 251; 60 48 262 251; 60 48 262 251; 60 48 262 251; 

7\7_199_199045.jpg
399 319
172 32 314 310; 172 34 317 316; 172 34 315 314; 173 34 316 314; 170 29 314 320; 173 35 315 316; 173 33 316 316; 173 33 316 320; 173 33 316 316; 

7\7_199_199048.jpg
400 286
72 28 316 243; 72 22 321 243; 72 22 320 242; 72 22 321 242; 72 19 324 244; 72 22 320 241; 71 22 320 243; 71 22 320 243; 71 22 320 243; 

7\7_199_199051.jpg
400 329
58 26 338 301; 60 25 339 305; 61 24 340 304; 59 26 340 304; 60 24 339 306; 61 26 340 305; 60 25 339 305; 60 25 339 305; 60 25 339 305; 

7\7_199_199059.jpg
400 300
128 84 358 264; 129 86 360 269; 128 86 358 272; 129 87 359 272; 131 85 362 272; 128 86 358 272; 234 186 326 272; 234 186 326 272; 129 86 357 271; 

7\7_199_199073.jpg
400 400
74 42 292 252; 72 42 296 258; 74 43 291 250; 74 44 291 254; 53 24 321 253; 74 44 291 248; 72 42 293 255; 72 42 292 256; 72 42 293 255; 

7\7_199_199143.jpg
400 335
58 60 326 306; 58 57 326 306; 61 58 328 306; 61 58 328 306; 35 32 349 319; 60 59 327 309; 59 58 329 308; 59 58 329 308; 59 58 329 308; 

7\7_199_199241.jpg
400 266
162 70 380 227; 164 71 394 228; 165 72 392 230; 163 72 392 231; 163 74 394 232; 164 72 392 229; 164 72 394 230; 164 72 394 230; 164 72 394 230; 

7\7_199_199273.jpg
329 400
64 142 272 260; 66 147 274 258; 66 144 273 259; 66 143 271 258; 62 144 282 268; 66 144 273 258; 66 144 274 261; 66 144 274 261; 66 144 274 261; 

7\7_199_199281.jpg
400 400
160 142 321 298; 164 141 319 299; 164 148 316 296; 164 145 316 296; 158 144 332 281; 164 146 316 298; 165 148 315 296; 230 255 262 295; 165 148 315 296; 

7\7_199_199309.jpg
400 320
78 52 264 244; 79 52 264 246; 79 52 264 246; 79 52 264 246; 75 56 269 242; 79 52 264 246; 78 51 266 247; 78 51 266 247; 78 51 266 247; 

7\7_199_199366.jpg
400 266
54 112 212 211; 55 112 211 216; 54 112 208 212; 55 112 212 214; 47 112 216 218; 55 112 210 213; 54 112 212 214; 54 112 212 214; 54 112 212 214; 

7\7_199_199393.jpg
336 399
2 128 229 396; 0 128 228 400; 1 129 228 400; 2 128 229 400; 0 137 231 394; 1 129 228 398; 0 129 229 400; 0 129 229 400; 0 129 229 400; 

7\7_199_199395.jpg
400 320
118 64 334 272; 116 66 330 271; 116 66 331 268; 118 66 328 266; 114 60 333 268; 116 65 328 268; 116 64 328 268; 116 64 328 268; 116 64 328 268; 

7\7_199_199412.jpg
399 344
74 42 360 289; 81 40 364 296; 81 41 366 287; 81 41 365 288; 49 36 364 285; 80 42 364 286; 198 87 239 218; 198 87 239 218; 171 87 267 219; 

7\7_199_199422.jpg
400 320
8 132 292 274; 2 129 291 271; 1 132 292 276; 0 130 292 276; 6 131 304 280; 159 131 281 227; 1 129 292 276; 1 129 292 276; 1 129 292 276; 

7\7_199_199442.jpg
350 400
50 110 338 386; 48 99 345 386; 49 99 344 389; 49 99 344 388; 55 23 327 374; 49 100 346 352; 49 99 346 388; 50 99 346 368; 49 99 346 388; 

7\7_199_199464.jpg
400 365
44 50 236 232; 42 50 238 236; 42 51 238 233; 42 52 236 234; 48 52 238 237; 42 51 239 234; 111 51 207 121; 111 51 206 122; 43 51 238 235; 

7\7_199_199546.jpg
400 251
26 51 200 231; 26 52 201 235; 26 54 201 231; 26 54 199 232; 23 56 203 226; 26 53 199 234; 26 53 201 233; 26 53 201 233; 26 53 201 233; 

7\7_199_199569.jpg
400 300
70 91 248 291; 68 89 251 299; 69 91 251 300; 68 90 250 299; 75 75 258 294; 68 91 249 300; 68 90 250 300; 68 90 250 300; 68 90 250 300; 

7\7_199_199642.jpg
300 400
62 82 196 312; 64 84 198 314; 65 82 197 312; 64 83 196 314; 64 69 198 316; 64 81 195 314; 64 82 198 316; 64 82 198 316; 64 82 198 316; 

7\7_199_199643.jpg
300 400
110 38 211 371; 108 36 211 369; 113 38 212 366; 110 38 211 368; 112 38 218 366; 111 46 212 354; 111 38 211 368; 111 38 211 368; 111 38 211 368; 

7\7_199_199669.jpg
324 400
66 64 296 276; 68 63 299 279; 68 63 298 277; 69 62 298 277; 75 65 299 264; 68 64 298 277; 67 64 298 278; 67 64 298 278; 67 64 298 278; 

7\7_199_199691.jpg
400 266
124 50 374 202; 124 52 379 205; 122 52 378 203; 122 51 378 204; 119 45 373 206; 124 51 378 203; 122 51 378 205; 122 51 378 205; 122 51 378 205; 

7\7_199_199692.jpg
400 266
28 58 262 206; 27 56 260 206; 27 58 260 206; 26 57 259 206; 33 56 284 206; 28 58 260 207; 28 58 259 206; 26 58 259 206; 28 58 259 206; 

7\7_199_199936.jpg
296 400
52 62 174 338; 55 63 178 341; 53 66 176 338; 54 64 175 337; 56 55 191 353; 54 66 174 338; 53 209 176 337; 53 209 176 337; 53 209 176 337; 

7\7_199_199947.jpg
400 266
138 64 263 260; 138 64 262 266; 138 63 263 265; 138 66 263 266; 136 56 261 262; 139 64 262 264; 138 64 264 266; 138 64 264 266; 138 64 264 266; 

7\7_199_199952.jpg
400 290
76 54 338 254; 75 54 336 255; 74 54 339 256; 76 54 336 255; 62 52 343 246; 75 55 337 256; 75 54 337 256; 75 54 337 256; 75 54 337 256; 

7\7_200_200012.jpg
400 347
14 74 273 329; 14 74 277 331; 14 75 277 324; 13 76 278 328; 16 77 278 326; 16 74 274 326; 14 73 276 333; 14 73 276 333; 14 73 276 333; 

7\7_200_200055.jpg
400 266
70 72 332 244; 66 72 339 242; 66 73 338 238; 67 73 338 242; 74 73 334 249; 67 74 337 241; 66 72 338 242; 66 72 338 242; 66 72 338 242; 

7\7_200_200346.jpg
399 364
18 54 286 322; 19 57 290 325; 20 57 286 321; 18 57 284 324; 20 59 298 329; 19 57 287 323; 17 57 287 325; 17 57 287 325; 17 57 287 325; 

7\7_200_200378.jpg
400 266
120 34 236 221; 119 34 236 222; 120 35 237 222; 121 36 237 222; 108 21 241 213; 121 36 236 222; 120 34 237 222; 192 133 237 223; 120 34 237 222; 

7\7_200_200384.jpg
400 266
238 60 366 262; 240 61 368 265; 242 65 366 265; 242 62 367 265; 246 67 378 257; 241 63 365 265; 240 62 366 265; 240 62 366 265; 240 62 366 265; 

7\7_200_200407.jpg
400 266
94 72 188 265; 95 74 185 267; 95 74 185 262; 95 75 186 261; 77 78 192 239; 94 75 186 265; 94 75 185 265; 93 75 185 265; 94 75 185 265; 

7\7_200_200443.jpg
288 400
32 74 264 344; 32 73 262 344; 31 71 264 345; 32 70 262 343; 27 66 270 352; 31 72 263 345; 30 71 265 345; 30 71 265 346; 30 71 265 345; 

7\7_200_200555.jpg
400 291
118 23 378 287; 117 27 377 290; 117 26 378 288; 116 26 378 288; 112 28 378 286; 116 28 378 286; 216 129 272 185; 216 129 272 185; 216 129 272 185; 

7\7_200_200585.jpg
400 292
64 34 312 252; 73 34 308 250; 74 34 309 251; 73 32 309 249; 72 32 308 254; 74 33 309 249; 72 32 309 249; 72 32 309 251; 72 32 309 249; 

7\7_200_200654.jpg
400 266
136 60 376 202; 136 64 378 206; 136 62 381 202; 136 62 382 208; 130 61 379 209; 135 63 381 207; 134 62 381 208; 134 62 381 208; 134 62 381 208; 

7\7_200_200663.jpg
266 400
68 34 221 374; 72 27 224 375; 69 29 222 372; 70 29 222 378; 59 22 216 375; 69 46 222 354; 69 29 222 377; 69 27 222 377; 69 29 222 377; 

7\7_200_200704.jpg
400 400
154 156 384 382; 161 155 385 381; 189 188 347 345; 157 155 387 381; 158 160 391 379; 158 155 386 365; 155 154 385 381; 155 154 385 381; 155 154 385 381; 

7\7_200_200707.jpg
400 266
146 8 308 154; 149 8 314 156; 147 6 308 156; 148 6 316 156; 148 5 322 158; 148 5 312 156; 148 5 315 157; 147 6 315 157; 148 5 315 157; 

7\7_200_200717.jpg
400 300
42 34 258 248; 42 45 261 251; 44 46 259 251; 44 44 258 252; 42 47 260 252; 44 44 259 251; 42 42 261 253; 42 42 261 253; 42 42 261 253; 

7\7_200_200731.jpg
400 307
66 18 356 251; 74 18 354 261; 74 19 351 256; 66 19 351 259; 76 21 352 256; 74 19 351 259; 74 18 351 258; 74 18 351 258; 74 18 351 258; 

7\7_200_200745.jpg
400 280
192 66 360 226; 191 66 358 226; 191 66 357 224; 191 64 358 227; 191 62 360 228; 191 65 358 226; 190 64 358 226; 190 64 358 226; 190 64 358 226; 

7\7_200_200846.jpg
400 261
62 40 195 194; 61 41 194 196; 64 42 191 196; 64 42 191 194; 51 39 229 188; 66 42 193 201; 63 42 192 195; 63 42 192 198; 63 42 192 195; 

7\7_200_200848.jpg
400 271
182 32 364 252; 184 32 364 258; 185 34 321 251; 185 34 364 256; 186 26 362 256; 186 33 362 255; 312 154 364 254; 312 154 364 254; 186 35 364 254; 

7\7_200_200910.jpg
320 400
42 158 176 284; 42 161 174 284; 44 162 177 284; 43 161 177 284; 41 168 200 290; 44 161 176 284; 44 159 176 284; 44 159 176 284; 44 159 176 284; 

7\7_200_200932.jpg
320 400
42 161 208 319; 43 161 211 314; 45 162 211 316; 44 161 211 316; 48 139 216 318; 46 162 211 315; 117 161 158 210; 115 161 158 210; 117 161 212 315; 

7\7_200_200933.jpg
400 300
127 115 360 293; 122 118 353 300; 121 115 352 300; 122 117 354 299; 121 100 361 298; 123 115 353 300; 232 124 273 188; 232 124 273 188; 123 115 352 244; 

7\7_200_200940.jpg
400 345
62 64 270 243; 64 64 271 244; 62 66 269 242; 62 68 269 243; 62 72 274 247; 64 67 268 242; 62 66 269 242; 62 66 269 242; 62 66 269 242; 

7\7_200_200941.jpg
400 400
110 66 266 248; 111 66 270 252; 110 64 269 249; 109 64 268 249; 108 66 272 257; 109 64 268 249; 109 64 268 251; 109 64 268 251; 109 64 268 251; 

7\7_200_200973.jpg
266 400
35 149 182 352; 38 151 181 354; 38 154 180 353; 38 154 178 356; 36 122 181 345; 37 153 180 355; 37 152 179 355; 37 152 179 355; 37 152 179 355; 

7\7_201_201035.jpg
400 362
78 60 332 296; 78 61 348 302; 78 58 350 302; 78 62 341 301; 78 71 347 308; 72 58 352 303; 76 56 351 302; 54 98 102 154; 103 76 336 295; 

7\7_201_201080.jpg
266 400
36 150 201 386; 34 154 200 392; 36 152 200 391; 36 152 201 389; 41 144 199 392; 36 151 201 354; 34 151 199 390; 52 241 86 276; 34 151 199 390; 

7\7_201_201121.jpg
400 266
90 28 292 216; 89 30 295 217; 89 29 293 215; 89 30 293 214; 97 31 291 215; 89 30 291 216; 89 29 293 216; 89 29 293 216; 89 29 293 216; 

7\7_201_201126.jpg
266 400
62 60 234 312; 63 62 239 316; 64 64 239 314; 63 58 238 314; 74 48 223 314; 64 62 239 314; 64 61 240 314; 64 61 240 316; 64 61 240 314; 

7\7_201_201151.jpg
400 386
62 104 352 372; 63 102 351 373; 44 104 355 374; 46 100 354 375; 57 111 377 369; 45 102 355 346; 182 102 352 245; 182 102 352 246; 182 102 352 245; 

7\7_201_201161.jpg
368 400
131 164 284 385; 129 170 282 383; 132 171 279 382; 132 170 279 383; 121 168 287 388; 132 169 279 354; 132 170 279 383; 132 170 279 382; 132 170 279 383; 

7\7_201_201213.jpg
266 400
42 72 194 332; 46 76 197 332; 44 75 195 202; 43 77 195 332; 46 75 205 348; 46 74 195 332; 61 199 187 332; 60 199 187 332; 42 75 194 332; 

7\7_201_201231.jpg
400 266
209 19 367 191; 208 22 364 189; 209 19 367 190; 209 21 367 191; 188 16 377 192; 209 19 365 189; 207 19 367 191; 207 19 366 191; 207 19 367 191; 

7\7_201_201292.jpg
400 300
108 22 294 206; 111 20 296 209; 111 15 294 208; 112 16 296 209; 102 19 288 206; 109 14 294 208; 109 14 295 208; 109 14 295 208; 109 14 295 208; 

7\7_201_201326.jpg
220 400
24 19 138 207; 22 22 134 203; 26 22 135 157; 25 22 136 204; 22 11 135 200; 26 46 134 204; 25 22 136 204; 25 22 136 158; 25 22 136 204; 

7\7_201_201366.jpg
400 338
40 90 306 334; 39 91 306 335; 39 92 305 334; 39 92 306 336; 22 84 308 338; 244 60 339 172; 66 91 161 179; 272 106 306 174; 66 91 161 207; 

7\7_201_201394.jpg
400 300
98 50 318 256; 100 50 318 257; 102 52 316 256; 102 50 317 257; 109 59 316 256; 136 124 263 258; 134 124 265 257; 134 124 265 257; 134 124 265 257; 

7\7_201_201412.jpg
400 265
18 30 340 106; 1 31 340 104; 0 30 344 104; 2 31 341 103; 21 18 363 102; 2 29 341 105; 1 29 222 104; 209 41 271 70; 60 29 255 104; 

7\7_201_201516.jpg
399 266
88 24 316 221; 86 24 321 221; 85 22 324 222; 85 22 324 222; 79 22 329 240; 85 22 324 222; 84 22 324 224; 84 22 324 224; 84 22 324 224; 

7\7_201_201545.jpg
400 266
92 46 280 221; 91 48 282 222; 91 48 282 221; 91 46 282 222; 98 55 290 222; 89 48 282 222; 91 46 282 223; 91 46 282 223; 91 46 282 223; 

7\7_201_201725.jpg
330 400
157 99 268 351; 160 97 268 350; 159 99 267 351; 159 99 268 351; 151 99 282 345; 160 99 268 354; 159 98 201 142; 159 98 201 142; 159 98 259 207; 

7\7_201_201727.jpg
249 400
78 92 177 348; 78 88 176 362; 78 90 175 345; 78 89 176 365; 75 87 182 348; 78 90 177 343; 106 90 146 140; 106 90 146 140; 78 90 175 364; 

7\7_201_201743.jpg
400 265
28 26 371 187; 30 29 371 187; 28 29 372 188; 29 28 371 189; 38 28 378 193; 28 29 372 191; 258 28 372 89; 258 28 372 117; 258 28 372 114; 

7\7_201_201758.jpg
400 313
164 84 336 235; 161 84 341 238; 159 84 338 236; 160 84 337 236; 172 81 351 272; 162 84 338 238; 185 84 338 230; 158 84 338 236; 185 84 336 212; 

7\7_201_201820.jpg
399 267
94 10 209 252; 96 8 210 248; 98 9 209 249; 99 8 208 249; 102 9 214 247; 98 9 209 248; 96 8 209 249; 96 8 209 248; 96 8 209 249; 

7\7_201_201903.jpg
266 400
87 102 265 289; 92 104 266 290; 89 104 266 288; 90 103 266 289; 88 93 263 290; 89 104 217 267; 88 104 218 269; 88 104 218 268; 88 104 267 290; 

7\7_201_201983.jpg
400 273
184 36 346 270; 186 37 351 274; 186 40 349 274; 186 38 348 274; 183 28 349 272; 186 39 349 273; 234 39 346 151; 234 39 348 151; 234 39 346 151; 

7\7_202_202033.jpg
300 400
86 134 286 342; 89 136 289 344; 89 136 289 343; 89 136 288 343; 88 134 290 352; 89 136 289 342; 151 135 289 257; 151 135 289 257; 89 135 289 344; 

7\7_202_202075.jpg
400 293
124 14 271 256; 126 16 274 252; 172 16 273 244; 122 16 272 252; 126 21 277 249; 124 16 273 252; 171 15 272 242; 171 15 272 242; 171 15 272 242; 

7\7_202_202157.jpg
400 266
130 66 262 177; 131 67 261 180; 133 66 262 179; 133 66 262 179; 137 60 258 191; 134 66 262 179; 133 66 261 179; 133 66 261 179; 133 66 261 179; 

7\7_202_202166.jpg
400 233
186 20 381 221; 186 21 378 222; 201 38 273 196; 187 22 379 222; 188 24 377 215; 188 22 378 222; 187 35 275 206; 187 35 275 206; 187 35 275 206; 

7\7_202_202183.jpg
400 302
39 34 271 272; 43 32 272 271; 108 34 246 252; 46 32 272 272; 52 34 273 274; 46 34 271 272; 181 181 271 272; 181 181 271 272; 46 35 271 272; 

7\7_202_202200.jpg
304 400
44 86 256 392; 45 85 256 398; 61 105 240 292; 46 86 256 394; 67 93 241 378; 61 106 241 312; 108 108 194 201; 108 108 194 201; 60 108 239 298; 

7\7_202_202235.jpg
400 266
116 32 266 265; 115 32 266 266; 117 32 266 266; 118 32 266 266; 120 38 268 261; 116 33 266 266; 115 33 266 266; 116 31 266 266; 115 33 266 266; 

7\7_202_202260.jpg
400 265
224 14 388 256; 225 14 388 254; 226 16 389 253; 224 16 391 254; 227 5 392 252; 224 17 389 252; 238 16 296 77; 238 16 297 77; 238 16 300 84; 

7\7_202_202280.jpg
400 300
152 8 312 300; 151 12 311 298; 151 11 313 299; 151 12 313 297; 151 22 314 297; 149 10 313 298; 151 11 313 299; 151 11 313 299; 151 11 313 299; 

7\7_202_202289.jpg
400 275
184 52 386 269; 181 52 389 275; 184 54 388 275; 184 54 388 275; 183 44 382 270; 184 53 387 275; 203 168 249 234; 203 168 248 234; 184 58 387 234; 

7\7_202_202293.jpg
400 396
48 48 244 309; 51 50 242 308; 51 49 242 309; 51 50 242 308; 37 44 246 315; 51 50 242 308; 49 50 243 309; 49 50 243 309; 49 50 243 309; 

7\7_202_202296.jpg
400 331
48 52 240 283; 48 50 229 284; 48 49 228 284; 49 50 228 284; 42 50 228 288; 49 49 228 284; 48 50 228 284; 48 50 228 284; 48 50 228 284; 

7\7_202_202308.jpg
223 400
50 12 182 224; 49 10 184 224; 53 12 184 224; 53 12 184 223; 51 11 186 228; 54 46 184 224; 52 12 184 224; 52 135 106 212; 52 12 184 224; 

7\7_202_202335.jpg
400 236
56 93 382 223; 58 90 381 222; 54 91 382 218; 54 91 382 222; 57 91 381 213; 56 92 382 222; 54 91 382 221; 54 91 382 221; 54 91 382 221; 

7\7_202_202345.jpg
266 400
82 116 158 361; 81 112 160 357; 93 112 161 358; 81 110 161 359; 77 112 162 359; 82 112 158 356; 82 112 161 359; 82 112 161 359; 82 112 161 359; 

7\7_202_202363.jpg
400 266
88 50 246 208; 94 52 249 209; 94 53 246 207; 91 52 247 210; 92 56 248 209; 97 52 245 209; 90 52 246 210; 90 52 246 210; 90 52 246 210; 

7\7_202_202422.jpg
266 400
46 196 232 336; 47 198 234 336; 48 199 234 335; 48 197 234 336; 49 196 238 332; 46 198 233 336; 48 198 234 337; 48 198 234 337; 48 198 234 337; 

7\7_202_202435.jpg
400 299
72 46 342 260; 78 47 342 265; 83 51 321 228; 75 47 344 261; 78 37 344 241; 77 44 343 263; 77 46 342 229; 274 57 309 98; 77 46 342 229; 

7\7_202_202443.jpg
400 300
166 120 358 296; 171 122 359 300; 172 122 359 299; 173 120 358 300; 152 116 352 269; 172 120 358 299; 176 120 359 224; 272 143 359 224; 172 120 359 299; 

7\7_202_202446.jpg
300 400
33 96 206 316; 31 95 211 310; 104 95 168 304; 32 96 209 310; 52 92 219 292; 80 95 209 308; 99 96 168 309; 99 96 168 309; 99 96 168 309; 

7\7_202_202466.jpg
400 266
173 91 264 226; 174 92 262 228; 176 92 263 221; 175 92 263 225; 166 87 271 216; 173 92 263 224; 174 91 263 224; 174 91 263 224; 174 91 263 224; 

7\7_202_202489.jpg
400 255
142 6 330 251; 142 8 329 255; 176 7 331 108; 143 5 331 255; 164 12 340 121; 141 8 331 255; 175 6 331 110; 175 6 331 110; 175 6 331 110; 

7\7_202_202553.jpg
400 300
64 76 264 272; 56 79 265 272; 125 78 189 213; 56 78 265 271; 58 63 270 267; 58 78 264 272; 56 78 264 271; 56 78 264 271; 56 78 264 271; 

7\7_202_202565.jpg
400 299
90 44 270 253; 93 46 272 252; 91 46 272 252; 92 46 271 254; 81 51 286 229; 91 46 271 253; 90 46 271 254; 90 46 271 254; 90 46 271 254; 

7\7_202_202576.jpg
300 400
50 96 236 348; 53 99 237 351; 56 121 237 351; 55 99 237 351; 53 106 233 345; 56 121 237 351; 55 120 237 351; 55 120 237 351; 55 120 237 351; 

7\7_202_202578.jpg
300 400
150 160 279 337; 151 163 279 343; 155 177 279 342; 155 163 279 343; 153 173 278 341; 154 177 278 343; 153 177 279 342; 153 177 279 342; 153 177 279 342; 

7\7_202_202587.jpg
400 316
141 66 373 244; 141 68 372 239; 143 68 385 161; 143 69 371 242; 143 71 383 242; 143 69 384 161; 142 68 383 161; 257 68 372 152; 142 68 383 161; 

7\7_202_202607.jpg
273 400
58 144 262 309; 61 142 262 308; 141 172 214 294; 61 142 262 306; 49 141 251 315; 59 142 214 296; 121 172 212 295; 121 172 213 301; 121 172 212 295; 

7\7_202_202613.jpg
321 400
109 218 243 318; 109 212 244 318; 110 214 243 319; 110 215 244 319; 110 198 246 324; 110 214 244 318; 110 214 244 318; 110 214 244 318; 110 214 244 318; 

7\7_202_202637.jpg
400 267
154 99 256 215; 155 100 257 215; 154 99 255 215; 153 99 255 215; 155 91 267 221; 154 99 255 214; 154 99 255 215; 154 99 255 215; 154 99 255 215; 

7\7_202_202638.jpg
300 400
68 24 234 331; 70 18 238 329; 81 19 232 301; 69 20 238 332; 70 21 240 340; 69 50 236 332; 79 131 143 301; 79 130 143 301; 79 19 231 301; 

7\7_202_202708.jpg
400 246
84 66 350 161; 82 66 351 162; 84 68 352 159; 84 68 353 161; 72 65 351 162; 84 68 353 161; 84 68 352 161; 84 68 352 162; 84 68 352 161; 

7\7_202_202722.jpg
368 400
86 24 246 374; 87 28 249 381; 86 26 251 379; 84 26 249 381; 81 16 256 383; 85 45 250 353; 85 26 148 89; 85 26 149 89; 85 26 241 194; 

7\7_202_202723.jpg
399 399
225 63 359 372; 229 64 357 376; 230 66 355 375; 231 65 355 376; 226 60 354 375; 230 65 354 377; 229 65 356 378; 229 65 356 378; 229 65 356 378; 

7\7_202_202729.jpg
305 400
74 236 253 386; 77 236 255 394; 79 237 255 388; 76 238 256 395; 82 234 260 383; 78 238 256 354; 77 236 255 392; 77 236 255 392; 77 236 255 392; 

7\7_202_202783.jpg
400 300
120 76 390 188; 120 78 399 185; 121 79 398 184; 121 78 397 188; 121 70 397 196; 121 78 399 186; 120 77 397 185; 170 77 191 104; 120 77 397 185; 

7\7_202_202789.jpg
400 340
109 73 279 300; 106 74 278 302; 108 74 279 299; 107 74 279 301; 103 65 282 300; 107 75 278 298; 171 140 262 299; 171 139 262 299; 107 74 278 299; 

7\7_202_202818.jpg
400 300
120 66 312 298; 117 57 316 300; 119 57 318 300; 119 56 318 300; 117 44 318 298; 179 56 278 176; 179 58 277 177; 179 57 277 177; 179 58 277 184; 

7\7_202_202920.jpg
400 303
28 40 356 219; 29 40 348 220; 32 41 349 219; 32 42 350 218; 53 49 352 228; 31 41 349 221; 35 39 348 180; 35 39 348 180; 35 39 348 219; 

7\7_202_202969.jpg
264 400
70 58 196 228; 74 56 193 226; 74 60 195 226; 75 59 195 226; 70 61 195 227; 75 60 195 230; 74 59 194 227; 74 59 194 226; 74 59 194 227; 

7\7_203_203002.jpg
400 298
38 119 176 254; 41 119 175 255; 39 119 174 252; 40 119 174 254; 43 119 184 253; 40 119 172 254; 39 119 173 254; 39 119 173 254; 39 119 173 254; 

7\7_203_203015.jpg
400 206
152 44 229 160; 152 44 231 163; 153 47 230 159; 152 45 231 163; 143 36 238 161; 153 46 231 161; 153 45 232 161; 153 45 232 161; 153 45 232 161; 

7\7_203_203031.jpg
400 243
122 22 270 236; 117 20 271 239; 119 21 262 216; 115 20 271 239; 103 16 274 233; 119 22 270 239; 132 21 161 43; 350 146 381 166; 114 21 271 238; 

7\7_203_203068.jpg
400 266
116 67 289 264; 117 68 289 264; 117 69 287 262; 116 68 289 262; 109 69 287 261; 116 69 287 263; 199 68 235 111; 199 68 235 111; 199 68 235 120; 

7\7_203_203069.jpg
400 390
137 83 246 282; 141 84 251 282; 144 84 231 280; 142 83 250 282; 140 78 252 269; 144 84 249 281; 141 83 250 284; 141 83 251 284; 141 83 250 284; 

7\7_203_203099.jpg
400 327
60 24 334 306; 59 26 321 309; 59 24 322 165; 59 24 332 308; 49 31 337 299; 60 25 332 309; 163 174 264 292; 163 175 264 292; 128 165 331 308; 

7\7_203_203100.jpg
400 327
60 24 330 306; 59 23 321 306; 59 24 321 166; 59 24 332 308; 56 24 335 309; 59 23 332 309; 163 174 265 293; 163 174 264 293; 126 166 331 308; 

7\7_203_203101.jpg
400 327
60 24 334 303; 60 23 321 309; 59 24 321 166; 59 24 332 308; 60 23 333 309; 59 25 332 308; 162 174 264 292; 162 174 264 292; 127 166 331 308; 

7\7_203_203146.jpg
400 266
90 104 286 209; 89 103 285 205; 92 104 283 205; 92 103 284 205; 90 106 285 211; 91 104 284 206; 91 104 285 206; 91 102 285 206; 91 104 285 206; 

7\7_203_203209.jpg
400 285
76 46 249 266; 71 46 249 269; 76 44 249 267; 74 46 247 270; 75 45 247 274; 74 46 249 270; 114 44 179 112; 114 44 179 114; 76 44 248 269; 

7\7_203_203246.jpg
400 300
32 22 282 294; 29 24 282 300; 29 22 281 299; 28 21 282 300; 40 31 288 292; 28 22 283 299; 28 21 283 299; 28 21 283 299; 28 21 283 299; 

7\7_203_203252.jpg
300 400
50 32 250 366; 50 32 251 369; 50 36 251 369; 50 34 251 371; 53 34 249 400; 48 45 251 351; 68 33 205 164; 68 33 205 164; 68 33 251 186; 

7\7_203_203283.jpg
400 343
88 35 322 241; 88 35 325 239; 88 36 321 237; 89 36 323 236; 84 34 320 251; 89 36 322 244; 88 35 323 243; 88 35 323 243; 88 35 323 243; 

7\7_203_203446.jpg
400 400
94 64 329 317; 93 64 332 299; 92 66 331 317; 94 64 331 319; 92 64 330 318; 93 64 331 318; 92 64 331 319; 92 64 331 319; 92 64 331 319; 

7\7_203_203453.jpg
400 266
142 4 256 184; 145 3 258 187; 145 1 254 186; 145 1 256 186; 143 1 258 186; 143 28 255 185; 143 28 255 185; 143 28 255 185; 143 28 255 185; 

7\7_203_203526.jpg
335 400
68 58 162 256; 68 59 165 249; 68 60 164 246; 69 58 164 245; 73 54 178 269; 70 58 166 251; 78 58 157 152; 78 58 157 152; 78 58 157 152; 

7\7_203_203706.jpg
400 300
151 42 352 288; 145 45 352 300; 264 44 353 299; 145 46 354 300; 267 38 354 296; 262 44 355 300; 263 43 353 299; 263 43 353 299; 263 43 353 299; 

7\7_203_203760.jpg
320 400
67 49 264 364; 63 49 262 366; 62 51 263 368; 61 51 262 364; 67 47 268 369; 63 50 262 351; 63 49 262 362; 63 49 262 362; 63 49 262 364; 

7\7_203_203763.jpg
320 400
70 50 182 248; 71 49 183 262; 72 51 183 252; 72 50 182 258; 78 48 184 268; 72 50 182 259; 71 49 182 262; 71 49 182 262; 71 49 182 262; 

7\7_203_203765.jpg
320 400
66 48 264 364; 60 50 263 365; 64 51 262 361; 62 51 262 366; 68 44 266 364; 63 49 262 352; 63 50 240 116; 88 313 147 364; 63 50 243 155; 

7\7_203_203849.jpg
400 266
74 18 298 263; 76 20 297 267; 75 18 296 267; 74 17 296 267; 72 19 301 261; 74 17 296 267; 74 16 188 154; 74 16 188 134; 74 16 295 266; 

7\7_203_203851.jpg
400 266
82 8 317 263; 84 9 311 267; 83 11 307 267; 85 12 309 267; 83 15 333 263; 83 12 309 267; 83 10 199 147; 83 10 199 129; 83 10 308 266; 

7\7_203_203897.jpg
266 400
14 144 218 289; 14 144 221 290; 22 147 219 289; 21 143 219 288; 14 147 225 289; 22 154 218 289; 158 159 218 211; 129 330 178 398; 22 144 218 290; 

7\7_203_203899.jpg
266 400
40 120 246 295; 39 119 259 292; 39 119 255 292; 40 119 261 292; 39 119 266 287; 39 118 264 292; 39 118 66 184; 62 317 120 374; 39 118 262 292; 

7\7_203_203906.jpg
400 266
110 69 298 263; 105 70 302 266; 177 74 301 266; 103 70 301 266; 109 71 313 267; 109 69 301 266; 179 69 251 158; 179 69 251 158; 179 69 251 158; 

7\7_204_204017.jpg
400 320
162 40 362 212; 161 38 365 212; 161 39 363 214; 161 40 364 212; 161 37 369 218; 161 40 361 214; 160 39 362 214; 160 39 362 214; 160 39 362 214; 

7\7_204_204029.jpg
326 400
130 29 305 297; 128 31 304 289; 128 29 305 278; 129 31 302 292; 129 36 305 271; 129 45 302 294; 127 30 306 294; 127 30 306 294; 127 30 306 294; 

7\7_204_204044.jpg
386 400
46 88 352 342; 47 89 357 340; 235 96 357 178; 44 88 356 356; 70 78 354 357; 42 88 355 352; 196 224 324 342; 196 224 324 342; 181 224 324 342; 

7\7_204_204115.jpg
400 266
128 32 292 202; 127 34 296 202; 128 33 296 199; 128 34 298 204; 122 31 316 200; 128 32 296 202; 127 34 296 204; 127 34 296 204; 127 34 296 204; 

7\7_204_204119.jpg
400 266
160 40 238 244; 162 39 238 241; 161 39 238 133; 161 38 240 246; 159 44 236 244; 162 39 238 244; 160 38 239 131; 160 38 239 131; 160 38 239 131; 

7\7_204_204201.jpg
400 266
32 38 290 246; 37 38 296 234; 35 38 298 235; 37 38 296 234; 34 26 308 243; 36 39 295 234; 172 37 234 113; 171 37 234 113; 172 37 234 113; 

7\7_204_204208.jpg
266 400
62 23 217 338; 62 21 218 341; 37 21 217 400; 61 22 217 321; 43 11 223 390; 104 44 173 135; 35 21 218 400; 35 21 218 400; 35 21 218 400; 

7\7_204_204227.jpg
390 400
42 28 239 371; 42 24 229 372; 108 28 227 122; 42 26 234 375; 42 22 242 344; 40 45 235 351; 106 26 226 121; 106 26 226 124; 106 26 226 121; 

7\7_204_204229.jpg
400 320
14 74 221 309; 11 76 221 309; 11 76 221 309; 12 76 221 310; 16 78 238 302; 12 78 221 311; 12 77 221 309; 12 77 221 309; 12 77 221 309; 

7\7_204_204239.jpg
400 266
42 24 294 257; 41 24 294 266; 41 26 294 261; 42 25 294 261; 45 23 280 252; 41 25 295 261; 41 24 294 262; 41 24 294 262; 41 24 294 262; 

7\7_204_204261.jpg
400 299
32 91 354 242; 33 93 358 245; 34 92 354 243; 32 92 355 244; 38 92 336 257; 32 91 355 244; 32 92 355 243; 32 92 355 243; 32 92 355 243; 

7\7_204_204300.jpg
400 299
88 22 230 271; 88 21 232 271; 90 23 230 272; 91 19 232 273; 78 33 249 279; 90 22 233 275; 149 215 170 268; 146 180 197 214; 91 22 230 271; 

7\7_204_204312.jpg
399 295
204 97 302 249; 205 90 304 245; 206 89 303 247; 205 90 304 247; 194 83 322 259; 206 90 305 248; 206 89 303 247; 206 89 303 247; 206 89 303 247; 

7\7_204_204391.jpg
400 299
15 28 274 267; 7 21 273 267; 82 101 273 265; 6 20 274 271; 83 111 275 282; 7 19 274 270; 77 101 273 269; 77 101 273 269; 77 101 273 269; 

7\7_204_204406.jpg
400 299
61 73 360 289; 59 67 364 299; 58 83 363 298; 60 66 366 299; 59 86 381 287; 58 83 365 297; 201 130 277 166; 201 131 277 164; 59 66 361 166; 

7\7_204_204419.jpg
266 400
71 44 192 306; 71 44 192 306; 75 46 192 306; 74 45 192 305; 71 44 196 320; 76 46 192 305; 83 44 192 181; 83 44 192 181; 74 44 192 306; 

7\7_204_204588.jpg
400 266
142 81 398 267; 142 82 400 266; 142 82 399 266; 142 82 399 266; 155 81 396 263; 143 82 400 265; 142 81 399 266; 142 81 399 266; 142 81 399 266; 

7\7_204_204589.jpg
400 331
86 96 333 326; 86 96 343 331; 84 99 343 331; 84 95 341 331; 78 93 347 330; 82 99 343 321; 83 96 191 194; 83 96 191 194; 83 96 342 331; 

7\7_204_204599.jpg
400 320
118 66 268 231; 112 64 269 232; 111 64 269 228; 111 65 270 228; 102 55 270 232; 112 64 269 228; 111 64 269 231; 111 64 269 231; 111 64 269 231; 

7\7_204_204609.jpg
400 300
94 52 334 263; 94 54 334 259; 91 55 332 254; 93 54 334 258; 96 56 331 259; 93 55 332 256; 92 54 335 258; 92 54 335 258; 92 54 335 258; 

7\7_204_204661.jpg
375 400
114 34 279 394; 116 31 287 400; 118 32 287 390; 118 33 287 400; 108 29 292 395; 117 45 282 353; 117 34 285 400; 117 34 285 400; 117 34 285 400; 

7\7_204_204729.jpg
370 400
4 24 269 314; 6 23 271 316; 3 24 271 317; 2 24 270 318; 12 15 274 313; 1 45 269 317; 2 22 272 318; 2 22 272 318; 2 22 272 318; 

7\7_204_204731.jpg
400 281
12 10 280 256; 11 14 282 266; 11 15 284 186; 11 15 284 265; 11 15 392 243; 12 14 283 263; 12 14 285 265; 12 14 285 265; 12 14 285 265; 

7\7_204_204745.jpg
400 267
18 12 268 259; 17 11 273 253; 19 14 271 252; 19 14 271 251; 19 14 270 249; 19 14 271 251; 116 131 271 252; 116 131 271 252; 116 131 271 252; 

7\7_204_204777.jpg
400 330
24 67 348 284; 22 67 349 284; 24 69 348 285; 24 69 348 285; 30 69 345 274; 22 68 350 286; 23 67 351 286; 23 67 351 286; 23 67 351 286; 

7\7_204_204789.jpg
251 400
40 10 211 302; 40 8 211 282; 40 19 212 279; 40 9 212 283; 29 12 240 387; 61 46 167 153; 44 8 167 152; 45 8 167 152; 39 8 211 282; 

7\7_204_204802.jpg
400 266
18 48 217 264; 9 56 217 261; 8 56 217 260; 9 55 216 262; 13 58 218 259; 8 56 216 262; 9 56 216 264; 9 56 216 264; 9 56 216 264; 

7\7_204_204804.jpg
320 400
56 96 259 372; 59 94 261 376; 57 93 261 374; 56 95 261 375; 62 82 256 367; 57 94 261 354; 56 95 260 375; 56 95 260 375; 56 95 260 375; 

7\7_204_204911.jpg
313 400
24 84 289 352; 24 84 295 351; 25 84 293 348; 23 83 294 351; 17 87 293 351; 23 83 293 351; 23 83 294 348; 23 83 294 348; 23 83 294 348; 

7\7_204_204934.jpg
400 266
94 74 299 165; 91 73 301 161; 94 76 301 161; 95 75 301 160; 85 75 301 186; 91 75 299 163; 93 75 301 163; 93 75 301 163; 93 75 301 163; 

7\7_204_204940.jpg
400 300
76 10 348 274; 78 11 349 274; 77 11 349 276; 75 11 350 274; 69 24 361 264; 78 11 349 276; 76 11 350 277; 76 11 350 277; 76 11 350 277; 

7\7_204_204947.jpg
400 316
26 74 206 297; 26 75 198 298; 25 74 193 299; 24 74 194 299; 22 74 200 304; 25 76 194 299; 22 74 192 301; 22 74 192 301; 22 74 192 301; 

7\7_205_205028.jpg
400 266
186 30 352 170; 189 26 356 172; 189 28 356 170; 188 27 356 171; 179 29 355 171; 188 27 356 169; 188 27 357 170; 188 27 357 170; 188 27 357 170; 

7\7_205_205039.jpg
324 400
89 61 213 392; 91 59 209 400; 94 57 210 398; 91 59 210 400; 83 53 217 399; 91 59 211 363; 91 58 211 400; 91 58 211 400; 91 58 211 400; 

7\7_205_205040.jpg
400 300
2 10 137 289; 5 3 139 292; 2 4 138 291; 1 2 137 291; 10 12 142 281; 1 1 138 290; 0 1 137 288; 0 1 137 288; 0 1 137 288; 

7\7_205_205157.jpg
400 266
48 13 232 264; 42 13 230 266; 48 12 232 266; 48 12 232 266; 58 12 234 265; 99 13 174 96; 101 12 174 96; 101 12 175 97; 101 12 180 126; 

7\7_205_205159.jpg
400 288
32 6 206 286; 31 5 204 288; 32 5 206 288; 33 5 204 288; 29 8 201 282; 59 5 147 99; 58 4 146 101; 58 4 147 100; 58 4 148 126; 

7\7_205_205162.jpg
400 291
52 2 294 289; 52 3 298 291; 53 0 297 291; 52 0 298 291; 66 4 296 288; 98 2 204 117; 89 0 229 147; 84 0 232 147; 89 0 229 147; 

7\7_205_205166.jpg
400 258
143 14 348 249; 144 13 356 251; 145 15 352 259; 144 15 356 259; 143 8 356 252; 145 15 354 251; 144 16 356 259; 144 16 357 259; 144 16 356 259; 

7\7_205_205174.jpg
370 400
50 22 302 309; 50 21 299 314; 49 21 301 304; 48 21 299 314; 48 28 304 303; 51 46 300 314; 49 21 299 315; 49 21 299 315; 49 21 299 315; 

7\7_205_205250.jpg
400 266
19 31 256 260; 15 21 257 259; 16 26 256 260; 15 25 261 262; 0 22 265 244; 16 28 258 262; 13 27 260 261; 13 27 260 259; 13 27 260 261; 

7\7_205_205266.jpg
400 266
106 44 280 229; 108 47 281 229; 107 45 280 230; 108 45 280 229; 103 42 291 228; 108 45 281 230; 109 44 280 230; 109 44 280 230; 109 44 280 230; 

7\7_205_205299.jpg
301 400
84 21 236 392; 75 21 240 394; 74 20 237 393; 76 20 239 398; 80 20 234 400; 85 44 237 357; 142 20 224 131; 142 20 222 155; 74 20 240 397; 

7\7_205_205328.jpg
400 265
86 26 316 251; 86 23 316 254; 85 24 316 253; 86 24 317 254; 92 30 318 252; 85 22 316 254; 86 22 318 255; 86 22 318 255; 86 22 318 255; 

7\7_205_205332.jpg
400 300
76 102 356 194; 78 106 359 196; 81 105 358 194; 78 105 358 195; 51 87 361 198; 78 107 358 195; 222 118 359 169; 222 118 359 199; 85 106 359 194; 

7\7_205_205363.jpg
400 290
92 78 376 271; 95 79 384 263; 94 81 380 260; 92 79 382 264; 71 75 396 267; 92 81 382 262; 92 79 382 263; 92 79 382 264; 92 79 382 263; 

7\7_205_205373.jpg
400 266
64 29 228 249; 61 32 233 246; 64 32 228 239; 66 32 232 251; 62 34 249 244; 65 32 231 244; 66 32 231 248; 66 31 231 248; 66 32 231 248; 

7\7_205_205377.jpg
267 400
56 11 200 384; 49 12 198 387; 52 14 198 386; 51 11 198 384; 56 12 202 378; 50 46 198 352; 69 10 144 82; 69 10 144 83; 69 10 146 82; 

7\7_205_205420.jpg
400 266
23 94 242 266; 17 95 246 266; 22 95 247 266; 21 94 246 266; 18 86 231 266; 20 94 246 264; 19 94 246 266; 19 94 247 266; 19 94 246 266; 

7\7_205_205422.jpg
400 266
212 115 379 192; 212 118 381 191; 213 119 378 190; 212 120 381 190; 208 114 384 191; 213 118 380 190; 212 118 381 190; 212 118 381 191; 212 118 381 190; 

7\7_205_205457.jpg
266 400
18 50 221 276; 18 48 225 276; 21 48 223 274; 21 45 223 274; 20 48 238 276; 156 54 214 274; 157 47 213 274; 157 47 213 274; 157 47 213 274; 

7\7_205_205463.jpg
329 400
80 36 236 328; 77 35 236 324; 82 38 234 323; 79 37 236 324; 73 36 238 330; 79 45 236 323; 78 35 235 326; 78 35 235 326; 78 35 235 326; 

7\7_205_205479.jpg
400 285
177 41 294 226; 182 41 292 225; 183 41 292 228; 183 41 294 229; 176 44 301 226; 182 41 293 227; 182 41 294 229; 182 41 294 229; 182 41 294 229; 

7\7_205_205500.jpg
400 266
16 38 158 265; 19 42 153 266; 21 44 148 265; 20 45 154 266; 21 41 153 264; 18 44 155 265; 67 120 135 266; 67 119 130 266; 21 45 155 266; 

7\7_205_205509.jpg
225 400
22 132 137 364; 24 131 133 362; 24 133 133 365; 23 131 133 365; 19 132 132 364; 26 131 132 354; 24 132 133 366; 24 132 133 366; 24 132 133 366; 

7\7_205_205544.jpg
400 266
36 86 316 225; 38 86 319 226; 39 88 317 228; 38 86 318 226; 36 85 338 226; 38 87 320 226; 38 86 319 224; 38 86 319 224; 38 86 319 224; 

7\7_205_205569.jpg
400 367
124 86 350 305; 121 86 352 310; 121 87 353 307; 121 88 352 307; 123 100 347 310; 121 87 352 307; 16 91 103 172; 16 91 105 172; 16 87 354 308; 

7\7_205_205643.jpg
400 320
51 85 360 256; 53 88 359 256; 55 88 359 255; 54 89 359 255; 50 83 361 252; 55 89 360 256; 54 113 183 235; 54 112 183 235; 54 88 359 255; 

7\7_205_205687.jpg
400 300
80 78 338 210; 81 84 339 214; 86 83 338 199; 79 81 338 214; 77 88 341 192; 82 82 333 211; 185 81 335 211; 186 79 335 211; 77 81 335 211; 

7\7_205_205702.jpg
400 266
58 56 351 247; 54 54 351 253; 56 56 306 200; 52 53 349 255; 54 70 351 232; 53 56 350 253; 148 176 231 255; 148 177 231 255; 54 54 349 255; 

7\7_205_205703.jpg
266 400
11 136 230 258; 12 134 229 260; 14 133 228 249; 11 134 231 260; 17 131 227 259; 9 134 230 253; 9 134 229 252; 11 134 229 252; 9 134 229 252; 

7\7_205_205721.jpg
400 266
206 60 344 192; 204 59 345 196; 207 61 343 193; 206 59 344 193; 208 64 344 201; 206 59 343 194; 206 59 344 193; 206 59 345 193; 206 59 344 193; 

7\7_205_205756.jpg
300 400
26 28 228 322; 23 29 231 331; 26 29 228 326; 25 29 229 328; 28 34 238 324; 98 134 229 300; 24 28 228 331; 22 28 228 331; 24 28 228 331; 

7\7_205_205773.jpg
341 400
134 100 285 196; 134 102 286 196; 134 101 285 195; 135 101 286 194; 137 100 302 209; 134 102 286 195; 133 101 286 194; 133 101 286 194; 133 101 286 194; 

7\7_205_205900.jpg
400 285
212 12 356 282; 212 13 362 285; 213 14 361 285; 214 14 361 285; 216 11 376 284; 212 14 361 285; 261 13 344 108; 261 13 345 117; 261 13 344 117; 

7\7_205_205968.jpg
400 266
46 64 310 196; 41 64 307 188; 43 64 304 186; 41 64 311 189; 46 65 307 186; 42 65 311 189; 41 64 307 187; 41 63 307 187; 41 64 307 187; 

7\7_205_205976.jpg
293 400
84 94 259 396; 82 94 266 400; 85 97 262 390; 85 95 266 400; 86 91 266 400; 90 95 257 352; 82 96 266 400; 82 96 266 400; 82 96 266 400; 

7\7_206_206016.jpg
400 267
109 31 386 183; 111 29 381 184; 172 33 391 178; 112 31 399 181; 109 31 387 176; 112 31 400 180; 111 78 172 145; 110 78 172 145; 111 32 397 183; 

7\7_206_206022.jpg
399 266
102 10 245 258; 101 10 248 267; 103 11 246 267; 99 10 247 267; 98 15 249 253; 100 11 246 264; 99 10 246 265; 99 8 246 265; 99 10 246 265; 

7\7_206_206025.jpg
400 288
62 13 286 224; 56 14 288 234; 91 13 194 176; 54 14 288 232; 59 14 282 236; 54 13 287 232; 91 14 192 174; 91 14 192 175; 58 14 288 233; 

7\7_206_206026.jpg
400 306
120 50 368 282; 122 46 368 278; 122 48 367 279; 121 47 368 278; 109 39 371 280; 122 47 368 279; 122 46 369 278; 122 46 369 278; 122 46 369 278; 

7\7_206_206027.jpg
400 288
79 81 329 258; 76 82 326 257; 76 82 328 249; 78 81 328 255; 54 81 338 249; 77 81 328 256; 76 116 290 259; 76 116 289 259; 76 81 326 259; 

7\7_206_206051.jpg
400 240
18 28 339 206; 14 24 335 199; 14 26 337 199; 14 24 334 199; 16 31 342 201; 13 25 335 199; 14 25 335 201; 14 26 335 201; 14 25 335 201; 

7\7_206_206054.jpg
400 303
122 61 376 276; 124 63 376 281; 120 62 377 279; 121 64 376 278; 101 58 378 283; 121 63 376 279; 121 64 376 280; 121 62 376 280; 121 64 376 280; 

7\7_206_206284.jpg
348 400
58 10 300 318; 61 11 301 340; 60 10 299 333; 61 11 300 333; 56 7 314 335; 60 9 300 332; 59 9 300 335; 59 9 300 335; 59 9 300 335; 

7\7_206_206305.jpg
400 293
126 30 391 277; 125 21 391 281; 219 114 304 200; 127 21 393 280; 132 22 388 278; 128 21 392 281; 126 20 392 279; 126 20 392 281; 126 20 392 279; 

7\7_206_206320.jpg
400 305
128 42 377 259; 127 40 374 274; 178 86 346 250; 129 38 373 266; 124 42 389 268; 128 39 374 275; 129 41 374 264; 129 41 385 300; 129 41 374 264; 

7\7_206_206323.jpg
400 283
154 36 386 221; 148 39 390 224; 146 39 389 224; 144 37 388 223; 149 36 390 219; 145 37 389 224; 145 36 389 226; 145 36 389 226; 145 36 389 226; 

7\7_206_206330.jpg
313 400
62 180 282 350; 61 181 285 354; 61 181 285 353; 62 181 285 352; 57 186 290 358; 61 180 284 352; 61 180 283 353; 61 180 283 353; 61 180 283 353; 

7\7_206_206416.jpg
300 400
12 12 204 358; 9 8 209 361; 10 10 209 359; 11 9 208 362; 26 6 207 348; 10 46 209 355; 76 276 178 361; 76 276 179 361; 12 158 178 361; 

7\7_206_206481.jpg
400 298
159 88 396 294; 159 87 396 291; 162 88 394 294; 161 88 396 295; 165 91 385 288; 161 89 392 295; 161 88 396 297; 161 88 396 297; 161 88 396 297; 

7\7_206_206495.jpg
400 337
120 102 314 334; 116 101 315 338; 132 108 315 338; 120 105 317 338; 115 94 319 338; 121 102 319 322; 119 104 318 338; 119 105 318 338; 119 104 318 338; 

7\7_206_206548.jpg
400 299
114 30 306 251; 114 32 308 252; 114 32 306 251; 114 32 308 252; 106 31 297 242; 114 32 307 251; 146 100 195 169; 146 100 195 169; 114 33 307 251; 

7\7_206_206592.jpg
399 334
190 55 384 315; 186 58 386 318; 190 60 386 318; 188 56 388 321; 198 58 390 303; 190 58 388 320; 292 58 371 131; 291 58 375 131; 292 58 371 173; 

7\7_206_206596.jpg
321 399
92 22 306 278; 92 22 309 282; 92 21 310 279; 93 21 309 288; 98 25 312 292; 90 22 309 286; 91 22 309 282; 91 22 309 285; 91 22 309 282; 

7\7_206_206605.jpg
266 400
59 132 176 254; 59 138 175 256; 58 136 176 257; 57 133 176 257; 54 129 184 249; 58 134 176 256; 57 134 176 257; 57 134 176 258; 57 134 176 257; 

7\7_206_206606.jpg
266 400
93 169 209 292; 94 174 209 293; 95 174 208 292; 92 174 210 296; 101 169 207 293; 95 174 209 293; 92 171 209 291; 92 171 209 291; 92 171 209 291; 

7\7_206_206631.jpg
400 300
198 104 368 300; 201 96 371 300; 201 101 367 300; 200 96 369 300; 199 100 364 299; 201 96 369 299; 199 97 369 300; 199 97 371 300; 199 97 369 300; 

7\7_206_206703.jpg
400 300
74 78 291 209; 76 78 289 208; 76 82 288 207; 77 79 289 205; 81 78 295 216; 77 80 289 205; 77 79 289 204; 76 79 289 204; 77 79 289 204; 

