500

8\9_100075.jpg
400 266
34 81 390 239; 32 81 297 248; 36 81 296 198; 33 81 295 246; 35 81 291 242; 33 82 296 246; 33 81 295 246; 33 81 296 246; 33 81 295 246; 

8\9_100080.jpg
266 400
46 155 214 347; 39 154 215 359; 49 154 210 343; 32 154 212 360; 39 150 212 357; 89 154 190 276; 86 154 190 259; 86 154 190 275; 32 154 212 360; 

8\9_100098.jpg
400 266
156 85 397 237; 152 86 399 235; 155 84 399 209; 156 86 399 237; 152 87 398 232; 155 85 398 234; 156 86 399 237; 156 86 399 237; 156 86 399 237; 

8\9_100633.jpg
400 320
90 87 258 274; 92 88 260 273; 91 88 259 223; 90 88 258 274; 96 88 253 269; 90 88 258 268; 90 88 258 274; 90 88 258 274; 90 88 258 274; 

8\9_100999.jpg
263 400
51 113 248 329; 54 114 256 330; 80 115 211 264; 54 115 255 329; 58 118 249 317; 106 115 199 229; 106 115 198 229; 54 115 254 329; 106 115 198 254; 

8\9_101_0136.jpg
300 400
52 32 278 220; 53 32 279 219; 54 57 276 218; 54 32 276 218; 52 59 275 218; 53 34 276 218; 54 32 276 218; 54 33 276 218; 54 32 276 218; 

8\9_102_0208.jpg
300 400
89 58 240 269; 92 58 240 271; 93 62 238 265; 92 58 238 267; 90 59 239 265; 92 58 239 266; 92 58 238 267; 92 58 238 267; 92 58 238 267; 

8\9_102_0260.jpg
300 400
72 42 227 249; 75 41 228 242; 73 56 226 241; 71 41 227 246; 74 59 226 242; 74 42 227 244; 71 41 227 246; 71 41 227 246; 71 41 227 246; 

8\9_104022.jpg
266 400
62 122 226 305; 62 120 225 298; 62 121 224 301; 60 119 224 299; 60 121 215 304; 116 131 223 256; 60 119 224 299; 62 120 224 302; 60 119 224 299; 

8\9_105025.jpg
400 266
131 52 366 213; 121 54 369 206; 128 56 363 202; 126 54 365 204; 123 51 333 204; 124 55 368 202; 126 54 365 204; 126 54 365 204; 126 54 365 204; 

8\9_105053.jpg
400 266
111 72 350 199; 113 109 209 196; 113 110 209 197; 108 111 207 197; 110 106 210 199; 111 110 208 196; 108 111 207 197; 108 110 206 199; 108 111 207 197; 

8\9_106020.jpg
400 266
133 2 363 184; 134 2 398 185; 132 1 395 185; 132 1 397 185; 132 1 388 184; 133 1 399 185; 132 1 397 185; 132 1 397 185; 132 1 397 185; 

8\9_106024.jpg
400 266
153 27 229 253; 155 28 253 251; 156 31 249 250; 156 28 250 251; 155 31 233 248; 155 30 250 252; 156 28 250 251; 156 28 250 251; 156 28 250 251; 

8\9_106025.jpg
266 400
77 91 176 348; 77 88 178 348; 79 89 187 348; 77 87 189 351; 80 89 176 344; 78 89 188 352; 77 87 189 351; 77 87 219 351; 77 87 189 351; 

8\9_108005.jpg
400 266
151 50 364 229; 151 50 388 226; 151 51 397 220; 150 51 399 229; 151 54 386 217; 151 51 399 226; 150 79 219 160; 150 52 398 229; 150 51 399 229; 

8\9_108028.jpg
300 400
66 138 210 261; 64 136 208 260; 65 138 208 260; 63 138 208 261; 67 139 202 256; 65 138 208 261; 63 138 208 261; 63 138 208 261; 63 138 208 261; 

8\9_108041.jpg
266 400
8 142 203 269; 3 146 203 269; 75 144 203 270; 75 144 202 271; 77 144 203 270; 0 144 203 270; 75 144 192 271; 0 144 202 274; 75 144 192 271; 

8\9_108070.jpg
400 266
86 101 259 201; 41 82 259 201; 92 104 258 197; 40 81 259 200; 42 81 262 199; 41 81 258 200; 40 81 259 200; 40 79 259 200; 40 81 259 200; 

8\9_108073.jpg
400 266
89 102 314 187; 10 103 323 182; 92 105 314 185; 7 105 314 187; 5 103 306 185; 7 105 315 185; 7 105 314 187; 7 105 314 187; 7 105 314 187; 

8\9_108076.jpg
400 266
89 68 217 184; 144 78 219 147; 144 77 218 146; 144 77 218 147; 145 74 218 151; 144 77 218 147; 144 77 218 147; 144 77 218 147; 144 77 218 147; 

8\9_108082.jpg
400 266
139 28 330 220; 176 33 336 219; 173 33 333 217; 182 31 271 131; 33 34 321 219; 22 32 336 218; 182 31 269 131; 182 31 266 130; 182 31 269 131; 

8\9_108_0873.jpg
400 300
94 107 278 208; 96 108 275 208; 95 109 274 208; 94 108 274 209; 92 108 276 209; 95 109 274 209; 94 108 274 209; 94 108 274 209; 94 108 274 209; 

8\9_108_0881.jpg
400 300
61 46 344 232; 60 46 344 231; 60 46 342 231; 60 46 342 232; 62 47 339 232; 61 46 342 232; 60 46 342 232; 60 46 342 232; 60 46 342 232; 

8\9_108_0883.jpg
400 300
142 110 322 213; 144 114 324 211; 144 113 322 212; 144 114 321 211; 142 114 321 207; 144 114 322 211; 144 114 321 211; 144 112 322 211; 144 114 321 211; 

8\9_108_0892.jpg
400 300
168 111 303 235; 171 116 301 233; 171 116 301 232; 169 114 301 234; 173 114 300 234; 169 116 301 234; 169 114 301 234; 169 114 302 234; 169 114 301 234; 

8\9_109034.jpg
400 266
146 82 345 191; 156 88 215 181; 157 94 215 179; 76 91 353 196; 156 86 226 180; 156 89 215 180; 76 91 215 195; 77 91 216 196; 76 91 215 195; 

8\9_109053.jpg
400 266
101 25 254 227; 106 72 249 224; 106 26 250 225; 106 25 252 228; 106 27 251 226; 105 25 251 227; 106 25 252 228; 106 25 252 228; 106 25 252 228; 

8\9_109256.jpg
400 320
68 68 220 239; 66 71 219 234; 67 71 217 241; 65 69 217 246; 82 76 215 234; 66 71 218 239; 65 69 217 246; 65 69 217 248; 65 69 217 246; 

8\9_109272.jpg
400 351
134 66 265 291; 136 66 270 292; 136 68 261 288; 134 66 258 294; 132 66 260 284; 136 67 259 292; 134 66 258 294; 134 66 258 294; 134 66 258 294; 

8\9_109_0936.jpg
400 300
102 40 294 278; 105 42 289 278; 105 43 289 277; 104 42 279 162; 105 42 291 273; 105 44 290 266; 104 42 279 162; 104 42 289 278; 104 42 279 162; 

8\9_109_0946.jpg
400 300
79 96 328 251; 82 98 328 250; 82 98 327 246; 82 97 328 248; 82 99 328 252; 82 97 328 249; 82 97 328 248; 82 97 328 248; 82 97 328 248; 

8\9_109_0947.jpg
400 300
96 76 333 235; 99 76 331 231; 98 77 329 228; 98 75 329 230; 96 76 332 232; 98 76 329 230; 98 75 329 230; 98 76 329 230; 98 75 329 230; 

8\9_109_0952.jpg
400 300
105 68 273 201; 107 70 271 199; 108 68 271 196; 108 68 271 198; 108 67 269 199; 106 67 270 198; 108 68 271 198; 108 68 271 198; 108 68 271 198; 

8\9_110_1002.jpg
400 300
123 48 293 244; 124 48 293 243; 123 49 291 241; 124 48 292 242; 124 48 290 243; 123 49 291 242; 124 48 292 242; 124 48 292 242; 124 48 292 242; 

8\9_110_1003.jpg
400 300
84 28 331 285; 86 29 331 284; 85 29 331 283; 85 29 331 283; 86 29 329 278; 86 32 331 282; 85 29 331 283; 85 29 331 283; 85 29 331 283; 

8\9_110_1027.jpg
400 300
54 52 372 286; 54 55 372 288; 54 53 367 278; 53 78 123 168; 56 57 350 268; 54 53 372 288; 53 78 122 168; 53 53 372 292; 53 78 123 168; 

8\9_110_1028.jpg
400 300
74 82 351 286; 76 83 351 281; 76 82 351 280; 76 88 149 166; 76 84 352 277; 76 83 350 281; 76 88 149 166; 76 82 350 286; 76 88 149 166; 

8\9_110_1030.jpg
400 300
61 88 358 278; 61 89 354 266; 62 88 354 269; 60 89 356 272; 64 88 354 267; 61 89 354 266; 60 89 356 272; 60 89 356 272; 60 89 356 272; 

8\9_110_1059.jpg
400 300
128 112 280 216; 126 110 279 212; 128 114 277 209; 128 116 278 214; 129 115 276 211; 127 111 279 211; 128 116 278 214; 128 116 278 211; 128 116 278 214; 

8\9_110_1065.jpg
400 300
99 81 314 263; 102 82 312 260; 102 82 311 258; 100 81 312 264; 100 83 309 255; 101 81 313 261; 100 81 172 138; 100 81 314 264; 100 81 172 138; 

8\9_110_1072.jpg
400 300
82 34 275 157; 86 37 274 156; 85 37 274 156; 85 35 273 156; 82 36 273 158; 86 36 274 156; 85 35 273 156; 85 35 273 156; 85 35 273 156; 

8\9_110_1082.jpg
400 300
123 38 271 270; 124 37 271 271; 124 39 270 268; 122 37 270 273; 125 43 274 274; 124 38 270 266; 122 37 270 273; 122 37 270 273; 122 37 270 273; 

8\9_110_1099.jpg
400 300
153 34 264 262; 154 34 263 262; 154 36 262 259; 152 35 262 261; 160 37 269 257; 154 34 262 261; 152 174 236 261; 152 32 261 261; 152 174 236 261; 

8\9_111_1123.jpg
400 300
50 55 299 255; 50 57 299 251; 50 57 298 252; 49 56 298 256; 50 59 295 251; 49 56 298 252; 49 56 298 256; 49 56 298 256; 49 56 298 256; 

8\9_111_1124.jpg
400 300
41 61 297 264; 40 62 296 264; 41 63 296 259; 41 62 296 263; 46 58 301 258; 44 62 294 262; 41 62 296 263; 41 62 296 263; 41 62 296 263; 

8\9_111_1136.jpg
400 300
91 49 283 266; 92 52 284 262; 94 55 282 261; 94 53 285 264; 95 52 278 263; 93 53 284 262; 94 53 285 264; 94 53 285 264; 94 53 285 264; 

8\9_111_1139.jpg
400 300
111 78 291 228; 111 79 293 224; 111 82 290 221; 109 81 291 224; 119 81 289 218; 110 78 292 224; 109 81 291 224; 109 81 291 224; 109 81 291 224; 

8\9_111_1149.jpg
400 300
78 71 270 281; 83 71 271 286; 81 72 269 281; 81 71 269 284; 81 71 260 278; 82 72 270 267; 81 71 269 284; 81 71 269 284; 81 71 269 284; 

8\9_111_1150.jpg
400 300
102 65 344 264; 104 66 344 264; 104 67 344 263; 103 68 345 264; 102 66 343 262; 104 66 346 262; 103 68 345 264; 103 65 345 264; 103 68 345 264; 

8\9_111_1152.jpg
400 300
85 9 312 273; 85 8 313 281; 85 9 312 271; 85 9 314 278; 85 9 316 268; 86 9 313 280; 85 9 314 278; 85 6 314 278; 85 9 314 278; 

8\9_111_1153.jpg
400 300
98 69 314 276; 104 68 314 274; 104 69 313 270; 103 68 312 276; 104 72 318 271; 104 69 312 266; 103 68 312 276; 103 68 313 276; 103 68 312 276; 

8\9_111_1162.jpg
400 300
139 78 274 252; 139 78 272 252; 140 79 272 249; 139 78 272 250; 140 78 276 252; 140 79 271 251; 139 78 272 250; 139 78 272 250; 139 78 272 250; 

8\9_111_1197.jpg
400 300
73 74 311 259; 74 76 312 260; 74 78 312 259; 74 77 312 261; 75 77 316 263; 74 77 311 261; 74 77 312 261; 74 77 312 261; 74 77 312 261; 

8\9_112082.jpg
400 266
32 92 308 219; 28 94 305 214; 2 99 304 214; 2 102 217 210; 17 100 310 211; 2 96 305 218; 2 102 217 210; 2 102 217 210; 2 102 217 210; 

8\9_112268.jpg
400 304
60 50 346 261; 70 50 294 159; 191 51 337 213; 55 50 347 265; 65 52 342 256; 54 49 346 264; 69 87 152 161; 55 50 348 269; 209 50 291 161; 

8\9_112449.jpg
400 354
195 34 382 210; 201 34 381 209; 206 42 368 205; 200 34 382 210; 203 36 372 209; 200 34 381 209; 200 34 382 210; 200 34 382 210; 200 34 382 210; 

8\9_112515.jpg
400 273
145 59 336 224; 176 52 327 220; 176 56 328 212; 21 54 327 230; 178 57 328 222; 44 51 334 226; 182 54 326 208; 16 53 332 228; 182 54 326 208; 

8\9_112517.jpg
284 399
127 4 280 286; 129 3 276 287; 129 54 275 287; 129 2 276 287; 129 56 277 286; 131 42 278 287; 129 2 276 287; 129 2 276 287; 129 2 276 287; 

8\9_112535.jpg
400 320
95 75 322 246; 91 74 339 252; 91 76 339 251; 91 76 341 252; 92 74 337 252; 91 74 339 252; 91 76 341 252; 91 76 341 252; 91 76 341 252; 

8\9_112_1276.jpg
400 300
110 96 301 220; 111 94 301 217; 111 96 299 217; 110 95 301 218; 109 96 299 216; 111 96 301 217; 110 95 301 218; 110 95 301 218; 110 95 301 218; 

8\9_112_1278.jpg
400 300
104 79 277 241; 106 78 275 241; 106 81 272 236; 106 78 274 242; 106 79 286 240; 106 79 275 240; 106 78 274 242; 104 78 274 238; 106 78 274 242; 

8\9_112_1289.jpg
400 300
99 43 299 272; 101 41 298 271; 101 44 297 271; 100 41 296 273; 98 43 304 268; 101 41 297 265; 100 41 171 121; 100 41 296 274; 100 41 171 121; 

8\9_113009.jpg
266 400
49 109 244 312; 48 106 246 308; 50 107 242 304; 108 106 244 307; 51 112 242 304; 108 106 244 308; 108 106 244 307; 51 108 244 307; 108 106 244 307; 

8\9_113016.jpg
400 266
82 17 385 253; 83 18 294 249; 82 19 234 242; 82 19 235 243; 84 21 383 240; 82 19 234 245; 82 19 235 243; 82 17 235 243; 82 19 235 243; 

8\9_113044.jpg
400 266
20 7 338 254; 146 7 338 261; 20 5 336 257; 146 115 314 260; 20 6 338 255; 19 6 337 253; 146 115 314 260; 19 7 338 260; 146 115 314 260; 

8\9_113418.jpg
266 399
92 47 250 306; 92 49 267 321; 95 50 249 303; 87 48 267 320; 91 52 255 303; 93 58 265 321; 87 48 267 320; 87 48 267 320; 87 48 267 320; 

8\9_113783.jpg
301 399
17 121 215 343; 90 121 212 311; 92 122 158 279; 93 121 157 279; 23 126 242 335; 92 122 157 283; 93 121 157 279; 89 121 157 279; 93 121 157 279; 

8\9_113905.jpg
319 399
39 103 289 290; 120 101 290 308; 35 101 285 285; 36 102 288 308; 37 102 287 290; 31 103 286 306; 36 102 288 308; 31 102 288 308; 36 102 288 308; 

8\9_113_1342.jpg
400 300
73 31 286 239; 78 30 286 239; 77 34 287 236; 76 32 285 238; 78 36 282 229; 76 32 285 238; 76 32 285 238; 76 32 285 238; 76 32 285 238; 

8\9_114_1426.jpg
400 300
68 62 308 254; 66 65 309 254; 70 64 307 248; 68 64 308 251; 72 66 305 253; 68 64 306 252; 68 64 308 251; 68 60 308 251; 68 64 308 251; 

8\9_114_1427.jpg
400 300
133 72 334 208; 137 72 332 207; 138 73 330 202; 138 72 331 209; 137 73 332 209; 138 73 330 209; 138 72 331 209; 138 72 331 209; 138 72 331 209; 

8\9_114_1428.jpg
400 300
84 38 263 219; 84 38 264 219; 84 38 260 208; 84 38 262 216; 86 38 262 218; 85 38 262 216; 84 38 262 216; 84 37 262 216; 84 38 262 216; 

8\9_114_1429.jpg
400 300
79 42 284 242; 78 42 282 237; 81 44 282 232; 79 42 283 236; 79 41 284 235; 80 43 281 239; 79 42 283 236; 79 42 283 236; 79 42 283 236; 

8\9_114_1431.jpg
400 300
92 29 262 289; 92 31 203 142; 94 31 261 288; 93 31 201 139; 96 32 260 286; 94 33 260 267; 93 31 201 139; 93 31 259 294; 93 31 201 139; 

8\9_114_1435.jpg
400 300
119 116 294 261; 121 115 294 259; 121 116 292 255; 121 116 293 260; 122 113 289 259; 122 116 292 262; 121 116 293 260; 121 116 293 260; 121 116 293 260; 

8\9_114_1439.jpg
400 300
83 42 296 292; 85 42 296 206; 84 42 294 289; 213 98 295 176; 84 41 293 279; 85 42 294 292; 213 98 295 176; 86 42 295 294; 213 98 295 176; 

8\9_114_1443.jpg
400 300
74 29 298 279; 75 29 297 279; 74 31 296 274; 73 29 295 279; 74 30 290 278; 74 33 294 278; 73 29 295 279; 73 29 295 279; 73 29 295 279; 

8\9_114_1446.jpg
400 300
80 88 228 201; 81 89 227 199; 83 88 227 197; 82 88 228 199; 81 89 232 202; 83 89 227 199; 82 88 228 199; 82 88 228 199; 82 88 228 199; 

8\9_114_1447.jpg
400 300
95 58 322 230; 94 59 324 229; 97 59 323 226; 97 59 322 228; 92 58 331 227; 97 59 323 228; 97 59 322 228; 97 59 322 228; 97 59 322 228; 

8\9_114_1450.jpg
400 300
88 104 263 218; 89 106 261 214; 90 108 260 214; 91 108 260 213; 92 106 259 214; 91 108 259 216; 91 108 260 213; 91 108 260 213; 91 108 260 213; 

8\9_114_1451.jpg
400 300
92 109 319 290; 94 111 324 293; 94 112 323 290; 94 111 322 291; 98 111 322 292; 94 112 314 266; 94 111 322 291; 94 111 322 291; 94 111 322 291; 

8\9_114_1454.jpg
400 300
48 103 259 269; 50 104 261 268; 50 106 261 266; 49 105 261 271; 51 106 261 269; 50 104 261 266; 49 105 261 271; 49 105 261 271; 49 105 261 271; 

8\9_114_1460.jpg
400 300
124 72 271 259; 124 75 271 259; 123 74 270 252; 122 74 268 258; 123 76 263 256; 123 74 269 259; 122 74 268 258; 122 74 268 258; 122 74 268 258; 

8\9_114_1462.jpg
400 300
91 84 286 238; 96 86 289 199; 96 86 284 202; 96 86 285 211; 96 84 285 197; 97 86 286 206; 96 86 285 211; 96 86 285 211; 96 86 285 211; 

8\9_114_1464.jpg
400 300
104 107 257 237; 105 108 256 237; 105 108 254 236; 105 108 256 236; 103 106 254 236; 105 108 256 237; 105 108 256 236; 105 108 256 236; 105 108 256 236; 

8\9_114_1467.jpg
400 300
84 62 308 262; 86 62 308 260; 87 62 305 258; 84 62 304 264; 88 62 304 264; 86 62 305 263; 84 62 304 264; 84 62 304 264; 84 62 304 264; 

8\9_114_1480.jpg
400 300
65 38 341 249; 68 37 339 249; 66 37 338 249; 66 37 338 249; 64 38 339 248; 66 38 338 249; 66 37 338 249; 66 37 338 249; 66 37 338 249; 

8\9_115476.jpg
400 327
158 70 332 323; 160 68 331 327; 161 69 332 316; 159 67 332 327; 159 69 331 302; 161 69 331 288; 159 67 332 327; 159 67 332 327; 159 67 332 327; 

8\9_115479.jpg
400 282
15 17 254 264; 30 62 215 250; 32 62 214 248; 14 17 255 266; 27 19 259 268; 44 45 232 258; 14 44 233 266; 14 44 233 266; 14 17 255 266; 

8\9_115_1510.jpg
400 300
78 92 304 247; 77 91 306 248; 78 93 303 248; 77 91 302 253; 78 93 299 256; 77 91 304 258; 77 91 302 253; 77 91 302 250; 77 91 302 253; 

8\9_115_1541.jpg
400 300
34 67 250 250; 32 68 249 252; 34 68 248 246; 32 67 248 254; 33 67 249 248; 46 68 249 253; 32 67 248 254; 32 67 248 248; 32 67 248 254; 

8\9_115_1571.jpg
400 300
71 75 279 249; 71 76 278 246; 72 77 278 244; 71 76 279 246; 73 76 274 247; 71 76 278 247; 71 76 279 246; 69 76 279 246; 71 76 279 246; 

8\9_115_1579.jpg
400 300
122 118 280 241; 124 119 282 236; 124 120 278 232; 122 121 279 234; 126 122 279 234; 124 120 280 235; 122 121 279 234; 122 121 279 234; 122 121 279 234; 

8\9_115_1580.jpg
400 300
61 92 304 217; 62 92 306 216; 62 96 303 214; 62 94 304 216; 64 93 306 219; 62 94 304 216; 62 94 304 216; 62 94 304 216; 62 94 304 216; 

8\9_115_1581.jpg
400 300
114 117 287 239; 114 121 289 239; 115 121 286 239; 114 120 288 241; 114 120 287 244; 114 120 287 242; 114 120 288 241; 114 120 288 241; 114 120 288 241; 

8\9_116593.jpg
400 316
92 133 214 244; 95 135 212 242; 96 136 213 241; 96 135 213 241; 95 137 214 240; 96 136 213 241; 96 135 213 241; 96 135 213 241; 96 135 213 241; 

8\9_116758.jpg
400 304
52 42 346 197; 99 121 304 191; 99 121 303 191; 52 42 344 207; 52 41 344 204; 52 42 346 206; 52 42 344 207; 52 41 344 207; 52 42 344 207; 

8\9_117003.jpg
400 315
150 122 324 282; 144 132 324 282; 147 132 323 279; 146 133 323 282; 161 132 323 277; 156 132 324 274; 224 133 323 278; 145 132 324 281; 146 133 323 282; 

8\9_117011.jpg
400 266
125 63 285 204; 127 67 290 228; 127 70 282 198; 127 68 282 199; 125 70 288 212; 127 69 288 227; 127 68 282 199; 127 68 282 200; 127 68 282 199; 

8\9_117200.jpg
300 400
59 46 294 241; 62 50 293 235; 60 69 293 237; 61 49 292 239; 62 61 286 233; 58 83 293 238; 61 49 292 239; 59 48 292 241; 61 49 292 239; 

8\9_117435.jpg
320 400
71 47 232 216; 69 48 231 215; 70 57 231 212; 70 48 231 213; 72 60 237 221; 71 51 231 214; 70 48 231 213; 70 48 231 213; 70 48 231 213; 

8\9_117821.jpg
399 230
176 11 371 193; 181 10 370 169; 180 12 368 167; 166 12 368 204; 181 13 368 201; 167 121 310 199; 166 121 308 204; 166 11 368 201; 166 12 368 204; 

8\9_117838.jpg
400 320
129 17 372 272; 128 19 389 240; 129 19 364 234; 129 19 391 271; 128 21 367 266; 149 42 216 137; 148 19 228 138; 128 19 390 271; 129 19 391 271; 

8\9_117_1751.jpg
400 300
126 114 256 239; 128 117 241 239; 127 116 241 234; 128 116 241 243; 128 117 259 237; 127 116 241 240; 128 116 241 243; 128 116 239 237; 128 116 241 243; 

8\9_117_1752.jpg
400 300
101 94 237 248; 102 95 236 248; 104 97 217 239; 102 96 218 246; 103 96 223 246; 103 96 217 248; 102 96 218 246; 102 96 218 246; 102 96 218 246; 

8\9_117_1753.jpg
400 300
128 104 261 254; 126 104 261 258; 128 107 244 248; 128 106 245 254; 128 107 253 252; 128 106 244 258; 128 106 245 254; 128 106 245 254; 128 106 245 254; 

8\9_117_1754.jpg
400 300
95 108 210 228; 98 109 208 229; 97 111 208 228; 98 109 209 231; 98 111 207 232; 98 110 209 231; 98 109 209 231; 98 109 209 231; 98 109 209 231; 

8\9_117_1757.jpg
400 300
117 88 312 255; 118 89 313 256; 119 89 309 253; 118 89 312 253; 118 89 314 251; 118 89 314 254; 118 89 312 253; 118 89 312 253; 118 89 312 253; 

8\9_117_1776.jpg
400 300
91 99 309 222; 88 93 316 224; 92 102 312 218; 88 95 318 226; 87 96 314 224; 87 94 318 226; 88 95 318 226; 88 95 318 228; 88 95 318 226; 

8\9_117_1788.jpg
400 300
96 71 320 239; 100 69 319 234; 101 73 319 238; 99 71 320 241; 102 73 322 237; 100 70 319 239; 99 71 320 241; 99 71 320 236; 99 71 320 241; 

8\9_117_1790.jpg
400 300
101 76 271 257; 102 76 271 258; 104 78 271 256; 204 76 271 144; 105 76 268 259; 103 77 270 256; 204 76 271 144; 103 76 271 257; 204 76 271 144; 

8\9_118020.jpg
400 266
65 131 366 248; 65 127 366 238; 66 132 364 235; 65 131 364 235; 71 133 365 235; 65 128 364 236; 65 131 364 235; 65 131 364 237; 65 131 364 235; 

8\9_118035.jpg
400 266
193 98 373 259; 50 12 259 227; 189 100 363 195; 47 12 363 257; 47 14 363 232; 47 12 192 221; 47 12 191 221; 51 12 191 219; 47 12 363 220; 

8\9_118_1828.jpg
400 300
133 79 264 221; 135 80 264 220; 134 81 264 218; 134 80 264 219; 134 79 269 220; 134 81 263 219; 134 80 264 219; 134 80 264 219; 134 80 264 219; 

8\9_118_1869.jpg
400 300
84 79 266 269; 86 80 265 275; 86 83 265 267; 85 81 265 274; 86 81 266 269; 85 80 265 266; 85 111 141 171; 85 80 265 274; 85 111 141 171; 

8\9_118_1871.jpg
400 300
61 20 285 269; 60 21 282 274; 59 23 284 264; 59 16 284 273; 59 18 279 268; 59 17 284 272; 59 16 284 273; 59 16 284 273; 59 16 284 273; 

8\9_118_1873.jpg
400 300
112 112 236 217; 111 114 236 217; 112 116 234 216; 112 113 236 217; 111 114 238 218; 112 112 236 218; 178 111 236 181; 114 114 236 216; 178 111 236 181; 

8\9_118_1875.jpg
400 300
138 44 278 191; 137 45 319 187; 137 44 278 187; 136 45 277 193; 136 47 278 189; 138 44 278 192; 167 45 249 134; 136 45 278 192; 167 45 249 134; 

8\9_118_1877.jpg
400 300
126 122 259 229; 128 121 267 226; 128 123 262 225; 127 122 265 227; 129 126 266 231; 128 122 263 227; 173 122 238 195; 128 122 264 226; 173 122 238 195; 

8\9_118_1878.jpg
400 300
110 106 281 222; 111 106 279 218; 111 111 278 217; 112 108 278 221; 111 112 278 221; 112 111 278 220; 216 108 278 179; 112 108 278 221; 216 108 278 179; 

8\9_118_1880.jpg
400 300
86 118 291 274; 90 118 314 275; 88 118 293 264; 89 119 312 274; 93 121 303 272; 89 119 292 276; 156 118 268 222; 91 118 313 277; 89 118 312 274; 

8\9_118_1883.jpg
400 300
18 85 351 229; 19 82 349 224; 33 91 350 221; 18 91 349 225; 28 91 349 222; 19 81 350 223; 18 91 349 225; 18 82 349 225; 18 91 349 225; 

8\9_118_1896.jpg
400 300
147 71 289 252; 146 72 289 254; 148 73 287 249; 147 106 230 183; 146 71 280 253; 148 72 289 255; 147 106 230 183; 147 72 287 254; 147 106 230 183; 

8\9_118_1900.jpg
400 300
19 101 386 206; 15 101 386 208; 53 124 348 184; 15 104 386 209; 45 109 352 190; 51 124 348 185; 15 104 386 209; 15 104 385 209; 15 104 386 209; 

8\9_119082.jpg
400 266
141 60 233 228; 145 62 230 224; 146 61 230 222; 146 62 230 225; 142 62 242 220; 146 62 230 221; 146 62 230 225; 146 61 230 227; 146 62 230 225; 

8\9_119_1936.jpg
400 300
89 32 308 281; 91 35 308 279; 90 35 307 278; 91 35 307 281; 91 34 307 281; 91 36 306 279; 91 35 307 281; 91 35 307 281; 91 35 307 281; 

8\9_11_11346.jpg
400 300
124 78 276 228; 125 76 275 228; 125 77 274 226; 125 77 274 228; 126 78 272 229; 125 78 275 228; 125 77 274 228; 125 76 274 228; 125 77 274 228; 

8\9_12003.jpg
400 266
46 3 337 252; 25 0 285 254; 24 1 398 257; 22 0 399 254; 27 0 399 249; 24 0 394 256; 22 0 399 254; 22 0 399 254; 22 0 399 254; 

8\9_12074.jpg
400 266
65 24 284 224; 65 27 285 224; 67 29 282 214; 69 28 282 221; 57 27 284 224; 66 29 284 220; 69 28 282 221; 69 27 282 221; 69 28 282 221; 

8\9_12084.jpg
400 266
112 67 358 244; 106 54 363 257; 115 80 353 255; 108 88 250 254; 104 70 363 240; 109 57 363 257; 108 88 250 254; 108 56 362 254; 108 88 250 254; 

8\9_120_2051.jpg
300 400
73 132 263 358; 75 136 262 355; 74 136 263 342; 74 137 264 357; 71 133 264 338; 74 136 262 356; 74 137 264 357; 74 137 264 357; 74 137 264 357; 

8\9_120_2056.jpg
400 300
96 59 314 240; 92 53 321 244; 91 53 318 244; 91 53 320 244; 88 52 321 244; 91 53 319 244; 91 53 320 244; 91 53 320 244; 91 53 320 244; 

8\9_122048.jpg
400 266
86 33 244 255; 81 35 239 266; 86 36 240 266; 86 36 240 205; 87 36 235 262; 86 36 240 266; 118 36 216 146; 118 36 239 203; 118 36 240 205; 

8\9_123074.jpg
400 266
45 104 225 226; 43 107 223 214; 43 108 220 210; 42 107 221 215; 39 107 222 216; 44 107 221 212; 42 107 221 215; 42 106 221 215; 42 107 221 215; 

8\9_124084.jpg
400 266
23 22 355 252; 23 22 354 249; 24 22 351 250; 24 22 354 250; 29 26 348 245; 25 21 352 249; 157 57 354 250; 22 20 354 250; 24 22 354 250; 

8\9_124_2500.jpg
300 400
68 79 216 309; 66 80 218 309; 68 81 216 309; 67 81 216 309; 66 80 219 306; 79 94 200 281; 67 81 216 309; 67 81 216 309; 67 81 216 309; 

8\9_125_2501.jpg
300 400
87 100 220 310; 89 101 221 310; 88 101 222 308; 88 101 222 307; 87 98 224 309; 86 100 222 308; 88 101 222 307; 88 101 222 307; 88 101 222 307; 

8\9_125_2537.jpg
300 400
46 66 213 328; 46 64 213 328; 46 72 212 324; 47 66 211 326; 42 69 219 328; 73 84 202 301; 47 66 211 326; 47 66 211 326; 47 66 211 326; 

8\9_126007.jpg
400 266
200 81 346 264; 204 52 278 266; 198 41 275 265; 195 39 277 261; 199 37 280 255; 200 40 336 266; 195 39 277 261; 195 39 336 265; 195 39 277 261; 

8\9_126039.jpg
400 266
63 71 240 230; 57 72 218 221; 61 72 243 206; 53 72 282 236; 59 72 232 172; 57 72 242 205; 138 79 282 236; 58 72 284 252; 53 72 282 236; 

8\9_126_2647.jpg
400 300
118 46 266 280; 114 42 259 278; 113 77 259 278; 113 77 259 278; 109 48 272 273; 114 42 261 279; 119 196 242 276; 119 196 243 276; 113 77 259 278; 

8\9_126_2677.jpg
400 300
132 66 253 239; 136 70 252 238; 134 70 255 238; 138 71 254 236; 136 68 252 236; 133 69 256 238; 138 71 254 236; 134 71 254 236; 138 71 254 236; 

8\9_127_2790.jpg
400 300
110 89 278 267; 111 90 279 266; 110 92 278 265; 110 91 278 266; 111 91 281 266; 111 91 278 265; 110 91 278 266; 110 91 278 266; 110 91 278 266; 

8\9_130026.jpg
400 266
77 47 322 229; 84 62 321 229; 81 57 319 227; 84 2 321 229; 88 54 325 225; 83 1 321 227; 84 2 321 229; 75 2 321 229; 84 2 321 229; 

8\9_131260.jpg
266 400
51 56 194 378; 48 59 196 381; 48 61 194 342; 48 16 196 379; 92 128 169 334; 97 83 167 363; 48 16 196 379; 48 16 196 379; 48 16 196 379; 

8\9_134008.jpg
400 266
87 87 310 254; 88 88 368 253; 88 88 368 255; 86 88 368 257; 87 89 365 249; 86 88 368 256; 86 88 368 257; 86 88 368 257; 86 88 368 257; 

8\9_134035.jpg
400 266
96 100 228 236; 96 100 231 237; 94 106 230 235; 96 100 230 238; 94 103 232 237; 58 102 230 235; 96 100 230 238; 96 100 230 238; 96 100 230 238; 

8\9_134052.jpg
400 266
9 75 283 216; 11 75 340 210; 11 76 340 205; 11 75 340 210; 12 76 346 219; 11 76 340 211; 11 75 340 210; 11 75 340 210; 11 75 340 210; 

8\9_135037.jpg
400 266
140 38 342 190; 111 35 343 184; 110 28 341 182; 110 31 340 185; 111 32 349 194; 111 33 340 187; 110 31 340 185; 110 30 338 185; 110 31 340 185; 

8\9_135534.jpg
266 400
32 87 194 348; 58 132 188 284; 53 104 192 283; 19 64 196 288; 13 64 232 294; 53 83 191 284; 55 86 189 285; 51 98 190 284; 41 68 201 288; 

8\9_138078.jpg
266 400
55 126 235 285; 27 136 234 283; 29 136 235 280; 28 136 234 282; 24 134 237 284; 27 136 234 282; 28 136 234 282; 28 136 234 282; 28 136 234 282; 

8\9_140055.jpg
400 266
54 74 221 182; 53 74 220 189; 54 107 215 159; 52 106 218 190; 48 101 217 192; 51 108 217 190; 52 106 218 190; 52 106 218 190; 52 106 218 190; 

8\9_140061.jpg
400 400
39 25 369 366; 49 71 352 365; 50 72 350 344; 49 72 349 364; 48 69 368 347; 50 71 350 363; 128 205 254 364; 50 72 349 364; 128 205 254 364; 

8\9_140075.jpg
400 266
230 134 348 241; 136 8 399 266; 141 8 398 265; 231 135 346 234; 34 12 387 262; 229 134 347 235; 231 135 346 234; 230 135 348 232; 231 135 346 234; 

8\9_140827.jpg
400 266
92 127 359 251; 92 128 361 249; 92 128 368 244; 91 128 363 248; 87 129 366 242; 92 128 356 248; 91 128 363 248; 93 126 362 250; 91 128 363 248; 

8\9_143090.jpg
400 266
72 55 319 227; 43 54 319 232; 54 54 388 142; 72 54 316 146; 52 55 378 142; 46 55 388 150; 52 54 316 146; 52 54 388 145; 72 54 316 146; 

8\9_145014.jpg
400 266
87 21 288 249; 88 20 289 248; 88 21 255 240; 126 20 254 208; 81 17 289 244; 126 21 254 207; 126 20 254 208; 81 20 288 240; 126 20 254 208; 

8\9_145053.jpg
400 266
119 53 239 264; 111 52 229 266; 113 52 227 266; 113 52 227 265; 121 53 225 264; 114 52 227 266; 113 52 227 265; 113 52 227 264; 113 52 227 265; 

8\9_147021.jpg
400 266
120 74 290 215; 93 74 294 212; 93 119 219 209; 92 73 292 210; 94 72 289 211; 94 73 291 212; 92 73 292 210; 92 73 292 208; 92 73 292 210; 

8\9_147062.jpg
266 400
50 84 262 289; 48 86 266 289; 80 85 120 179; 50 83 265 289; 49 81 265 290; 50 83 266 289; 77 83 122 179; 50 85 264 287; 50 83 265 289; 

8\9_147091.jpg
400 266
82 57 358 189; 81 58 365 222; 82 59 366 189; 80 57 364 237; 82 56 365 234; 81 59 366 228; 80 57 364 234; 80 57 364 237; 80 57 364 234; 

8\9_15001.jpg
400 268
78 32 360 262; 118 32 302 155; 121 40 223 196; 120 32 370 262; 122 38 376 256; 145 39 302 98; 245 32 302 97; 71 32 368 266; 237 32 370 244; 

8\9_15002.jpg
400 268
53 48 308 250; 82 47 308 194; 82 48 142 190; 162 56 306 211; 61 46 300 244; 82 46 133 101; 248 56 306 120; 82 49 306 210; 162 56 306 211; 

8\9_15004.jpg
266 400
47 41 245 319; 22 33 266 318; 24 37 266 315; 80 30 182 155; 25 33 264 360; 81 52 173 154; 80 30 182 153; 26 30 265 321; 80 30 182 155; 

8\9_15015.jpg
268 400
107 123 196 326; 54 124 194 326; 104 125 194 314; 54 125 194 329; 56 124 203 331; 131 124 182 177; 131 125 180 178; 54 125 193 327; 131 125 180 184; 

8\9_15036.jpg
400 268
75 42 288 265; 76 42 288 246; 152 42 288 215; 75 42 289 246; 83 42 288 246; 198 42 288 110; 235 48 289 110; 76 42 288 247; 198 42 289 110; 

8\9_15041.jpg
268 400
74 176 199 334; 70 178 230 333; 72 178 228 314; 73 178 228 332; 72 180 226 334; 72 178 227 332; 108 178 135 216; 70 178 228 332; 73 178 228 332; 

8\9_15049.jpg
400 268
50 34 254 236; 40 34 295 238; 66 34 295 238; 44 35 295 240; 62 36 294 240; 75 34 166 145; 44 35 295 240; 44 35 296 240; 44 35 295 240; 

8\9_15056.jpg
268 400
9 90 212 292; 9 90 232 294; 10 90 232 294; 10 90 232 295; 12 94 234 294; 26 92 92 156; 30 90 90 151; 8 90 232 294; 30 90 90 157; 

8\9_15063.jpg
268 400
50 40 228 356; 40 38 230 315; 40 86 124 314; 40 38 230 330; 44 38 224 353; 40 38 231 356; 126 40 169 84; 40 40 229 354; 126 40 169 102; 

8\9_15074.jpg
268 400
44 103 196 344; 44 105 199 333; 42 106 198 315; 87 106 167 213; 42 106 198 305; 88 106 167 212; 87 106 167 213; 87 106 167 213; 87 106 167 213; 

8\9_15087.jpg
400 268
124 41 356 160; 125 37 356 160; 208 42 292 132; 126 34 354 159; 122 38 360 158; 210 40 356 160; 241 34 329 71; 125 35 355 160; 241 34 329 80; 

8\9_15088.jpg
266 400
66 105 199 258; 65 86 205 279; 67 87 200 216; 66 87 199 216; 64 84 208 223; 67 86 201 215; 66 87 199 216; 66 87 199 216; 66 87 199 216; 

8\9_15105.jpg
400 268
149 94 322 234; 148 94 322 232; 149 94 322 232; 148 92 323 232; 150 94 330 236; 148 94 323 226; 148 92 323 232; 148 92 323 232; 148 92 323 232; 

8\9_15120.jpg
268 400
111 72 189 333; 103 74 188 334; 115 86 188 314; 115 74 188 334; 3 72 234 336; 116 74 186 334; 115 74 151 113; 115 74 188 334; 115 74 189 333; 

8\9_15122.jpg
400 268
118 26 188 229; 117 26 190 230; 118 28 190 228; 118 27 192 228; 116 29 196 230; 118 26 190 230; 140 27 176 68; 118 27 190 228; 140 27 176 81; 

8\9_15130.jpg
400 268
184 28 372 267; 184 27 382 250; 185 37 334 248; 158 34 378 268; 181 30 380 251; 185 32 325 188; 184 34 380 248; 184 34 380 250; 184 34 380 248; 

8\9_15151.jpg
268 400
92 116 208 385; 94 115 210 381; 96 116 194 302; 95 116 192 239; 91 118 222 384; 94 116 209 381; 143 116 174 156; 95 116 192 240; 143 116 174 163; 

8\9_15200.jpg
400 268
159 57 276 229; 161 60 272 229; 162 60 270 216; 162 62 266 214; 128 4 305 257; 160 58 268 216; 33 202 66 268; 162 60 268 216; 162 62 266 214; 

8\9_15207.jpg
400 268
110 22 263 264; 115 21 259 268; 136 22 260 222; 134 22 260 162; 104 26 266 264; 194 23 256 89; 193 22 255 92; 135 22 259 162; 193 22 255 92; 

8\9_15213.jpg
400 268
162 24 360 243; 164 26 360 242; 163 26 334 233; 163 25 359 246; 162 26 368 242; 232 26 294 88; 234 25 292 86; 162 25 359 246; 234 25 292 88; 

8\9_152_5246.jpg
400 300
85 54 292 250; 86 55 294 248; 87 53 291 248; 86 53 292 248; 82 51 293 251; 86 53 291 248; 86 53 292 248; 86 53 292 248; 86 53 292 248; 

8\9_15319.jpg
319 400
84 158 176 322; 85 159 174 320; 84 158 174 313; 85 159 176 320; 78 158 183 321; 86 160 174 319; 85 159 176 320; 85 159 176 320; 85 159 176 320; 

8\9_153_5325.jpg
300 400
121 62 248 239; 121 64 248 239; 126 67 244 234; 122 64 247 238; 118 61 244 238; 125 64 246 241; 122 64 247 238; 122 64 247 238; 122 64 247 238; 

8\9_153_5328.jpg
300 400
96 92 219 276; 94 96 221 282; 99 99 218 275; 115 123 202 212; 92 96 223 274; 95 97 221 280; 115 123 202 212; 115 123 202 212; 115 123 202 212; 

8\9_153_5366.jpg
400 300
176 78 277 186; 174 81 286 192; 172 82 269 183; 174 83 269 191; 176 81 284 191; 175 79 271 193; 174 83 269 191; 174 83 269 191; 174 83 269 191; 

8\9_153_5398.jpg
400 300
147 121 247 225; 148 121 248 224; 148 122 247 222; 148 121 248 223; 148 122 251 223; 148 121 247 224; 148 121 248 223; 148 121 248 223; 148 121 248 223; 

8\9_154_5439.jpg
400 300
27 112 332 229; 29 115 334 229; 33 115 333 229; 41 122 116 209; 29 113 332 228; 29 115 332 229; 41 122 116 209; 30 115 332 228; 41 122 116 209; 

8\9_155060.jpg
266 400
98 16 234 191; 100 12 233 193; 121 43 215 160; 103 14 230 191; 97 16 235 192; 104 46 211 190; 103 14 230 191; 103 12 229 191; 103 14 230 191; 

8\9_156065.jpg
400 266
79 100 213 261; 89 144 170 258; 87 142 171 255; 88 139 170 256; 93 122 196 259; 86 141 170 264; 88 141 170 256; 88 141 170 265; 88 139 170 256; 

8\9_156079.jpg
400 266
23 21 269 206; 22 19 290 216; 81 33 256 109; 1 20 263 109; 26 16 269 117; 1 18 262 122; 1 20 263 109; 1 19 264 111; 1 20 263 109; 

8\9_157_5727.jpg
400 300
150 94 259 214; 151 95 259 214; 151 96 259 211; 151 95 258 212; 144 92 254 209; 152 96 259 212; 151 95 258 212; 151 95 258 212; 151 95 258 212; 

8\9_158_5813.jpg
400 300
79 87 311 216; 81 90 309 216; 88 97 304 210; 82 90 309 216; 78 90 311 216; 82 90 311 216; 82 90 309 216; 82 90 309 216; 82 90 309 216; 

8\9_158_5816.jpg
400 300
98 134 326 249; 94 135 328 248; 95 136 329 248; 94 134 327 248; 97 136 331 251; 95 136 328 248; 94 134 327 248; 94 134 327 248; 94 134 327 248; 

8\9_158_5839.jpg
400 300
136 66 275 234; 136 64 275 236; 136 66 277 236; 137 67 276 236; 131 62 278 236; 136 66 277 236; 137 67 276 236; 136 67 277 235; 137 67 276 236; 

8\9_158_5896.jpg
400 300
133 85 271 244; 134 86 270 242; 134 86 269 242; 133 86 270 242; 132 86 268 241; 134 86 269 241; 133 86 270 242; 133 86 270 242; 133 86 270 242; 

8\9_159008.jpg
400 266
61 23 364 252; 61 24 360 210; 62 23 360 255; 141 22 358 259; 56 33 379 249; 64 23 374 259; 141 57 238 171; 61 58 238 226; 141 57 238 171; 

8\9_159029.jpg
400 266
72 94 271 220; 3 90 283 236; 62 92 271 212; 2 93 270 240; 22 94 265 213; 1 91 269 235; 2 93 270 240; 2 93 270 242; 2 93 270 240; 

8\9_159045.jpg
400 266
142 73 265 240; 149 75 263 240; 146 74 262 238; 146 75 261 240; 146 77 254 199; 147 75 262 240; 146 75 261 240; 146 75 264 240; 146 75 261 240; 

8\9_159091.jpg
400 266
48 21 250 213; 46 22 249 207; 47 23 247 212; 47 23 247 211; 43 22 254 216; 47 23 247 211; 47 23 247 211; 47 23 247 211; 47 23 247 211; 

8\9_160068.jpg
400 266
51 37 319 186; 51 38 329 264; 47 38 326 263; 47 37 328 266; 50 37 332 251; 47 37 328 264; 47 37 328 266; 47 37 328 266; 47 37 328 266; 

8\9_16052.jpg
400 266
26 46 240 254; 17 42 181 262; 22 42 183 259; 81 42 168 158; 22 45 180 241; 20 42 181 266; 83 42 168 143; 83 42 166 141; 83 42 168 143; 

8\9_160_6083.jpg
400 300
47 118 339 210; 49 119 338 208; 50 118 338 208; 49 121 336 208; 52 117 342 208; 49 119 337 207; 49 121 336 208; 49 119 336 207; 49 121 336 208; 

8\9_161062.jpg
400 266
49 81 337 220; 43 81 350 209; 42 82 348 207; 41 82 350 207; 54 80 344 206; 42 82 349 212; 41 82 350 207; 42 81 350 212; 41 82 350 207; 

8\9_161_6109.jpg
400 300
94 35 296 234; 79 35 313 251; 100 57 291 231; 100 56 292 231; 80 38 318 249; 100 57 291 230; 151 99 241 181; 100 56 292 231; 100 56 292 231; 

8\9_161_6143.jpg
400 300
99 102 272 207; 99 101 271 207; 103 109 268 206; 103 109 268 207; 100 102 276 213; 104 110 269 206; 103 109 268 207; 99 101 274 213; 103 109 268 207; 

8\9_161_6144.jpg
400 300
62 121 307 221; 62 128 308 221; 64 129 308 221; 61 119 314 227; 58 120 318 224; 64 129 308 220; 61 119 314 227; 61 119 314 227; 61 119 314 227; 

8\9_161_6145.jpg
400 300
144 74 232 224; 143 74 231 224; 142 76 233 222; 144 75 232 224; 146 77 237 222; 142 75 232 224; 144 75 232 224; 142 74 232 225; 144 75 232 224; 

8\9_161_6146.jpg
400 300
131 72 246 252; 132 74 244 252; 130 74 245 252; 131 74 244 251; 129 72 251 253; 131 74 245 252; 131 74 244 251; 131 74 244 252; 131 74 244 251; 

8\9_161_6155.jpg
400 300
96 82 284 210; 96 82 282 211; 98 84 282 210; 97 82 282 213; 92 79 287 211; 97 82 282 209; 97 82 282 213; 97 82 282 213; 97 82 282 213; 

8\9_162_6230.jpg
400 300
72 11 311 283; 75 12 309 280; 74 12 310 279; 121 82 259 209; 67 3 321 291; 102 44 280 247; 121 82 259 209; 121 83 260 208; 121 82 259 209; 

8\9_163014.jpg
266 400
46 45 138 245; 58 48 136 241; 58 49 135 242; 29 47 134 241; 52 47 142 239; 30 49 135 245; 29 47 134 241; 29 47 134 246; 29 47 134 241; 

8\9_163062.jpg
400 266
59 32 327 181; 115 32 343 169; 169 34 337 167; 117 31 339 168; 32 39 328 173; 115 33 339 168; 117 31 339 168; 117 31 339 168; 117 31 339 168; 

8\9_163085.jpg
400 266
85 17 378 195; 86 7 388 195; 86 12 383 197; 84 32 377 203; 83 17 363 204; 86 8 381 204; 84 37 377 203; 86 37 377 203; 84 32 377 203; 

8\9_164074.jpg
400 266
34 52 331 263; 80 104 331 266; 99 105 330 266; 96 103 331 266; 31 62 322 259; 26 61 333 266; 182 103 331 246; 175 104 331 249; 96 103 331 266; 

8\9_164_6484.jpg
400 300
81 69 298 252; 75 66 302 259; 82 72 294 247; 144 153 244 220; 76 61 304 261; 76 64 301 257; 144 153 244 220; 142 153 244 220; 144 153 244 220; 

8\9_164_6488.jpg
300 400
104 87 232 207; 104 82 231 206; 108 88 229 204; 106 88 228 205; 102 89 232 209; 106 87 229 205; 137 129 197 168; 108 89 227 205; 137 129 197 168; 

8\9_164_6496.jpg
400 300
43 62 342 258; 41 61 348 263; 49 70 341 254; 49 71 341 255; 38 59 350 260; 48 69 341 256; 91 90 294 136; 48 71 341 255; 91 90 294 136; 

8\9_166081.jpg
400 266
13 81 395 199; 9 78 399 232; 10 83 399 189; 9 81 400 190; 16 74 399 206; 10 85 398 208; 118 88 398 173; 11 80 400 189; 9 81 398 208; 

8\9_166_6649.jpg
400 300
18 85 359 212; 11 79 368 226; 32 85 365 222; 11 79 366 225; 21 79 358 242; 44 86 356 224; 11 79 366 225; 11 79 366 225; 11 79 366 225; 

8\9_166_6650.jpg
400 300
31 81 334 200; 23 78 389 199; 33 78 368 177; 24 77 387 199; 24 74 391 209; 44 78 354 198; 24 77 387 199; 24 77 387 199; 24 77 387 199; 

8\9_166_6654.jpg
400 300
12 75 322 212; 18 72 400 206; 32 72 368 184; 0 73 398 209; 3 76 398 209; 4 77 399 210; 130 158 189 179; 1 72 400 209; 0 73 398 209; 

8\9_170054.jpg
400 266
54 16 319 254; 57 14 239 244; 56 16 237 241; 57 13 323 256; 54 17 326 257; 57 15 239 244; 239 111 323 256; 239 111 323 256; 57 13 323 256; 

8\9_17015.jpg
268 400
64 86 142 188; 68 88 137 170; 66 88 138 156; 67 88 138 158; 61 85 145 151; 67 88 137 156; 67 88 138 158; 67 88 138 156; 67 88 138 158; 

8\9_17050.jpg
400 268
94 106 288 249; 94 110 239 249; 198 110 237 248; 196 109 240 250; 100 104 290 242; 198 110 238 250; 196 109 240 250; 196 109 240 250; 196 109 240 250; 

8\9_17054.jpg
400 268
89 94 265 252; 92 118 264 254; 132 118 234 228; 92 119 260 254; 86 82 261 252; 134 118 234 228; 134 119 232 229; 134 118 234 230; 92 119 260 254; 

8\9_17077.jpg
400 268
136 56 350 248; 136 21 238 248; 140 60 334 214; 138 59 352 212; 134 56 354 238; 140 46 352 224; 179 178 224 190; 140 58 352 222; 138 58 238 212; 

8\9_17118.jpg
268 400
104 80 191 290; 100 80 194 290; 120 242 182 283; 114 236 186 288; 104 84 190 288; 102 126 194 220; 114 236 186 288; 114 236 188 288; 114 236 186 288; 

8\9_17162.jpg
400 268
70 58 172 258; 74 57 169 258; 79 60 172 248; 74 58 171 258; 65 62 172 258; 84 58 174 252; 96 58 152 103; 74 58 172 258; 74 58 171 258; 

8\9_17188.jpg
400 268
136 3 350 242; 137 2 350 190; 130 53 304 241; 136 0 350 242; 27 6 360 266; 150 40 330 211; 136 0 350 193; 136 0 350 188; 136 0 350 196; 

8\9_172032.jpg
266 400
44 104 257 352; 102 49 259 355; 154 109 261 310; 151 108 260 310; 105 60 239 354; 103 53 259 350; 151 110 260 310; 47 109 259 333; 151 108 260 310; 

8\9_17208.jpg
268 400
84 202 178 380; 85 200 176 378; 96 226 158 314; 85 202 176 379; 83 200 188 380; 84 202 174 326; 85 202 176 379; 85 202 185 379; 85 202 176 379; 

8\9_17209.jpg
400 268
145 29 355 232; 146 30 355 232; 207 116 286 232; 146 34 354 268; 144 26 344 248; 206 115 288 228; 206 115 287 230; 206 115 287 230; 206 115 287 230; 

8\9_17212.jpg
268 400
36 190 250 342; 34 192 259 339; 120 211 253 273; 35 192 260 340; 34 190 248 342; 36 192 260 322; 35 192 260 340; 35 192 260 340; 35 192 260 340; 

8\9_17215.jpg
400 268
18 46 200 266; 17 48 201 268; 66 48 200 248; 18 47 202 267; 19 46 196 262; 36 48 200 260; 123 47 162 102; 17 48 200 268; 123 47 162 130; 

8\9_17216.jpg
400 268
107 29 344 268; 107 33 294 268; 108 34 228 249; 108 33 229 267; 110 34 227 268; 108 34 229 258; 140 33 198 108; 108 34 228 267; 140 33 198 123; 

8\9_17234.jpg
400 268
83 114 349 213; 82 114 347 214; 83 116 334 192; 81 116 336 192; 82 115 343 198; 83 115 338 192; 81 116 336 192; 81 114 337 192; 81 116 336 192; 

8\9_17238.jpg
400 268
255 67 394 266; 257 65 392 268; 256 66 334 248; 285 65 342 120; 254 69 380 267; 256 66 366 262; 285 65 342 120; 256 66 391 267; 285 65 342 120; 

8\9_17249.jpg
268 400
56 46 222 363; 60 48 221 400; 60 86 222 314; 98 48 160 136; 60 46 226 400; 58 76 220 324; 98 48 160 136; 58 48 221 272; 98 48 160 136; 

8\9_17261.jpg
400 268
90 4 302 264; 92 2 301 268; 92 22 301 248; 138 0 231 108; 89 4 282 264; 92 8 302 257; 157 176 254 268; 92 0 300 268; 138 0 231 108; 

8\9_17262.jpg
400 268
254 56 339 241; 255 56 353 241; 255 56 330 239; 254 56 329 240; 254 54 338 241; 256 56 336 240; 254 56 329 240; 254 56 337 240; 254 56 329 240; 

8\9_17282.jpg
268 400
36 84 214 336; 36 86 212 333; 62 138 190 160; 36 87 213 332; 40 90 216 327; 54 126 200 292; 105 191 145 276; 36 86 214 332; 36 87 213 332; 

8\9_17304.jpg
400 268
58 6 347 256; 148 50 236 162; 150 54 236 162; 152 50 236 162; 58 0 342 232; 152 48 234 162; 152 50 236 162; 152 50 236 162; 152 50 236 162; 

8\9_17317.jpg
400 268
114 60 278 197; 115 58 278 186; 115 64 277 184; 115 64 276 187; 109 66 278 229; 114 64 276 226; 160 66 210 112; 114 64 276 188; 115 64 276 187; 

8\9_17326.jpg
400 319
120 87 278 300; 119 86 277 298; 121 88 276 252; 120 88 278 298; 116 86 282 296; 120 87 276 297; 120 88 278 298; 119 86 280 299; 120 88 278 298; 

8\9_17332.jpg
395 400
58 90 370 328; 78 90 280 249; 79 98 220 252; 80 90 279 250; 19 92 370 336; 154 88 284 164; 216 90 279 162; 10 90 370 331; 154 90 279 168; 

8\9_17335.jpg
319 400
4 96 237 372; 32 97 280 280; 33 100 280 280; 32 97 280 278; 40 92 278 373; 35 98 280 280; 98 97 130 134; 32 97 281 366; 98 97 130 152; 

8\9_17336.jpg
395 400
157 18 324 396; 155 20 324 400; 158 110 322 314; 158 20 276 270; 156 20 322 399; 158 21 324 400; 158 20 228 108; 156 20 325 398; 158 20 228 120; 

8\9_175_7528.jpg
400 300
109 35 292 251; 109 36 290 251; 109 37 291 249; 109 36 288 249; 101 28 302 249; 109 35 289 250; 131 88 271 214; 109 36 291 250; 109 36 288 249; 

8\9_175_7541.jpg
400 300
23 105 377 212; 26 106 377 212; 32 118 368 213; 26 119 377 212; 29 104 379 219; 27 107 379 218; 26 119 377 212; 23 106 378 211; 26 119 377 212; 

8\9_175_7551.jpg
400 300
65 56 319 258; 65 55 322 262; 69 62 316 254; 62 57 322 261; 62 58 319 262; 64 56 322 264; 62 57 322 261; 69 61 314 254; 62 57 322 261; 

8\9_175_7583.jpg
400 300
95 65 271 256; 92 68 272 256; 106 79 254 226; 97 71 265 240; 95 70 275 252; 92 70 270 253; 97 71 265 240; 97 71 265 240; 97 71 265 240; 

8\9_175_7584.jpg
400 300
166 29 288 262; 169 29 288 266; 176 45 276 251; 169 30 286 265; 162 29 296 266; 169 33 288 266; 169 30 286 265; 169 30 286 265; 169 30 286 265; 

8\9_176019.jpg
266 400
55 106 221 390; 4 78 266 146; 118 162 174 279; 9 78 266 142; 106 137 174 295; 115 162 171 284; 118 161 160 269; 118 160 167 280; 114 160 164 282; 

8\9_176035.jpg
400 266
11 139 372 259; 0 140 379 266; 1 141 377 266; 124 141 370 225; 8 127 388 254; 1 143 377 266; 215 143 378 220; 180 142 379 223; 184 143 348 220; 

8\9_178_7847.jpg
400 300
53 94 316 209; 51 94 318 211; 56 98 313 205; 51 95 314 209; 54 92 316 215; 51 95 314 209; 51 95 314 209; 51 95 315 211; 51 95 314 209; 

8\9_178_7848.jpg
400 300
72 71 323 271; 61 66 332 281; 71 76 319 268; 98 98 295 224; 64 64 338 278; 59 64 331 267; 98 98 295 224; 71 77 318 268; 98 98 295 224; 

8\9_179_7945.jpg
400 300
128 78 256 216; 115 78 268 226; 118 77 268 224; 117 76 266 225; 121 76 269 223; 118 76 268 227; 117 76 266 225; 117 76 266 225; 117 76 266 225; 

8\9_179_7946.jpg
400 300
136 80 271 222; 137 81 270 222; 138 81 270 221; 138 82 271 222; 135 79 268 218; 138 81 269 221; 138 82 271 222; 138 82 271 222; 138 82 271 222; 

8\9_180_8015.jpg
400 300
69 80 321 211; 73 82 304 206; 71 82 322 211; 71 82 321 210; 42 78 352 268; 72 81 322 211; 71 82 321 210; 73 82 322 211; 71 82 321 210; 

8\9_180_8023.jpg
400 300
79 42 316 281; 77 42 316 282; 78 44 316 280; 103 68 290 251; 74 41 315 275; 77 43 315 266; 103 68 290 251; 77 43 315 281; 103 68 290 251; 

8\9_180_8024.jpg
400 300
107 76 286 205; 109 76 286 206; 109 76 285 205; 109 78 284 207; 109 75 285 208; 109 75 284 206; 109 78 284 207; 109 76 285 206; 109 78 284 207; 

8\9_180_8028.jpg
400 300
96 49 290 265; 96 51 289 265; 106 61 280 254; 96 52 287 265; 98 52 298 264; 96 51 290 264; 96 52 287 265; 98 52 289 265; 96 52 287 265; 

8\9_180_8044.jpg
400 300
136 52 259 271; 137 50 262 272; 139 51 261 268; 139 51 259 269; 134 52 262 268; 139 51 260 266; 139 51 259 269; 140 51 259 269; 139 51 259 269; 

8\9_180_8048.jpg
400 300
124 31 272 281; 129 34 274 280; 133 41 272 278; 129 39 272 278; 129 38 276 281; 130 40 274 278; 129 39 272 278; 132 41 274 279; 129 39 272 278; 

8\9_181018.jpg
266 400
55 52 193 244; 10 13 178 254; 8 54 253 254; 67 14 178 158; 36 19 261 353; 83 53 156 140; 67 14 177 140; 67 14 176 141; 67 14 178 158; 

8\9_181079.jpg
266 400
62 12 222 378; 42 9 227 399; 63 12 226 370; 78 10 170 151; 42 12 227 398; 96 43 156 101; 78 10 162 102; 40 10 225 399; 78 10 170 151; 

8\9_181091.jpg
266 400
83 44 198 369; 73 45 202 390; 92 47 200 230; 72 45 200 391; 75 47 200 389; 86 46 200 355; 72 45 200 391; 72 45 200 391; 72 45 200 391; 

8\9_182_8259.jpg
400 300
66 86 294 241; 62 83 295 244; 66 88 291 241; 63 83 296 247; 61 84 292 247; 62 83 295 246; 63 83 296 247; 66 88 289 241; 63 83 296 247; 

8\9_183087.jpg
400 266
47 65 326 259; 105 67 325 247; 102 66 286 167; 2 66 326 267; 5 68 333 266; 1 66 325 266; 109 66 286 166; 105 66 324 266; 109 66 326 246; 

8\9_183_8309.jpg
400 300
109 68 319 258; 111 68 276 259; 111 69 274 256; 110 68 275 258; 112 66 279 253; 111 69 274 257; 110 68 275 258; 110 68 275 258; 110 68 275 258; 

8\9_183_8314.jpg
400 300
109 49 225 271; 111 49 223 271; 111 51 223 269; 112 51 222 271; 105 47 224 273; 111 51 223 267; 112 51 222 271; 111 51 222 271; 112 51 222 271; 

8\9_183_8315.jpg
400 300
126 69 248 286; 129 68 248 286; 128 68 248 286; 129 69 247 283; 130 67 252 288; 129 68 248 211; 129 69 247 283; 128 69 246 285; 129 69 247 283; 

8\9_183_8318.jpg
400 300
98 39 271 282; 96 39 275 285; 104 43 270 278; 102 40 272 286; 95 36 274 284; 96 39 274 283; 102 40 272 286; 116 51 254 207; 102 40 272 286; 

8\9_183_8320.jpg
400 300
116 14 278 278; 116 16 280 279; 119 18 278 171; 114 16 278 276; 120 18 278 280; 119 18 279 278; 114 16 278 276; 118 17 279 171; 114 16 278 276; 

8\9_183_8321.jpg
400 300
154 116 234 215; 156 118 234 214; 158 118 232 213; 157 118 231 213; 154 116 236 218; 157 118 232 213; 157 118 231 213; 157 119 232 213; 157 118 231 213; 

8\9_183_8322.jpg
400 300
84 35 316 243; 85 37 315 242; 89 42 315 244; 83 34 317 248; 88 39 311 241; 89 41 312 244; 83 34 317 248; 84 34 320 248; 83 34 317 248; 

8\9_183_8336.jpg
400 300
84 70 314 262; 84 69 313 263; 85 69 316 262; 84 69 315 263; 86 67 315 265; 84 69 317 263; 84 69 315 263; 84 68 315 263; 84 69 315 263; 

8\9_183_8358.jpg
400 300
104 95 318 214; 103 94 321 214; 105 94 319 213; 105 95 319 214; 103 93 324 213; 105 95 319 213; 105 95 319 214; 104 96 320 213; 105 95 319 214; 

8\9_183_8395.jpg
400 300
101 49 284 257; 100 49 284 258; 103 48 282 257; 104 49 281 257; 101 49 283 251; 103 49 281 258; 104 49 281 257; 103 49 281 258; 104 49 281 257; 

8\9_184_8457.jpg
400 300
94 116 295 196; 94 118 294 194; 94 118 293 194; 95 119 292 194; 91 117 292 197; 94 119 294 194; 95 119 292 194; 94 118 293 194; 95 119 292 194; 

8\9_184_8471.jpg
400 300
21 120 366 212; 21 121 365 211; 32 121 365 212; 24 122 364 211; 30 119 367 216; 23 122 364 212; 24 122 364 211; 22 119 365 214; 24 122 364 211; 

8\9_184_8494.jpg
400 300
70 116 327 194; 68 119 328 196; 70 118 326 193; 69 119 326 196; 72 116 331 195; 71 118 326 194; 69 119 326 196; 69 120 328 195; 69 119 326 196; 

8\9_187003.jpg
400 266
59 34 329 254; 70 117 259 264; 74 117 259 262; 72 116 259 262; 67 114 279 258; 70 118 259 263; 72 116 259 262; 72 116 259 262; 72 116 259 262; 

8\9_187029.jpg
266 400
75 23 195 386; 77 23 194 399; 77 26 193 387; 77 25 195 399; 77 18 215 395; 79 24 193 397; 77 25 195 399; 77 25 195 399; 77 25 195 399; 

8\9_187039.jpg
400 266
54 91 354 205; 2 93 239 216; 8 98 240 207; 2 93 240 216; 35 91 382 196; 1 94 240 210; 193 92 240 142; 0 92 240 217; 2 93 240 216; 

8\9_187083.jpg
266 400
10 74 207 335; 12 72 206 325; 10 72 264 333; 78 72 205 214; 24 77 228 371; 81 72 205 213; 78 72 205 214; 78 72 205 214; 78 72 205 214; 

8\9_188063.jpg
400 266
176 79 331 202; 180 82 326 183; 195 82 333 182; 195 81 336 183; 146 80 324 195; 180 81 336 185; 195 81 336 183; 195 81 336 183; 195 81 336 183; 

8\9_188091.jpg
400 266
145 62 295 140; 141 63 310 143; 151 64 306 136; 157 63 311 137; 149 53 316 146; 153 64 306 137; 157 63 306 137; 141 64 309 141; 157 63 306 137; 

8\9_189011.jpg
400 266
46 34 376 165; 160 78 330 266; 162 72 326 265; 46 32 377 164; 47 32 379 254; 45 33 378 164; 46 32 377 164; 46 32 376 164; 46 32 377 164; 

8\9_19021.jpg
400 266
160 60 360 240; 163 65 360 241; 164 65 358 240; 164 63 358 237; 152 67 363 247; 165 64 358 240; 164 63 358 237; 164 64 358 241; 164 63 358 237; 

8\9_196015.jpg
400 266
103 93 259 177; 91 96 255 176; 91 95 258 175; 90 96 256 175; 81 88 255 183; 91 96 257 175; 90 96 256 175; 90 96 256 175; 90 96 256 175; 

8\9_198023.jpg
266 400
13 38 185 363; 0 39 229 399; 28 39 142 174; 29 39 141 213; 22 42 230 390; 29 42 141 173; 29 39 141 175; 29 39 141 175; 29 39 141 175; 

8\9_198054.jpg
266 400
19 35 236 321; 12 33 261 328; 17 32 263 328; 17 36 220 289; 11 56 242 312; 74 91 164 216; 17 36 220 215; 17 36 260 326; 17 36 220 289; 

8\9_202012.jpg
400 266
90 28 331 254; 81 81 309 227; 81 29 331 267; 85 80 307 267; 77 30 347 237; 85 79 308 264; 85 112 275 210; 83 30 328 266; 85 80 307 267; 

8\9_207056.jpg
400 266
117 14 378 216; 118 12 364 218; 119 14 376 217; 151 112 276 217; 110 21 380 222; 117 13 377 218; 151 112 276 217; 117 14 378 217; 151 112 276 217; 

8\9_208001.jpg
266 400
22 123 190 352; 22 123 192 354; 23 124 190 352; 22 124 189 352; 22 118 198 353; 22 124 190 353; 22 124 189 208; 22 125 188 354; 22 124 189 208; 

8\9_209070.jpg
400 266
117 74 322 233; 118 72 334 232; 120 73 331 230; 118 72 331 231; 115 74 323 213; 119 73 331 230; 118 72 331 231; 118 72 331 231; 118 72 331 231; 

8\9_210088.jpg
266 400
65 97 188 251; 12 121 186 253; 72 124 185 249; 22 123 186 249; 74 126 189 245; 20 122 185 249; 22 123 186 249; 22 123 186 249; 22 123 186 249; 

8\9_21077.jpg
400 266
128 52 339 192; 129 52 338 191; 130 81 273 190; 129 79 272 190; 134 51 338 211; 130 51 339 190; 129 79 272 190; 129 79 272 190; 129 79 272 190; 

8\9_216053.jpg
400 266
35 56 249 216; 40 57 119 217; 34 57 117 214; 26 56 110 217; 41 62 116 224; 30 57 118 217; 26 56 110 217; 26 57 110 217; 26 56 110 217; 

8\9_22001.jpg
400 268
54 50 178 232; 3 48 191 268; 68 48 176 170; 54 48 176 170; 62 46 176 188; 55 49 179 171; 54 48 176 170; 54 48 178 176; 54 48 176 170; 

8\9_22010.jpg
268 400
68 42 190 396; 68 37 190 355; 68 86 190 314; 96 260 162 321; 61 38 196 400; 64 34 189 398; 96 260 162 321; 67 36 190 400; 96 260 162 321; 

8\9_22013.jpg
266 400
10 90 236 393; 62 96 229 313; 62 96 228 315; 62 97 230 311; 11 92 231 358; 59 96 228 312; 62 89 226 313; 62 97 229 313; 62 125 163 311; 

8\9_22029.jpg
400 268
47 16 212 201; 47 16 212 160; 66 51 210 160; 48 16 210 170; 48 15 210 159; 46 50 214 163; 48 51 210 159; 47 16 210 168; 48 16 210 166; 

8\9_22038.jpg
400 268
68 11 318 206; 72 11 317 194; 71 79 321 209; 72 12 315 213; 68 8 340 262; 178 102 221 194; 72 12 315 213; 70 12 321 212; 72 12 315 213; 

8\9_22072.jpg
268 400
68 29 171 215; 73 32 200 234; 74 86 200 234; 74 32 200 236; 25 26 247 332; 73 32 197 237; 74 32 200 236; 74 32 200 236; 74 32 200 236; 

8\9_22104.jpg
268 400
29 112 238 353; 76 175 198 326; 73 170 204 314; 74 171 203 356; 27 110 242 362; 73 170 204 356; 74 171 203 356; 74 170 203 356; 74 171 203 356; 

8\9_22267.jpg
400 268
29 22 371 250; 30 22 372 256; 137 22 310 168; 158 22 310 170; 26 18 372 248; 159 22 310 167; 158 22 310 170; 158 22 310 170; 158 22 310 170; 

8\9_22323.jpg
268 400
38 63 225 310; 39 66 226 302; 40 86 224 310; 38 65 224 314; 34 60 230 312; 39 66 226 312; 38 65 224 314; 40 65 225 311; 38 65 224 314; 

8\9_227040.jpg
400 266
99 30 329 250; 86 51 274 257; 97 95 269 227; 100 93 274 229; 80 58 399 254; 86 91 275 264; 100 93 272 229; 100 92 271 230; 100 93 274 229; 

8\9_229036.jpg
400 266
67 67 342 262; 66 64 348 266; 67 67 218 266; 66 67 221 266; 72 63 353 264; 66 66 345 266; 111 65 153 131; 65 67 345 266; 111 65 153 135; 

8\9_23001.jpg
400 268
88 27 191 254; 76 28 260 268; 76 28 185 248; 76 28 260 268; 80 34 260 260; 108 28 170 112; 108 28 169 112; 78 28 260 267; 108 28 169 114; 

8\9_23002.jpg
268 400
42 117 153 386; 46 111 154 400; 65 120 156 314; 112 121 155 236; 45 118 154 390; 114 119 155 236; 112 121 155 236; 107 121 155 236; 112 121 155 236; 

8\9_23003.jpg
400 268
140 47 252 228; 140 44 310 235; 142 46 310 234; 170 46 310 234; 134 42 314 240; 140 47 310 227; 170 46 240 121; 141 46 310 234; 170 46 242 146; 

8\9_23025.jpg
266 400
22 75 212 396; 22 77 214 399; 22 77 212 389; 37 77 195 312; 22 74 214 394; 22 77 206 355; 37 77 117 163; 23 77 212 399; 37 77 117 167; 

8\9_23051.jpg
400 268
167 92 386 267; 162 26 396 268; 170 94 335 248; 167 28 399 268; 156 28 398 267; 206 52 337 189; 204 28 340 189; 204 28 340 189; 204 28 340 219; 

8\9_23074.jpg
400 268
80 34 184 260; 83 9 184 260; 83 48 184 246; 83 6 186 261; 77 12 183 255; 82 4 186 260; 112 8 178 78; 82 8 185 262; 112 8 178 90; 

8\9_23080.jpg
400 266
194 22 326 254; 190 20 329 266; 200 22 319 234; 198 22 321 241; 195 17 325 258; 199 21 320 266; 240 22 283 83; 200 21 320 240; 240 22 282 87; 

8\9_23104.jpg
268 400
96 5 250 388; 97 2 248 387; 97 86 248 314; 98 3 246 385; 100 8 258 388; 98 2 248 386; 134 3 192 106; 99 0 247 386; 98 3 246 385; 

8\9_23117.jpg
400 268
76 38 294 245; 88 56 291 244; 152 50 262 140; 129 2 276 138; 96 2 298 244; 130 1 278 140; 129 2 276 138; 88 0 290 246; 129 2 276 138; 

8\9_23118.jpg
268 400
22 104 240 305; 22 104 238 302; 23 105 239 304; 22 105 239 304; 24 109 240 290; 22 106 239 304; 22 105 239 304; 24 104 240 304; 22 105 239 304; 

8\9_23131.jpg
400 268
52 48 352 230; 54 50 350 228; 66 50 334 228; 54 48 350 226; 58 48 350 218; 55 48 348 227; 54 48 350 226; 54 48 350 228; 54 48 350 226; 

8\9_23267.jpg
400 268
20 74 252 254; 20 74 254 250; 66 77 252 247; 22 77 252 254; 22 74 256 252; 23 72 252 253; 22 77 252 254; 22 77 252 254; 22 77 252 254; 

8\9_236017.jpg
400 266
40 48 267 240; 31 52 265 254; 32 52 264 249; 32 52 264 246; 27 54 277 256; 30 51 264 251; 32 52 264 246; 32 52 264 246; 32 52 264 246; 

8\9_236037.jpg
400 266
57 56 321 190; 57 60 323 191; 57 59 319 178; 58 60 323 193; 51 57 310 204; 1 58 321 195; 58 60 146 188; 7 60 323 192; 58 60 146 188; 

8\9_239007.jpg
266 400
20 111 200 389; 102 109 197 386; 103 111 196 386; 102 110 194 385; 19 104 201 398; 104 110 196 386; 102 110 194 385; 5 238 119 399; 102 110 194 385; 

8\9_239096.jpg
400 266
22 10 266 178; 95 5 326 241; 99 6 309 192; 119 8 280 232; 114 17 323 176; 118 7 302 173; 119 8 282 173; 119 7 282 175; 119 8 282 173; 

8\9_24004.jpg
266 400
6 37 192 289; 5 30 197 289; 8 29 194 256; 10 27 191 254; 6 30 198 287; 7 30 196 379; 10 119 191 254; 6 28 191 289; 10 27 191 254; 

8\9_246016.jpg
266 400
10 45 188 384; 2 47 139 355; 1 49 186 382; 17 48 141 227; 19 46 205 378; 1 47 188 355; 67 48 141 149; 2 47 181 388; 67 48 141 149; 

8\9_249061.jpg
400 266
106 81 331 163; 109 82 330 160; 111 83 330 157; 111 83 330 160; 92 73 341 162; 111 82 330 158; 111 83 330 157; 111 83 330 157; 111 83 330 160; 

8\9_25098.jpg
266 400
32 7 233 214; 30 73 233 210; 32 72 232 210; 32 76 232 210; 24 12 231 216; 28 71 234 212; 32 76 232 210; 32 71 232 213; 32 76 232 210; 

8\9_253874181_300410d0fb.jpg
400 299
126 43 268 225; 128 39 263 222; 127 42 264 222; 126 39 264 225; 117 37 266 235; 128 40 266 223; 126 39 264 225; 126 39 264 225; 126 39 264 225; 

8\9_260081.jpg
266 400
57 85 201 303; 79 155 197 299; 61 87 199 297; 1 25 264 301; 8 29 258 295; 60 87 202 299; 1 25 264 301; 1 25 264 301; 1 25 264 301; 

8\9_268002.jpg
266 400
112 136 187 266; 116 139 193 285; 115 137 191 284; 116 138 182 259; 109 131 190 256; 114 138 192 285; 116 138 185 259; 116 138 193 287; 116 138 185 259; 

8\9_26926127.forsythia1.jpg
400 312
21 29 260 302; 19 94 261 305; 22 30 260 302; 21 106 261 302; 25 28 266 290; 22 108 261 302; 21 106 261 302; 21 106 261 302; 21 106 261 302; 

8\9_26995738.ibiris1.jpg
400 328
61 34 247 242; 60 36 249 242; 61 35 246 238; 61 34 246 242; 62 34 262 252; 61 34 246 240; 61 34 246 242; 61 34 246 242; 61 34 246 242; 

8\9_271008.jpg
400 266
121 19 314 261; 123 19 320 266; 121 27 252 265; 122 20 319 266; 121 18 317 259; 121 20 320 265; 122 20 319 266; 241 18 319 266; 122 20 319 266; 

8\9_27551937.vinca.jpg
363 400
127 161 297 332; 126 162 297 331; 129 161 297 333; 126 161 296 332; 121 159 302 330; 127 161 297 333; 126 161 296 332; 126 161 296 332; 126 161 296 332; 

8\9_28010.jpg
400 264
60 29 178 244; 57 30 178 243; 116 38 176 240; 57 30 176 242; 54 31 191 246; 60 30 179 242; 57 30 176 242; 58 30 178 242; 57 30 176 242; 

8\9_28011.jpg
400 264
78 22 252 234; 78 22 254 234; 143 30 202 118; 78 22 252 234; 70 23 240 235; 80 23 252 234; 78 22 252 234; 78 22 252 234; 78 22 252 234; 

8\9_28015.jpg
400 264
112 23 277 262; 110 20 288 264; 142 30 275 180; 110 20 288 264; 116 24 276 260; 116 19 278 260; 110 20 288 264; 106 20 288 264; 110 20 288 264; 

8\9_28026.jpg
264 400
62 145 175 240; 62 144 189 234; 115 144 172 218; 64 145 188 234; 58 142 186 236; 63 144 187 234; 64 145 188 234; 62 144 186 234; 64 145 188 234; 

8\9_28052.jpg
264 400
76 117 194 326; 78 116 194 326; 78 118 192 314; 76 116 192 324; 77 116 203 328; 77 117 198 328; 76 116 192 324; 77 116 192 325; 76 116 192 324; 

8\9_28058.jpg
264 400
62 171 216 286; 62 172 215 290; 92 172 182 280; 62 172 213 291; 58 172 226 296; 62 172 214 290; 62 172 213 291; 62 171 214 292; 62 172 213 291; 

8\9_28080.jpg
264 400
61 76 184 356; 60 76 184 356; 60 96 184 314; 60 96 184 354; 57 35 176 356; 61 36 183 354; 108 96 142 133; 60 33 184 354; 108 96 142 133; 

8\9_28081.jpg
264 400
62 153 141 340; 60 153 228 339; 72 154 142 314; 70 154 142 338; 67 149 150 332; 68 154 144 336; 70 154 142 338; 70 153 140 338; 70 154 142 338; 

8\9_28092.jpg
400 264
74 46 172 228; 75 47 172 229; 76 62 126 226; 76 48 172 230; 70 48 168 230; 76 48 172 226; 76 48 172 230; 76 48 171 229; 76 48 172 230; 

8\9_28097.jpg
400 400
72 56 262 333; 72 49 268 328; 154 94 262 261; 74 48 262 328; 88 58 274 334; 105 48 265 142; 102 48 268 136; 73 48 266 328; 102 48 268 136; 

8\9_28106.jpg
400 400
106 128 298 269; 109 128 296 269; 108 128 296 264; 108 128 297 268; 112 131 294 252; 108 128 298 267; 133 128 180 192; 109 128 297 262; 108 128 297 268; 

8\9_28112.jpg
264 400
48 78 204 377; 46 78 204 378; 88 102 158 254; 46 80 205 378; 50 81 204 376; 49 80 204 379; 46 80 204 178; 46 80 204 178; 46 80 205 378; 

8\9_28117.jpg
264 400
15 88 242 315; 12 87 240 271; 55 102 218 270; 13 88 242 301; 12 94 240 308; 102 102 158 177; 102 102 158 173; 13 86 242 302; 13 88 242 301; 

8\9_28153.jpg
400 264
130 74 290 250; 111 72 371 252; 112 112 333 242; 108 72 374 254; 114 75 358 254; 110 75 370 252; 140 112 176 149; 110 72 372 254; 108 72 374 254; 

8\9_28162.jpg
264 400
42 38 192 372; 41 38 194 371; 49 158 144 314; 42 39 194 372; 40 38 186 377; 41 40 193 372; 42 39 194 188; 42 39 194 188; 42 39 194 188; 

8\9_28173.jpg
264 400
36 144 212 354; 42 145 210 320; 77 144 168 305; 41 146 210 340; 54 143 210 315; 43 144 211 319; 77 146 170 306; 77 144 170 306; 41 146 210 340; 

8\9_28176.jpg
400 326
132 74 272 216; 132 76 272 215; 134 76 272 214; 133 76 272 216; 133 80 270 221; 132 76 272 215; 133 76 272 216; 133 76 272 216; 133 76 272 216; 

8\9_28180.jpg
264 400
102 143 157 282; 105 142 159 284; 106 142 157 282; 106 142 158 284; 100 139 174 291; 105 143 157 283; 106 142 158 284; 106 142 158 284; 106 142 158 284; 

8\9_28184.jpg
264 400
72 124 182 329; 71 124 181 326; 73 124 180 314; 71 125 180 328; 65 118 188 334; 66 125 182 326; 71 125 180 328; 71 125 180 328; 71 125 180 328; 

8\9_28187.jpg
264 400
78 242 182 324; 78 242 180 322; 78 242 178 314; 80 242 179 322; 80 240 182 327; 79 242 180 320; 80 242 179 322; 80 242 179 322; 80 242 179 322; 

8\9_28195.jpg
400 326
116 68 291 296; 116 69 293 298; 164 68 274 144; 115 70 292 299; 122 68 298 281; 163 70 238 130; 164 71 252 131; 116 70 292 300; 164 71 260 144; 

8\9_28198.jpg
400 326
104 91 334 307; 108 92 338 302; 148 92 236 177; 108 93 336 302; 152 96 330 288; 164 92 233 162; 163 93 231 160; 108 92 337 301; 163 93 237 162; 

8\9_28210.jpg
400 400
88 116 270 328; 89 116 268 326; 89 125 182 228; 81 117 268 326; 90 110 274 303; 90 116 268 322; 198 117 232 158; 89 116 268 326; 81 117 268 326; 

8\9_28244.jpg
400 264
84 54 224 222; 86 54 220 222; 144 55 220 174; 86 54 220 223; 91 52 224 218; 85 54 220 221; 162 54 193 94; 84 54 220 222; 86 54 220 223; 

8\9_28247337.003.jpg
400 368
116 14 276 266; 118 15 275 264; 119 18 273 263; 118 18 274 263; 120 18 278 282; 118 17 274 259; 118 18 274 263; 118 17 274 263; 118 18 274 263; 

8\9_28278.jpg
264 400
48 41 193 399; 36 42 190 400; 48 86 189 314; 48 42 190 300; 46 44 191 398; 46 40 186 400; 77 42 146 136; 47 42 188 300; 77 42 146 136; 

8\9_28313.jpg
264 400
96 68 200 352; 98 66 198 348; 128 110 198 314; 96 66 198 348; 96 67 210 348; 96 64 198 348; 96 66 198 348; 98 66 198 350; 96 66 198 348; 

8\9_28316.jpg
264 400
88 104 151 344; 89 106 150 344; 88 106 150 314; 90 106 149 343; 77 106 156 348; 89 106 150 344; 90 106 149 343; 90 106 150 342; 90 106 149 343; 

8\9_28321.jpg
264 400
57 46 202 371; 56 46 201 369; 58 86 184 252; 57 46 202 282; 50 44 203 366; 58 45 202 369; 131 208 202 282; 57 46 202 282; 57 46 202 282; 

8\9_28334.jpg
264 400
18 116 212 276; 14 114 240 276; 33 117 175 238; 12 117 238 278; 24 117 242 279; 16 117 238 276; 12 117 238 278; 12 117 238 278; 12 117 238 278; 

8\9_28579914.05.jpg
399 283
44 74 304 244; 79 75 302 225; 80 75 303 225; 79 75 302 226; 69 71 299 251; 79 75 303 225; 79 75 302 226; 79 75 302 228; 79 75 302 226; 

8\9_291000.jpg
400 266
148 84 344 202; 144 89 344 205; 148 85 344 182; 149 83 344 206; 137 83 348 208; 145 85 343 206; 149 83 344 206; 149 82 344 206; 149 83 344 206; 

8\9_293029.jpg
400 266
137 37 350 263; 144 34 351 264; 143 37 311 169; 142 37 309 218; 137 33 309 195; 138 37 351 264; 142 37 309 218; 142 37 309 218; 142 37 309 218; 

8\9_299086.jpg
400 266
209 46 360 257; 208 45 380 261; 210 47 377 253; 209 47 381 259; 200 47 385 253; 209 46 383 260; 209 47 381 259; 209 47 383 259; 209 47 381 259; 

8\9_299091.jpg
400 266
87 99 385 249; 71 101 396 254; 81 101 385 249; 75 99 385 253; 69 93 383 247; 75 101 385 249; 75 99 385 253; 75 99 385 253; 75 99 385 253; 

8\9_3.jpg
400 267
79 67 321 231; 82 66 242 223; 82 68 239 188; 82 68 262 225; 74 62 314 225; 82 68 240 222; 82 68 152 116; 82 68 264 224; 82 68 262 225; 

8\9_300091.jpg
400 266
191 109 298 217; 190 111 305 219; 191 119 252 193; 190 64 307 220; 197 106 290 220; 190 114 305 220; 190 117 307 220; 190 119 304 219; 190 64 307 220; 

8\9_304034.jpg
400 266
121 91 322 213; 28 91 348 249; 119 92 352 240; 27 92 319 243; 112 84 320 202; 29 91 352 243; 267 92 321 154; 26 92 352 246; 267 92 321 156; 

8\9_304074.jpg
266 400
73 88 234 311; 91 164 191 314; 93 164 190 312; 91 163 191 321; 81 156 195 324; 91 164 190 314; 91 163 191 321; 92 163 191 319; 91 163 191 321; 

8\9_306005.jpg
400 266
112 40 288 187; 116 42 286 188; 119 41 287 190; 119 41 286 191; 108 33 294 194; 117 41 287 190; 119 41 286 191; 119 41 287 192; 119 41 286 191; 

8\9_309004.jpg
400 266
266 104 347 193; 73 107 343 221; 268 107 343 185; 268 106 344 192; 67 108 347 248; 269 106 342 188; 268 106 344 192; 268 106 343 187; 268 106 344 192; 

8\9_317080.jpg
400 266
51 33 281 256; 51 33 280 266; 52 32 280 266; 158 109 262 258; 53 35 271 256; 51 32 281 264; 158 109 262 258; 50 33 282 265; 158 109 262 258; 

8\9_326038.jpg
400 266
146 27 291 200; 146 27 289 264; 148 29 289 262; 146 29 289 260; 152 37 292 167; 147 25 289 262; 146 29 289 260; 146 25 289 260; 146 29 289 260; 

8\9_35008.jpg
400 266
48 115 211 240; 50 111 210 237; 50 1 293 237; 48 111 209 236; 49 101 212 247; 48 111 208 237; 48 111 209 236; 48 111 209 236; 48 111 209 236; 

8\9_35010.jpg
400 266
34 67 386 244; 27 67 396 220; 29 70 399 228; 29 50 399 235; 37 56 387 228; 29 51 398 266; 29 50 399 235; 28 48 399 235; 29 50 399 235; 

8\9_35058.jpg
400 266
99 104 182 176; 101 107 181 186; 100 107 177 172; 101 107 178 171; 101 104 181 176; 100 108 177 171; 101 107 178 171; 101 107 178 171; 101 107 178 171; 

8\9_35070.jpg
400 266
40 89 311 211; 40 83 365 208; 41 81 386 232; 42 82 362 222; 33 76 377 232; 40 81 360 219; 42 82 362 222; 42 80 362 219; 42 82 362 222; 

8\9_353013.jpg
400 266
20 5 363 187; 21 2 368 191; 20 1 366 190; 18 2 366 189; 29 6 371 259; 19 2 365 189; 18 2 366 189; 18 2 366 189; 18 2 366 189; 

8\9_36008.jpg
400 264
114 25 278 164; 144 43 283 136; 110 26 280 136; 109 25 280 151; 114 27 281 241; 146 58 270 136; 109 25 280 151; 172 168 261 244; 109 25 280 151; 

8\9_36011.jpg
400 264
98 10 288 206; 98 9 289 206; 99 18 288 206; 99 10 288 208; 100 2 291 208; 152 80 226 154; 99 10 288 208; 99 9 287 208; 99 10 288 208; 

8\9_361084.jpg
400 266
39 77 393 230; 40 73 398 233; 41 74 367 227; 39 71 399 230; 39 74 389 232; 40 102 191 226; 39 109 353 230; 37 70 399 230; 39 71 399 230; 

8\9_36253.jpg
400 264
130 36 230 172; 130 18 231 174; 130 34 228 168; 132 32 230 172; 128 32 238 180; 130 38 228 170; 148 118 220 160; 129 36 220 160; 132 32 220 160; 

8\9_36254.jpg
264 400
132 109 235 274; 133 111 258 275; 136 112 257 272; 98 18 244 276; 120 100 226 291; 133 112 246 274; 98 18 182 79; 98 18 218 272; 98 18 210 276; 

8\9_36302.jpg
400 264
40 62 230 228; 30 56 312 154; 66 64 312 154; 36 64 217 152; 32 58 312 161; 79 56 313 154; 36 64 242 152; 30 54 242 153; 36 64 242 152; 

8\9_37073.jpg
400 266
54 9 345 161; 53 9 343 157; 57 9 343 156; 57 12 339 156; 57 8 344 175; 57 11 342 157; 57 12 339 156; 56 10 343 156; 57 12 339 156; 

8\9_376020.jpg
400 266
91 52 315 266; 141 53 313 266; 142 52 311 266; 180 53 309 254; 162 57 327 264; 143 52 311 266; 220 53 268 113; 179 53 309 254; 180 53 309 254; 

8\9_376043.jpg
266 400
16 72 205 319; 12 72 204 323; 12 69 205 320; 14 72 204 333; 22 74 210 304; 12 71 203 323; 102 72 161 140; 12 70 204 323; 14 72 204 333; 

8\9_38082.jpg
400 266
178 119 339 237; 180 79 336 240; 182 132 339 239; 180 80 339 241; 173 82 342 235; 181 82 341 241; 180 80 339 241; 180 80 339 241; 180 80 339 241; 

8\9_388016.jpg
266 400
69 52 209 371; 70 53 209 373; 70 52 208 371; 69 53 208 371; 69 50 215 369; 81 54 208 356; 69 53 208 371; 69 53 208 371; 69 53 208 371; 

8\9_41004.jpg
400 266
77 37 320 244; 78 33 319 249; 79 37 319 242; 78 38 319 247; 78 34 330 249; 78 37 319 247; 78 38 319 247; 78 38 319 247; 78 38 319 247; 

8\9_41025.jpg
400 266
91 22 295 256; 93 23 294 254; 91 24 294 254; 94 24 293 255; 86 26 289 262; 91 24 293 256; 210 48 293 142; 91 22 293 254; 210 48 293 142; 

8\9_41069.jpg
400 266
187 85 328 194; 185 89 331 197; 190 91 330 193; 187 91 333 195; 185 82 328 185; 188 91 380 193; 187 91 333 195; 187 91 333 195; 187 91 333 195; 

8\9_42044.jpg
400 266
76 62 335 211; 73 62 334 215; 72 61 334 215; 71 66 332 217; 72 65 330 223; 76 64 334 215; 246 76 333 214; 76 66 333 214; 71 66 332 217; 

8\9_42049.jpg
400 266
150 70 235 225; 149 72 234 222; 150 69 231 221; 149 67 233 223; 156 64 238 229; 150 71 231 222; 149 67 233 223; 149 67 233 223; 149 67 233 223; 

8\9_42078.jpg
400 266
126 41 320 246; 128 42 323 246; 129 42 319 248; 127 42 321 246; 121 42 322 239; 126 42 319 244; 127 42 321 246; 127 42 321 246; 127 42 321 246; 

8\9_43070.jpg
400 266
34 77 347 197; 29 74 346 189; 28 77 343 190; 21 76 344 187; 27 72 355 200; 25 77 343 190; 21 109 146 187; 21 73 343 187; 21 76 344 187; 

8\9_43074.jpg
400 266
131 81 271 221; 19 81 268 225; 18 80 269 214; 20 81 269 221; 27 72 279 219; 18 82 269 232; 20 81 269 221; 20 81 269 221; 20 81 269 221; 

8\9_45096.jpg
400 266
45 92 198 250; 47 97 200 252; 66 101 196 243; 50 76 209 253; 52 66 204 212; 52 77 218 250; 50 76 209 253; 47 73 215 249; 50 76 209 253; 

8\9_46076.jpg
266 400
26 137 233 302; 27 136 234 380; 28 137 235 377; 27 141 234 381; 34 137 233 378; 27 137 235 308; 27 141 234 381; 27 141 234 381; 27 141 234 381; 

8\9_46829866.bigbruiserweb.jpg
400 266
86 71 389 221; 87 72 400 205; 87 71 368 210; 88 70 400 212; 86 72 396 218; 88 72 356 210; 88 70 400 212; 88 70 400 212; 88 70 400 212; 

8\9_49752508.babygrizweb.jpg
400 283
59 36 252 178; 62 38 251 177; 62 37 251 176; 63 36 251 178; 62 34 251 184; 58 38 250 176; 63 36 251 178; 63 36 251 178; 63 36 251 178; 

8\9_50017878.bearssittinginbrooksfalls640.jpg
400 400
129 149 285 303; 88 151 284 304; 87 151 282 304; 86 150 281 304; 102 146 288 306; 87 150 283 302; 156 148 265 241; 88 148 281 303; 156 148 265 241; 

8\9_50314.jpg
380 400
230 188 313 307; 230 190 311 306; 232 192 311 304; 231 191 309 306; 228 191 319 302; 232 191 311 306; 231 191 309 306; 231 191 309 306; 231 191 309 306; 

8\9_52_52999.jpg
400 286
145 49 327 177; 143 51 327 179; 142 53 327 176; 142 49 326 177; 135 51 325 173; 143 50 326 175; 142 49 326 177; 142 49 326 177; 142 49 326 177; 

8\9_53915802.20051221_11miamibeachvigilancia.jpg
400 262
200 106 344 215; 201 71 353 217; 203 122 312 188; 203 122 356 218; 199 66 350 219; 201 71 316 217; 203 122 356 218; 202 72 352 218; 203 122 356 218; 

8\9_53915806.20051221_19miamibeachlifeguard.jpg
400 254
96 60 262 202; 97 50 260 201; 122 70 210 91; 96 52 260 200; 102 58 259 198; 96 51 260 199; 96 52 260 200; 96 52 260 202; 96 52 260 200; 

8\9_53915807.20051221_22miamibeachcouple.jpg
400 266
110 86 276 191; 112 86 302 192; 134 86 258 174; 112 88 300 190; 120 83 291 190; 134 87 259 190; 112 88 300 190; 111 86 300 192; 112 88 300 190; 

8\9_53915808.20051221_24miamibeach.jpg
265 400
82 134 188 312; 54 136 216 312; 84 138 185 218; 54 136 216 312; 64 128 220 315; 82 136 186 292; 54 136 216 312; 53 136 216 312; 54 136 216 312; 

8\9_53915809.20051221_27lifeguard.jpg
400 296
98 83 283 222; 100 83 302 226; 100 84 264 112; 100 85 303 226; 98 80 304 227; 100 84 302 225; 100 85 303 226; 100 85 301 224; 100 85 303 226; 

8\9_54363879.teenagegrizimg_6010640.jpg
400 320
86 54 318 258; 86 52 329 255; 88 54 327 256; 85 53 328 258; 82 53 328 274; 88 52 328 258; 85 53 328 258; 85 53 328 258; 85 53 328 258; 

8\9_54375701.bearfishimg_6001640.jpg
400 320
116 106 348 252; 118 105 350 245; 124 107 346 234; 122 106 348 238; 121 106 352 242; 118 106 348 241; 122 106 348 238; 122 106 348 238; 122 106 348 238; 

8\9_55075.jpg
266 400
67 52 170 371; 68 40 170 373; 68 56 170 373; 67 37 169 371; 68 42 193 375; 68 48 169 355; 67 37 169 371; 67 37 169 371; 67 37 169 371; 

8\9_58060.jpg
400 266
40 61 310 195; 57 63 308 192; 57 62 306 192; 56 63 310 191; 34 32 336 198; 55 62 314 195; 56 63 310 191; 56 63 306 190; 56 63 310 191; 

8\9_59078.jpg
400 266
117 45 247 264; 100 40 304 267; 116 40 291 265; 225 48 281 151; 119 37 274 258; 117 39 247 265; 225 48 281 151; 116 48 281 151; 225 48 281 151; 

8\9_61060.jpg
400 266
126 52 200 202; 68 55 256 233; 127 54 200 202; 125 53 200 204; 91 57 265 228; 69 55 256 231; 125 53 200 204; 125 53 201 204; 125 53 200 204; 

8\9_61086.jpg
266 400
156 235 206 353; 157 235 239 353; 162 239 205 350; 160 238 205 351; 155 236 237 359; 160 237 235 353; 160 238 205 351; 160 238 205 351; 160 238 205 351; 

8\9_62096.jpg
400 266
75 12 298 254; 65 2 300 252; 68 7 294 241; 66 4 297 252; 73 3 305 254; 65 2 298 249; 66 4 297 252; 66 4 252 203; 66 4 297 252; 

8\9_65010.jpg
400 266
226 25 327 160; 218 28 324 104; 226 29 328 101; 221 26 330 96; 218 26 324 110; 223 27 330 104; 221 26 330 96; 223 29 328 96; 221 26 330 96; 

8\9_65019.jpg
400 266
151 21 294 265; 151 22 294 266; 150 22 293 266; 147 22 293 266; 131 21 297 263; 151 22 293 264; 196 22 274 99; 148 22 291 267; 196 22 273 106; 

8\9_65074.jpg
266 400
11 65 227 356; 27 67 227 291; 28 66 227 285; 27 67 224 348; 40 14 225 348; 27 67 227 346; 74 67 138 145; 26 67 227 348; 74 67 138 162; 

8\9_66053.jpg
400 266
32 105 381 217; 32 106 375 212; 32 106 375 215; 33 113 294 212; 27 101 381 222; 32 106 376 223; 148 121 294 212; 32 105 376 218; 33 113 294 212; 

8\9_66075.jpg
266 400
60 59 185 381; 57 59 187 399; 62 67 181 390; 63 67 180 399; 57 62 179 393; 59 62 184 354; 63 67 180 399; 63 67 180 399; 63 67 180 399; 

8\9_66136.jpg
295 400
78 2 215 228; 72 4 215 228; 74 57 203 231; 0 224 296 399; 70 75 188 240; 72 83 202 233; 0 224 296 399; 0 221 295 399; 0 224 296 399; 

8\9_66175.jpg
300 216
106 74 224 155; 104 71 246 156; 104 73 238 155; 103 71 242 153; 88 65 263 174; 105 71 241 155; 103 71 242 153; 103 71 237 154; 103 71 242 153; 

8\9_67444.jpg
399 278
252 101 318 207; 254 102 318 206; 254 103 318 188; 253 101 317 187; 236 96 332 217; 253 102 317 205; 253 101 317 187; 253 101 317 187; 253 101 317 187; 

8\9_69015.jpg
266 400
39 25 232 345; 35 24 262 254; 37 37 262 362; 36 24 263 364; 25 27 247 348; 33 43 207 146; 36 24 263 364; 36 24 263 365; 36 24 263 364; 

8\9_69020.jpg
400 266
52 7 358 230; 7 2 360 264; 12 1 358 259; 257 0 359 181; 37 11 368 242; 9 1 358 265; 292 0 359 92; 258 0 359 183; 280 0 359 106; 

8\9_69040.jpg
400 266
180 32 310 252; 180 35 308 266; 181 35 308 263; 180 34 307 267; 174 29 310 253; 181 35 309 264; 180 34 221 90; 180 35 304 267; 180 34 307 267; 

8\9_71046.jpg
400 266
155 29 347 244; 155 27 358 247; 161 29 206 82; 161 28 358 240; 160 31 358 237; 159 28 353 247; 157 28 206 81; 160 29 354 238; 157 28 359 240; 

8\9_76053.jpg
400 266
160 15 314 196; 158 17 330 200; 201 9 263 111; 160 14 301 160; 147 17 316 182; 158 21 301 162; 209 22 248 95; 159 21 298 161; 160 14 301 160; 

8\9_78004.jpg
266 400
7 235 168 388; 19 239 168 388; 19 240 167 388; 21 240 167 389; 22 224 180 391; 18 240 170 390; 21 240 167 389; 21 238 167 391; 21 240 167 389; 

8\9_8023.jpg
400 266
90 96 247 185; 70 100 244 183; 81 99 244 184; 88 100 244 187; 72 85 247 192; 81 100 241 189; 88 100 244 187; 88 100 244 187; 88 100 244 187; 

8\9_8049.jpg
400 266
122 82 274 230; 114 83 271 226; 118 84 270 226; 141 84 272 230; 122 80 271 237; 141 84 272 230; 141 84 272 230; 141 84 272 228; 141 84 272 230; 

8\9_8143.jpg
400 266
86 64 312 240; 85 53 290 233; 100 57 193 142; 87 55 344 236; 84 63 327 225; 88 54 375 238; 107 55 192 139; 87 55 346 236; 107 55 212 165; 

8\9_85048.jpg
400 266
148 7 304 205; 139 8 304 206; 159 8 235 81; 141 8 307 207; 138 12 311 210; 141 7 308 206; 156 8 235 80; 141 8 306 230; 141 8 307 207; 

8\9_86000.jpg
266 400
36 205 234 356; 37 208 232 353; 38 207 230 353; 38 205 230 356; 29 199 244 348; 37 205 231 354; 38 205 230 356; 38 207 230 356; 38 205 230 356; 

8\9_86016.jpg
400 266
83 37 341 132; 79 35 343 131; 84 37 342 122; 83 37 341 128; 85 34 336 136; 85 37 339 126; 83 37 341 128; 83 37 341 128; 83 37 341 128; 

8\9_87046.jpg
400 266
59 70 375 214; 52 70 399 253; 55 72 398 215; 54 67 399 251; 47 64 395 204; 53 70 399 215; 54 67 399 251; 54 67 399 251; 54 67 399 251; 

8\9_90076.jpg
400 266
42 54 271 210; 41 54 276 172; 86 79 240 142; 86 77 239 144; 47 57 271 266; 40 55 255 172; 86 77 239 144; 86 77 239 144; 86 77 239 144; 

8\9_92059.jpg
266 400
105 227 243 390; 103 224 248 388; 105 235 240 373; 105 237 244 388; 106 230 249 379; 106 236 240 389; 105 237 244 388; 105 237 244 388; 105 237 244 388; 

8\9_94079.jpg
400 266
64 77 367 227; 66 77 366 223; 65 77 364 225; 65 101 226 222; 68 76 372 220; 66 102 225 225; 65 101 226 222; 65 101 226 222; 65 101 226 222; 

8\9_95_95660.jpg
400 287
251 11 386 158; 252 12 386 158; 253 13 368 157; 254 13 386 157; 248 4 381 162; 252 26 357 158; 254 13 386 157; 254 13 386 157; 254 13 386 157; 

8\9_97017.jpg
400 266
32 124 291 258; 11 124 293 257; 253 126 290 239; 91 126 290 245; 9 120 319 258; 91 125 289 249; 91 126 290 245; 91 126 290 238; 91 126 290 245; 

8\9_98350.jpg
400 320
48 88 211 254; 54 88 212 286; 51 88 210 248; 51 88 210 284; 51 84 227 280; 51 89 211 273; 51 88 210 284; 51 88 210 286; 51 88 210 284; 

8\9_c_121.jpg
400 268
118 28 189 228; 116 26 190 228; 118 28 190 228; 118 28 176 78; 118 26 195 234; 118 26 190 229; 118 28 176 78; 118 28 189 229; 118 28 176 78; 

8\9_c_141.jpg
264 400
26 115 212 276; 16 116 239 276; 33 114 180 238; 52 118 142 182; 22 112 239 272; 16 117 238 276; 52 118 142 182; 14 118 238 277; 52 118 142 182; 

8\9_c_146.jpg
400 268
168 78 313 253; 167 79 309 250; 168 80 308 246; 168 80 308 252; 173 84 322 252; 168 78 308 250; 168 80 308 252; 168 80 308 252; 168 80 308 252; 

8\9_c_39.jpg
400 266
108 86 272 192; 113 86 301 192; 134 86 258 190; 134 86 198 183; 125 84 280 187; 134 87 258 190; 134 86 198 183; 134 86 258 190; 134 86 198 183; 

8\9_c_51.jpg
400 264
84 52 220 216; 85 54 220 198; 142 56 221 198; 162 54 194 95; 88 54 227 212; 84 54 220 220; 162 54 194 95; 85 54 220 223; 162 54 194 95; 

8\9_image_0003.jpg
360 240
42 61 213 184; 42 64 260 200; 44 63 209 178; 42 64 210 181; 45 53 220 183; 44 63 208 182; 42 64 210 181; 42 62 211 181; 42 64 210 181; 

8\9_image_0004.jpg
400 264
61 30 279 214; 56 30 286 213; 67 34 279 212; 56 28 285 213; 65 33 284 258; 55 29 286 212; 56 28 285 213; 56 28 285 213; 56 28 285 213; 

8\9_image_0008.jpg
400 264
51 68 267 222; 54 67 266 221; 67 68 265 202; 211 130 256 152; 52 67 272 223; 54 66 266 222; 211 130 256 152; 54 68 265 220; 211 130 256 152; 

8\9_image_0012.jpg
400 264
186 40 376 190; 186 40 376 189; 189 44 334 162; 190 41 376 190; 183 33 378 195; 188 41 376 190; 190 41 376 190; 188 42 376 190; 190 41 376 190; 

8\9_image_0014.jpg
400 264
30 24 245 221; 31 18 242 218; 66 27 242 187; 32 18 242 218; 29 18 246 224; 32 19 242 222; 32 18 242 218; 31 19 242 220; 32 18 242 218; 

8\9_image_0015.jpg
400 264
198 30 386 194; 200 30 383 191; 198 32 334 189; 198 30 384 192; 204 29 388 203; 200 30 384 192; 198 30 384 192; 199 30 384 192; 198 30 384 192; 

8\9_image_0016.jpg
400 264
43 27 227 206; 44 28 227 202; 66 35 226 172; 45 29 226 202; 38 30 229 208; 44 29 226 202; 45 29 226 202; 44 29 226 202; 45 29 226 202; 

8\9_image_0018.jpg
400 264
51 24 263 216; 54 24 264 217; 66 24 262 216; 54 24 262 218; 60 25 269 211; 55 24 264 215; 54 24 262 218; 54 24 262 218; 54 24 262 218; 

8\9_image_0025.jpg
400 264
84 18 286 200; 86 16 288 198; 84 18 286 200; 84 16 288 198; 87 20 289 202; 84 16 288 198; 84 16 288 198; 84 16 288 200; 84 16 288 198; 

8\9_image_0026.jpg
400 264
52 65 270 214; 55 66 270 214; 66 66 268 192; 54 66 266 215; 55 66 274 220; 54 66 269 212; 54 66 266 215; 54 66 266 215; 54 66 266 215; 

8\9_image_0027.jpg
400 264
103 64 324 208; 104 65 323 228; 106 66 322 196; 192 127 237 148; 102 64 331 235; 105 65 323 226; 192 127 237 148; 106 64 324 228; 192 127 237 148; 

8\9_image_0035.jpg
400 264
104 42 318 229; 86 36 334 226; 88 46 332 226; 88 36 333 228; 88 40 325 237; 88 38 324 226; 88 36 333 228; 88 36 333 228; 88 36 333 228; 

8\9_image_0036.jpg
400 264
16 64 216 240; 6 48 240 238; 66 48 240 236; 4 48 237 238; 10 66 238 238; 5 47 240 239; 4 48 237 238; 4 49 238 238; 4 48 237 238; 

8\9_image_0039.jpg
400 264
54 15 260 206; 34 10 289 208; 66 18 288 204; 34 10 288 208; 49 13 286 202; 34 10 288 208; 34 10 288 208; 34 10 288 208; 34 10 288 208; 

8\9_image_0044.jpg
400 264
106 24 344 230; 87 23 344 228; 88 28 334 228; 89 20 343 230; 106 28 339 220; 88 23 344 227; 89 20 343 230; 89 20 343 230; 89 20 343 230; 

8\9_image_0050.jpg
400 264
89 36 292 216; 86 30 294 216; 88 31 294 216; 87 31 294 215; 99 38 292 210; 88 31 294 214; 87 31 294 215; 87 31 294 215; 87 31 294 215; 

8\9_image_0054.jpg
400 264
116 44 358 220; 117 46 358 218; 118 46 334 204; 119 46 357 218; 116 44 358 217; 118 46 358 220; 119 46 357 218; 118 46 357 218; 119 46 357 218; 

8\9_image_0057.jpg
400 264
98 16 288 198; 97 16 291 198; 96 18 291 198; 96 16 291 198; 94 14 276 207; 97 16 292 198; 96 16 291 198; 96 16 291 198; 96 16 291 198; 

8\9_image_0058.jpg
400 264
64 32 252 208; 64 31 258 206; 66 30 256 208; 64 30 255 208; 72 34 244 208; 64 30 258 206; 64 30 255 208; 64 30 255 208; 64 30 255 208; 

8\9_image_0067.jpg
400 264
80 36 236 216; 82 36 236 216; 82 36 236 216; 82 36 236 216; 84 39 238 218; 84 37 236 216; 82 36 236 216; 82 36 236 216; 82 36 236 216; 

8\9_image_0068.jpg
400 264
160 38 310 212; 162 38 308 213; 161 39 308 210; 162 38 307 210; 154 39 312 208; 162 38 307 210; 162 38 307 210; 162 38 307 210; 162 38 307 210; 

8\9_image_0072.jpg
400 264
160 50 306 222; 161 48 307 222; 162 50 305 220; 162 48 306 222; 158 50 308 219; 162 50 306 220; 162 48 306 222; 162 48 306 222; 162 48 306 222; 

8\9_image_0074.jpg
400 264
155 60 358 215; 157 61 359 214; 158 62 334 190; 158 61 358 214; 160 61 364 212; 158 62 358 213; 158 61 358 214; 158 62 358 212; 158 61 358 214; 

8\9_image_0083.jpg
400 264
88 45 239 220; 89 44 239 220; 88 45 238 219; 88 44 238 220; 84 44 240 221; 90 45 238 220; 88 44 238 220; 88 44 238 220; 88 44 238 220; 

8\9_image_0084.jpg
400 264
106 53 254 222; 108 54 254 222; 108 56 252 222; 108 53 250 222; 108 54 251 224; 108 55 252 221; 108 53 250 222; 108 53 252 222; 108 53 250 222; 

8\9_image_0086.jpg
400 264
114 34 268 216; 116 35 268 216; 116 36 266 215; 116 34 266 214; 114 34 268 218; 116 36 267 214; 116 34 266 214; 116 34 266 214; 116 34 266 214; 

8\9_image_0089.jpg
400 264
110 42 262 206; 112 42 261 204; 113 42 260 204; 112 42 260 204; 112 46 265 214; 112 42 260 203; 112 42 260 204; 112 42 260 204; 112 42 260 204; 

8\9_image_0098.jpg
360 240
145 62 332 180; 154 65 331 192; 158 69 328 183; 159 67 329 182; 149 61 336 194; 157 68 328 192; 159 67 329 182; 159 67 329 182; 159 67 329 182; 

8\9_image_0101.jpg
400 264
56 35 209 239; 57 36 209 238; 67 36 209 238; 58 35 209 238; 53 38 206 246; 56 36 208 238; 58 35 209 238; 56 34 209 238; 58 35 209 238; 

8\9_image_0103.jpg
400 264
144 50 286 234; 145 50 286 234; 145 50 286 234; 146 50 286 234; 140 52 286 234; 145 50 285 234; 146 50 286 234; 144 50 285 235; 146 50 286 234; 

8\9_image_0104.jpg
400 264
120 40 266 230; 120 40 264 229; 120 41 264 228; 120 40 264 230; 120 40 258 231; 122 41 264 228; 120 40 264 230; 120 40 264 230; 120 40 264 230; 

8\9_image_0320.jpg
360 240
93 67 247 180; 96 64 307 200; 96 70 245 168; 93 69 246 183; 89 72 258 180; 94 70 247 183; 93 69 246 183; 93 69 246 183; 93 69 246 183; 

8\9_pushpin.jpg
400 274
253 98 322 189; 253 100 322 207; 257 100 319 184; 253 98 319 187; 241 90 320 216; 253 98 320 206; 253 98 319 187; 253 98 319 187; 253 98 319 187; 

8\9_ss07002.jpg
264 400
54 102 168 359; 54 94 168 360; 56 106 165 312; 56 93 166 362; 53 100 190 364; 54 95 166 360; 56 93 166 362; 56 93 167 362; 56 93 166 362; 

8\9_ss07003.jpg
264 400
70 77 198 384; 74 72 196 400; 74 85 195 265; 115 73 152 125; 72 74 192 398; 75 72 193 398; 115 73 152 125; 74 72 196 400; 115 73 152 125; 

8\9_ss07033.jpg
400 264
124 32 310 248; 126 34 304 250; 186 34 306 208; 213 34 252 80; 119 28 342 256; 127 32 322 248; 213 34 252 80; 126 34 323 250; 213 34 252 80; 

8\9_ss07036.jpg
400 264
104 83 259 224; 102 84 268 225; 122 84 224 202; 104 82 276 227; 97 78 280 230; 102 84 270 228; 104 82 276 227; 102 82 272 228; 104 82 276 227; 

8\9_ss07043.jpg
400 264
163 62 237 178; 164 60 232 176; 165 60 232 177; 164 60 234 177; 158 58 237 178; 163 60 234 176; 164 60 234 177; 164 60 233 168; 164 60 234 177; 

8\9_ss07080.jpg
264 400
80 166 174 256; 79 166 173 256; 89 167 172 242; 76 167 174 254; 78 162 176 263; 80 168 170 256; 76 167 174 254; 76 167 173 260; 76 167 174 254; 

8\9_ss07084.jpg
264 400
88 114 202 284; 90 110 210 284; 90 112 173 228; 90 111 202 284; 84 109 214 284; 90 111 210 286; 90 111 202 284; 90 111 202 284; 90 111 202 284; 

8\9_ss07085.jpg
264 400
62 99 167 220; 63 98 213 239; 62 99 166 212; 62 100 166 212; 10 100 209 234; 4 99 214 238; 62 100 166 212; 84 98 166 212; 62 100 166 212; 

8\9_ss07087.jpg
264 400
30 93 218 316; 41 92 216 314; 80 92 215 208; 134 94 173 132; 56 94 242 314; 10 94 236 324; 134 94 173 132; 42 94 214 317; 134 94 173 132; 

