500

9\10_00000006_004.jpg
400 300
145 72 356 290; 140 71 358 294; 146 86 256 199; 144 71 359 292; 133 73 365 293; 144 71 357 293; 144 71 359 292; 144 71 358 292; 144 71 359 292; 

9\10_00000010_010.jpg
400 388
74 70 324 332; 98 57 331 339; 98 62 328 337; 74 52 325 336; 101 53 334 326; 69 58 326 338; 112 104 249 260; 74 54 325 336; 99 52 325 336; 

9\10_00000013_001.jpg
400 300
24 62 332 260; 30 64 333 264; 30 65 330 262; 138 121 275 255; 42 69 338 267; 34 64 334 262; 138 121 275 255; 32 66 333 264; 138 121 275 255; 

9\10_00000013_008.jpg
400 322
110 9 373 288; 110 2 381 270; 114 2 379 267; 114 2 382 269; 119 0 390 280; 113 2 382 270; 114 2 382 269; 114 2 382 269; 114 2 382 269; 

9\10_00000014_010.jpg
400 299
124 89 240 191; 124 86 252 191; 125 90 250 192; 124 88 250 193; 119 88 246 198; 124 88 250 191; 124 88 250 193; 124 88 250 193; 124 88 250 193; 

9\10_00000014_016.jpg
400 266
128 76 378 218; 122 76 385 206; 126 78 381 203; 123 78 384 202; 125 78 383 225; 126 77 383 207; 123 78 384 202; 123 78 384 202; 123 78 384 202; 

9\10_00000023_007.jpg
400 300
69 113 304 254; 74 142 273 252; 76 142 243 251; 73 142 244 251; 74 140 273 242; 74 142 244 252; 73 142 244 251; 73 142 244 251; 73 142 244 251; 

9\10_00000024_023.jpg
400 266
107 52 276 218; 104 3 329 246; 106 52 272 239; 106 72 176 149; 105 8 336 235; 106 3 330 246; 106 72 176 149; 106 1 333 246; 106 72 176 149; 

9\10_00000027_009.jpg
300 400
42 62 218 356; 43 60 220 356; 108 94 212 306; 92 60 191 158; 42 65 221 356; 1 61 220 355; 92 60 193 158; 1 60 219 355; 92 60 193 158; 

9\10_00000027_010.jpg
300 400
74 106 262 336; 74 102 266 334; 75 101 264 306; 73 98 264 333; 64 97 263 330; 77 100 264 332; 73 98 264 333; 73 98 264 333; 73 98 264 333; 

9\10_00000033_020.jpg
301 400
63 72 273 325; 61 74 274 326; 62 76 270 322; 118 161 224 267; 58 79 270 327; 62 74 269 322; 118 161 224 267; 62 74 270 325; 118 161 224 267; 

9\10_00000034_013.jpg
400 265
164 32 256 215; 159 32 258 216; 164 33 256 214; 164 32 258 215; 160 33 263 218; 165 33 255 215; 164 32 258 215; 164 32 258 215; 164 32 258 215; 

9\10_00000034_014.jpg
400 300
136 32 292 278; 101 30 297 283; 90 27 290 281; 178 86 293 189; 76 20 284 278; 95 27 294 281; 178 86 293 189; 92 30 292 282; 178 86 293 189; 

9\10_00000043_019.jpg
400 263
12 40 218 222; 14 34 220 222; 10 35 219 220; 9 37 218 222; 11 38 226 229; 10 38 222 223; 147 37 218 113; 9 37 218 222; 9 37 218 222; 

9\10_00000067_018.jpg
400 266
114 18 228 206; 112 17 233 203; 159 18 229 204; 158 16 232 206; 152 19 240 207; 158 18 231 205; 158 16 232 206; 158 16 232 206; 158 16 232 206; 

9\10_00000069_002.jpg
400 300
140 60 314 268; 139 58 318 271; 152 60 229 242; 156 58 315 272; 141 55 315 277; 154 60 315 269; 196 113 315 272; 156 60 315 272; 156 58 315 272; 

9\10_00000069_018.jpg
299 400
36 198 136 370; 36 198 147 366; 37 200 132 306; 37 198 134 368; 37 198 137 367; 38 199 134 299; 37 198 134 368; 37 198 134 368; 37 198 134 368; 

9\10_00000076_017.jpg
400 266
146 44 266 195; 143 43 270 197; 144 46 268 198; 144 45 268 199; 140 40 278 206; 145 45 267 196; 144 45 268 199; 144 45 268 199; 144 45 268 199; 

9\10_00000083_002.jpg
400 300
96 80 260 202; 96 78 261 202; 136 77 258 201; 94 79 259 202; 95 60 268 199; 96 77 259 203; 94 79 259 202; 94 79 259 202; 94 79 259 202; 

9\10_00000085_008.jpg
400 300
86 38 354 240; 90 38 355 240; 89 44 323 238; 87 36 356 245; 88 40 342 252; 254 101 332 188; 87 36 356 245; 87 36 356 245; 87 36 356 245; 

9\10_00000087_005.jpg
400 300
12 32 266 248; 9 32 269 246; 113 44 265 200; 6 30 268 247; 99 31 266 232; 89 51 268 247; 6 30 268 247; 6 30 268 247; 6 30 268 247; 

9\10_00000089_017.jpg
400 300
121 38 348 166; 116 39 350 168; 117 38 352 167; 115 38 350 165; 119 38 354 167; 116 39 350 166; 115 38 350 165; 115 38 350 165; 115 38 350 165; 

9\10_00000093_007.jpg
331 400
64 50 211 332; 64 47 220 338; 60 51 214 338; 61 50 217 341; 50 54 239 342; 61 50 218 339; 115 50 213 155; 61 50 217 341; 61 50 217 341; 

9\10_00000094_012.jpg
400 266
82 28 282 218; 60 28 281 224; 65 30 282 221; 65 31 285 223; 62 33 302 238; 62 30 283 222; 65 31 285 224; 65 31 285 223; 65 31 285 223; 

9\10_00000094_022.jpg
400 269
107 56 224 215; 106 57 227 216; 110 57 224 216; 109 55 224 216; 101 58 234 215; 109 56 225 216; 109 55 224 216; 109 55 224 216; 109 55 224 216; 

9\10_00000098_007.jpg
400 300
125 75 280 218; 124 76 384 248; 125 75 281 220; 125 74 281 222; 122 79 295 229; 124 74 382 244; 125 74 281 222; 125 75 382 242; 125 74 281 222; 

9\10_00000098_010.jpg
400 300
78 72 266 206; 53 72 264 241; 53 71 262 242; 53 74 262 242; 50 61 278 238; 51 73 263 242; 53 74 262 242; 53 74 262 242; 53 74 262 242; 

9\10_100814280_70659ccbfa.jpg
400 247
84 82 378 191; 68 80 379 190; 78 82 380 184; 74 83 379 193; 68 74 379 208; 75 83 379 194; 74 107 158 176; 74 83 379 193; 74 83 379 193; 

9\10_108765872_c1d462aa15.jpg
266 400
56 38 238 294; 54 38 266 301; 58 42 264 301; 58 40 266 299; 66 38 264 303; 60 40 266 301; 58 40 266 299; 58 40 266 299; 58 40 266 299; 

9\10_111078578_967ba44a4e.jpg
400 276
78 96 204 214; 76 95 208 222; 76 95 207 222; 75 94 207 222; 71 86 219 232; 77 95 207 226; 75 94 207 222; 75 94 207 222; 75 94 207 222; 

9\10_114197289_0b92e3abcc.jpg
267 400
42 100 231 312; 40 101 236 314; 40 100 234 311; 38 98 236 313; 28 83 239 311; 39 99 233 312; 38 98 236 313; 38 98 236 313; 38 98 236 313; 

9\10_115003816_5268a2536a.jpg
400 301
158 126 256 280; 156 126 260 301; 157 128 255 298; 158 127 257 301; 146 129 258 290; 160 127 259 301; 158 127 257 301; 158 127 257 301; 158 127 257 301; 

9\10_118134441_c58fc0719f.jpg
400 266
90 30 284 202; 89 18 285 205; 94 15 286 204; 94 15 286 205; 91 19 286 217; 95 15 286 204; 94 15 286 205; 94 15 286 205; 94 15 286 205; 

9\10_132474673_88eaf528f5.jpg
400 320
71 9 298 268; 72 7 298 320; 72 7 288 267; 70 6 290 270; 57 18 298 316; 73 8 299 320; 70 6 290 270; 70 6 287 270; 70 6 290 270; 

9\10_134815623_dcbd7ad8e0.jpg
400 322
107 0 386 285; 116 1 385 270; 115 2 380 270; 122 2 382 270; 114 6 378 287; 116 0 382 269; 122 2 382 270; 122 2 382 270; 122 2 382 270; 

9\10_135418000_4666dec3c4.jpg
285 400
46 70 234 304; 47 72 233 331; 46 71 234 330; 48 70 232 330; 28 75 246 322; 50 70 234 331; 48 70 106 194; 48 70 232 330; 48 70 232 330; 

9\10_137117726_7d0ef6a2f1.jpg
400 269
56 6 380 222; 49 13 389 222; 54 16 382 219; 52 14 382 220; 49 14 389 218; 52 13 383 222; 52 14 174 140; 52 14 382 220; 52 14 174 140; 

9\10_137385456_396ee799c5.jpg
400 301
102 46 296 246; 98 40 302 243; 102 46 299 250; 102 46 298 254; 94 49 296 249; 103 43 300 254; 102 46 298 254; 102 46 298 254; 102 46 298 254; 

9\10_139375137_1d54fa7e20.jpg
400 300
102 54 294 252; 102 49 294 250; 105 54 292 257; 103 55 292 269; 95 50 298 251; 104 50 293 266; 103 55 292 269; 103 55 292 269; 103 55 292 269; 

9\10_142031788_e469594839.jpg
400 266
64 42 224 224; 64 40 230 226; 64 42 225 226; 65 42 224 227; 58 42 226 234; 63 39 225 226; 65 42 224 227; 65 42 224 227; 65 42 224 227; 

9\10_144439584_97e8823d39.jpg
400 300
55 2 375 260; 141 6 374 260; 144 1 374 257; 141 1 374 260; 124 11 369 255; 143 2 373 258; 141 1 374 260; 141 1 374 260; 141 1 374 260; 

9\10_152108976_efb920fd16.jpg
400 300
104 46 308 250; 101 39 310 249; 104 43 308 246; 98 41 312 252; 101 40 314 253; 99 41 312 250; 98 41 312 252; 98 41 312 252; 98 41 312 252; 

9\10_152109747_5678ebbb1c.jpg
400 300
66 98 276 244; 68 97 278 245; 68 97 278 244; 69 98 276 243; 72 94 278 244; 70 96 277 242; 69 98 276 243; 69 98 276 243; 69 98 276 243; 

9\10_1557631_c5d89caa41.jpg
400 300
66 42 249 240; 66 41 289 299; 66 40 290 299; 64 39 240 238; 66 59 282 276; 66 42 290 299; 64 39 289 299; 64 39 240 238; 64 39 240 238; 

9\10_156234186_1b16bc540f.jpg
400 376
62 56 320 338; 39 53 331 345; 70 54 330 346; 53 52 330 344; 60 59 337 354; 69 53 331 345; 53 52 330 344; 53 52 330 344; 53 52 330 344; 

9\10_15955708.montblanc1.jpg
400 300
128 114 271 269; 127 116 270 264; 130 134 250 250; 128 124 268 264; 130 108 276 274; 128 114 270 265; 128 114 268 276; 128 124 268 264; 128 114 268 276; 

9\10_161208056_248b2c2ab6.jpg
400 300
36 46 239 277; 35 47 239 279; 111 47 167 209; 38 48 238 277; 41 46 235 273; 39 48 238 277; 38 48 238 277; 38 48 238 277; 38 48 238 277; 

9\10_161577795_24ddf05710.jpg
400 300
133 118 287 212; 135 122 285 206; 138 123 284 209; 137 121 286 206; 126 121 297 209; 137 124 286 208; 137 121 286 206; 137 121 286 206; 137 121 286 206; 

9\10_162330937_390a32901a.jpg
400 300
58 90 360 254; 50 82 378 262; 58 89 363 254; 51 81 378 262; 57 86 363 246; 51 78 378 262; 51 81 378 262; 51 81 378 262; 51 81 378 262; 

9\10_163690182_59efbae927.jpg
400 305
58 98 200 232; 50 92 194 238; 57 97 196 234; 53 94 198 237; 53 98 197 224; 55 96 197 234; 53 94 198 237; 53 94 198 237; 53 94 198 237; 

9\10_167944629_67a359c464.jpg
300 400
78 62 236 290; 81 61 242 299; 82 63 241 295; 82 62 243 298; 70 77 259 308; 82 62 243 297; 82 140 243 298; 82 62 243 298; 82 140 243 298; 

9\10_169329862_b3b297c7a9.jpg
400 300
130 38 304 296; 131 43 360 299; 133 43 354 296; 130 42 358 299; 122 52 333 298; 133 41 356 298; 130 42 358 299; 130 42 358 299; 130 42 358 299; 

9\10_178480338_a73f99f0ba.jpg
400 265
41 58 373 190; 41 59 374 194; 43 66 368 190; 42 62 372 194; 50 56 359 202; 44 62 369 191; 42 62 372 194; 42 62 372 194; 42 62 372 194; 

9\10_184503160_143a47edb1.jpg
400 300
82 36 288 134; 83 31 290 137; 84 34 286 137; 83 33 287 136; 66 26 296 142; 85 34 290 136; 83 33 287 136; 83 33 287 136; 83 33 287 136; 

9\10_188491483_a44e3d6e02.jpg
400 300
146 96 306 227; 146 14 304 227; 149 95 303 224; 148 14 306 226; 122 6 308 206; 148 16 303 228; 148 14 306 226; 148 14 306 226; 148 14 306 226; 

9\10_192447210_936a00b749.jpg
400 300
82 80 278 212; 79 60 279 212; 83 62 274 210; 85 61 276 212; 75 62 271 207; 86 58 278 210; 85 61 276 212; 85 61 276 210; 85 61 276 212; 

9\10_197325318_cceafb4122.jpg
400 300
14 66 376 174; 14 68 377 150; 14 68 375 150; 14 68 376 150; 18 70 378 162; 13 70 375 149; 14 68 376 150; 14 68 376 150; 14 68 376 150; 

9\10_200477093_158e8132c2.jpg
400 303
20 28 320 302; 1 30 326 302; 81 29 323 246; 2 30 324 302; 24 34 318 302; 2 30 324 302; 2 30 324 302; 2 30 324 302; 2 30 324 302; 

9\10_201960469_f9110392d6.jpg
400 299
77 97 382 221; 78 97 385 222; 72 99 382 218; 78 101 386 218; 76 104 381 221; 76 99 385 218; 78 101 386 218; 78 101 386 218; 78 101 386 218; 

9\10_206775277_55350e13b2.jpg
400 265
68 58 316 128; 68 62 316 130; 80 67 312 124; 70 63 316 128; 68 54 314 134; 69 65 317 127; 70 63 316 128; 70 63 316 128; 70 63 316 128; 

9\10_206775389_ad06667dc2.jpg
400 278
58 37 333 192; 54 42 335 198; 54 46 333 193; 54 42 334 201; 39 35 333 190; 56 40 336 196; 54 42 334 201; 54 42 334 201; 54 42 334 201; 

9\10_215268421_d9e8d9a11d.jpg
400 346
62 124 330 332; 57 126 331 346; 66 131 324 332; 57 125 333 346; 72 122 338 342; 59 127 330 346; 57 125 333 346; 57 125 333 346; 57 125 333 346; 

9\10_217098809_9fddf98ceb.jpg
383 399
78 78 286 308; 79 73 290 311; 82 80 287 309; 82 75 287 312; 68 81 292 308; 80 75 289 310; 113 97 255 255; 82 75 287 312; 113 97 255 255; 

9\10_224830165_1fc5dcfecf.jpg
400 283
16 40 238 282; 12 39 246 283; 108 42 237 242; 14 40 238 283; 22 44 248 274; 12 40 248 282; 14 40 238 283; 14 40 238 283; 14 40 238 283; 

9\10_229961305_0a965550ec.jpg
277 400
34 38 183 284; 35 43 183 293; 37 42 185 293; 38 42 182 338; 26 42 181 288; 39 42 182 313; 67 42 116 178; 38 42 182 338; 67 42 116 178; 

9\10_230453144_086f387b70.jpg
400 400
132 264 280 348; 131 266 279 345; 131 267 278 342; 131 266 281 342; 130 267 273 344; 133 266 279 341; 131 266 281 342; 131 266 281 342; 131 266 281 342; 

9\10_23411894_f0827bc59c.jpg
400 388
102 44 324 353; 87 40 348 380; 88 42 341 376; 87 38 343 377; 76 33 342 374; 86 39 346 380; 110 38 187 126; 87 38 343 377; 87 38 343 377; 

9\10_234794066_610aa191d1.jpg
400 266
78 40 322 240; 82 40 323 243; 80 35 321 242; 80 34 324 243; 62 29 316 242; 80 34 323 242; 80 34 324 243; 80 34 324 243; 80 34 324 243; 

9\10_236916255_307bc2272c.jpg
400 255
167 70 384 245; 166 70 389 247; 169 71 388 245; 167 70 388 246; 167 66 378 245; 169 70 387 242; 167 70 388 246; 167 70 388 246; 167 70 388 246; 

9\10_240787824_95ef80a11f.jpg
400 300
10 114 382 259; 10 112 383 254; 12 114 378 256; 10 114 378 255; 14 104 382 258; 10 113 379 255; 10 114 378 255; 10 114 378 255; 10 114 378 255; 

9\10_245737491_33814f1975.jpg
400 300
100 72 311 194; 68 1 342 197; 99 70 306 170; 99 70 306 171; 100 66 306 177; 98 71 306 170; 99 70 306 171; 99 70 306 171; 99 70 306 171; 

9\10_245741115_52f74157d9.jpg
400 300
64 82 342 194; 60 78 345 194; 78 90 325 186; 60 82 341 194; 53 71 338 196; 62 82 342 194; 60 82 341 194; 60 82 341 194; 60 82 341 194; 

9\10_246111556_0fc2277e24.jpg
266 400
54 80 229 310; 57 82 231 306; 54 84 230 296; 56 82 229 314; 49 81 229 300; 58 82 229 311; 56 82 229 314; 56 82 229 314; 56 82 229 314; 

9\10_247193222_122354a299.jpg
400 300
166 76 360 234; 168 68 400 233; 166 67 398 234; 165 66 399 234; 167 67 377 229; 166 66 398 234; 165 66 399 234; 165 66 399 234; 165 66 399 234; 

9\10_252237817_b4d44ff2f7.jpg
400 300
112 60 381 290; 114 60 383 289; 114 62 382 290; 115 66 382 290; 101 63 382 282; 112 62 381 290; 234 159 303 245; 115 66 382 290; 234 159 303 245; 

9\10_256056095_92cb6f9946.jpg
400 300
72 22 240 238; 45 28 258 258; 46 33 255 257; 46 28 251 257; 54 26 264 248; 46 28 254 258; 46 28 251 257; 46 28 251 257; 46 28 251 257; 

9\10_256246201_af99191b82.jpg
400 300
170 99 337 274; 74 98 375 278; 187 115 318 242; 74 98 375 278; 66 90 392 291; 74 99 374 277; 74 98 375 278; 74 98 375 278; 74 98 375 278; 

9\10_257305705_33f7249c08.jpg
400 300
77 62 298 255; 76 64 294 252; 79 65 286 246; 78 62 297 254; 76 62 306 258; 78 64 295 253; 78 62 297 254; 78 62 297 254; 78 62 297 254; 

9\10_257430398_b468551510.jpg
400 300
30 60 272 250; 30 62 275 295; 30 62 273 298; 28 61 273 299; 28 63 291 291; 28 58 272 296; 28 61 273 299; 28 61 273 299; 28 61 273 299; 

9\10_257476956_dd7b951ab3.jpg
400 302
188 70 368 286; 189 71 393 302; 205 121 365 280; 205 118 366 282; 186 70 388 288; 188 71 390 299; 205 118 366 282; 188 71 391 302; 205 118 366 282; 

9\10_259829970_8ad028f44f.jpg
243 400
74 160 175 344; 76 162 176 335; 74 162 169 334; 75 162 170 333; 60 162 182 342; 74 162 170 334; 75 162 170 333; 75 162 170 334; 75 162 170 333; 

9\10_259830185_a6b7dd03eb.jpg
400 299
100 42 296 214; 86 20 318 235; 100 45 298 214; 100 43 298 217; 79 21 326 244; 90 39 308 234; 100 43 298 217; 100 43 298 217; 100 43 298 217; 

9\10_259871222_13311d0e2f.jpg
400 285
114 34 254 260; 112 34 260 261; 113 35 257 158; 113 35 258 159; 97 33 263 178; 112 36 258 193; 113 35 258 159; 113 35 258 159; 113 35 258 159; 

9\10_259872599_ece5e7f0f4.jpg
400 300
136 68 282 214; 120 58 297 231; 118 58 283 228; 119 58 283 229; 101 42 306 232; 119 58 282 226; 119 58 283 229; 119 58 283 229; 119 58 283 229; 

9\10_260120621_66276c1d6d.jpg
400 300
23 96 200 204; 24 98 198 201; 94 98 180 140; 23 98 198 198; 31 96 208 210; 22 98 198 199; 94 98 180 139; 23 98 198 198; 23 98 198 198; 

9\10_260372546_03d18a4e9e.jpg
300 400
46 140 234 346; 19 138 242 354; 39 139 239 338; 37 137 238 334; 6 115 274 352; 38 122 260 385; 72 154 228 310; 37 137 238 334; 37 137 238 334; 

9\10_260372597_3269d98a53.jpg
400 300
114 88 214 290; 112 93 212 290; 124 138 210 233; 122 138 210 234; 122 129 222 242; 122 139 212 234; 122 138 210 234; 111 93 210 290; 122 138 210 234; 

9\10_260610820_773d74b04a.jpg
400 300
80 43 207 198; 83 47 204 197; 82 48 202 194; 84 48 203 196; 66 48 225 209; 84 47 203 194; 84 48 203 196; 84 48 203 196; 84 48 203 196; 

9\10_261185388_23b72d8b06.jpg
400 300
94 160 194 224; 93 160 194 227; 91 160 195 225; 92 158 196 226; 94 142 206 236; 89 160 196 225; 92 158 196 226; 92 158 196 226; 92 158 196 226; 

9\10_261412567_6cfa782a7e.jpg
400 300
92 54 290 231; 89 45 318 275; 88 43 310 242; 105 62 284 221; 74 59 300 234; 89 44 311 267; 134 84 257 191; 105 62 284 221; 105 62 284 221; 

9\10_261717707_bb5b8e0b80.jpg
400 300
32 74 187 232; 35 78 187 230; 35 78 182 229; 36 79 183 229; 28 71 185 229; 34 79 182 230; 36 79 183 229; 36 79 183 229; 36 79 183 229; 

9\10_261964240_8eea8f76d8.jpg
400 300
126 4 303 223; 122 2 300 212; 123 1 298 262; 134 0 299 261; 127 4 318 162; 134 0 298 162; 134 0 299 261; 134 0 299 261; 134 0 299 261; 

9\10_262725611_c3ce2b827e.jpg
400 300
147 43 303 274; 149 45 352 299; 150 44 354 299; 149 42 354 299; 134 51 294 259; 147 43 354 298; 149 42 354 299; 149 42 352 299; 149 42 354 299; 

9\10_263409221_258fe30291.jpg
300 400
30 100 264 296; 33 99 265 294; 32 102 265 295; 30 102 266 297; 37 92 262 298; 30 102 266 293; 30 102 266 297; 30 102 266 297; 30 102 266 297; 

9\10_263808439_8c5342f1eb.jpg
400 300
116 26 284 248; 131 41 286 249; 136 41 284 240; 138 41 284 242; 119 38 304 247; 136 22 284 243; 138 41 284 242; 138 41 284 242; 138 41 284 242; 

9\10_264482836_a97bd01e84.jpg
400 266
88 44 251 221; 78 45 251 256; 90 46 247 207; 82 45 248 258; 93 56 258 211; 79 44 249 256; 82 45 248 258; 82 45 248 258; 82 45 248 258; 

9\10_264484124_5edf738e12.jpg
400 266
72 30 241 214; 70 27 242 256; 74 42 239 198; 71 26 241 254; 83 49 230 190; 71 28 238 254; 71 26 241 254; 71 26 241 254; 71 26 241 254; 

9\10_264977419_e80d1f1333.jpg
400 300
130 29 290 272; 125 30 288 286; 139 113 276 249; 132 98 289 273; 145 110 279 248; 130 31 289 272; 132 98 289 273; 132 98 289 273; 132 98 289 273; 

9\10_264977628_cde9f779bc.jpg
400 300
126 77 292 264; 120 18 291 282; 141 99 280 238; 130 78 290 265; 119 94 289 257; 118 21 291 266; 130 78 290 265; 130 80 290 265; 130 78 290 265; 

9\10_265627532_6350797cbb.jpg
400 300
62 78 340 224; 72 79 341 225; 71 79 342 225; 70 78 346 222; 66 77 335 218; 71 79 350 224; 70 78 346 222; 70 78 351 222; 70 78 346 222; 

9\10_265870892_766e28e379.jpg
400 308
114 14 310 297; 114 15 314 300; 114 17 311 298; 154 17 266 136; 104 20 316 302; 116 16 312 298; 154 17 266 136; 115 17 313 298; 154 17 266 136; 

9\10_265917413_40738f7de1.jpg
266 400
55 208 138 330; 61 208 139 331; 55 210 137 324; 54 209 138 331; 48 198 148 332; 57 209 138 329; 54 207 138 331; 54 209 138 331; 54 207 138 331; 

9\10_266085492_354fea0ae0.jpg
373 400
114 106 308 386; 116 104 313 394; 118 102 310 390; 116 104 311 389; 101 94 325 394; 116 102 310 390; 116 104 311 389; 116 104 311 389; 116 104 311 389; 

9\10_266284290_829ababfdb.jpg
400 299
102 14 308 298; 96 14 310 299; 98 15 307 299; 100 14 312 299; 98 14 318 298; 99 13 310 299; 100 14 312 299; 100 13 310 299; 100 14 312 299; 

9\10_266448508_94af676059.jpg
264 400
38 78 195 330; 4 78 201 386; 4 82 192 380; 4 79 195 382; 25 92 203 380; 5 80 194 382; 117 79 194 158; 4 82 195 382; 4 79 195 382; 

9\10_266501049_f8f3228c06.jpg
400 300
148 14 295 298; 149 14 296 301; 150 15 294 299; 172 35 293 214; 137 18 293 281; 149 17 292 301; 172 35 293 214; 151 16 293 300; 172 35 293 214; 

9\10_266505582_b6bea7d285.jpg
400 300
182 6 351 266; 182 2 355 299; 183 3 354 298; 199 5 301 137; 183 8 350 280; 182 4 354 299; 199 5 301 118; 183 5 354 299; 199 5 301 137; 

9\10_266618383_e120335223.jpg
300 400
95 102 214 303; 92 102 215 306; 96 101 215 304; 97 102 216 303; 86 102 222 298; 96 102 216 305; 97 102 216 303; 97 102 216 303; 97 102 216 303; 

9\10_266623585_51b4e13abb.jpg
266 400
22 79 198 328; 22 77 211 384; 23 78 211 382; 54 77 116 157; 18 77 183 380; 22 78 211 382; 54 77 116 157; 22 77 212 383; 54 77 116 157; 

9\10_266684747_d96b086291.jpg
400 265
86 36 292 232; 86 37 294 245; 90 37 290 242; 89 38 291 246; 103 39 295 238; 87 38 291 243; 89 38 291 246; 89 38 291 246; 89 38 291 246; 

9\10_266685287_18eb05146e.jpg
400 265
78 58 254 262; 77 61 254 266; 77 62 254 265; 78 61 254 266; 82 56 248 260; 78 62 254 266; 78 61 254 266; 78 61 254 266; 78 61 254 266; 

9\10_266685774_034585ce2d.jpg
400 265
86 32 284 252; 83 35 288 266; 86 35 285 260; 85 34 285 261; 102 34 295 244; 86 34 284 259; 85 34 285 261; 85 34 285 261; 85 34 285 261; 

9\10_266691786_6d0cd9edb2.jpg
265 400
28 94 222 300; 2 94 221 400; 1 94 219 304; 84 93 174 210; 30 96 208 400; 1 93 222 400; 84 93 174 210; 2 93 231 399; 84 93 174 210; 

9\10_266773213_3f861ca816.jpg
265 400
85 46 178 350; 86 48 182 384; 92 47 180 350; 87 49 178 383; 82 49 206 378; 86 47 181 384; 94 49 164 116; 87 49 178 383; 94 49 164 126; 

9\10_266774009_d85fd2d1cb.jpg
400 265
170 12 316 262; 107 2 354 266; 172 14 268 214; 175 14 270 159; 135 19 325 262; 170 11 270 211; 175 14 269 148; 175 12 268 149; 175 14 270 159; 

9\10_266774040_f40061481f.jpg
400 265
116 8 283 262; 115 6 283 266; 116 7 283 266; 133 7 250 130; 114 10 283 263; 117 7 282 265; 133 7 250 130; 118 7 282 265; 133 7 250 130; 

9\10_266809441_93200a116b.jpg
400 400
210 189 323 346; 210 192 323 354; 212 194 324 353; 212 193 323 359; 206 196 341 363; 211 193 323 355; 212 193 323 359; 212 193 323 359; 212 193 323 359; 

9\10_266939706_4c0698df47.jpg
400 300
28 113 382 242; 30 113 381 241; 30 114 381 235; 30 113 381 243; 30 107 381 255; 30 114 382 241; 30 113 381 243; 30 113 381 243; 30 113 381 243; 

9\10_266943402_f88493c435.jpg
400 266
82 105 328 198; 85 110 325 200; 85 110 327 192; 85 110 327 196; 78 112 325 202; 85 108 326 192; 85 110 327 196; 85 110 327 196; 85 110 327 196; 

9\10_266985450_6d8e8f730d.jpg
400 300
68 68 336 262; 66 66 349 263; 80 70 348 260; 86 68 346 262; 78 74 346 255; 89 70 346 261; 86 68 346 262; 86 68 346 262; 86 68 346 262; 

9\10_266996498_e98c27d9fa.jpg
300 400
52 22 212 338; 50 21 215 389; 51 22 212 383; 50 22 214 387; 42 23 210 384; 52 21 215 385; 50 22 214 387; 50 22 214 387; 50 22 214 387; 

9\10_266996502_b334ade588.jpg
267 400
96 54 196 288; 63 54 225 400; 74 57 225 390; 62 54 193 216; 69 56 238 381; 62 54 225 400; 62 54 193 216; 62 54 194 216; 62 54 193 216; 

9\10_267001913_e22cf985d5.jpg
400 300
119 19 322 244; 115 18 328 255; 115 19 323 254; 117 19 324 274; 112 19 330 265; 116 18 325 254; 146 19 260 130; 117 19 324 274; 146 19 260 133; 

9\10_267014693_4f1ee75c4a.jpg
400 266
73 73 350 230; 72 70 350 229; 70 75 349 226; 70 74 349 234; 60 75 348 234; 70 74 350 229; 70 74 349 234; 70 74 349 234; 70 74 349 234; 

9\10_267183829_e8538b16ff.jpg
400 266
136 66 266 264; 141 69 266 266; 140 70 264 266; 139 70 265 266; 122 74 275 254; 139 70 266 266; 139 70 265 266; 139 70 265 266; 139 70 265 266; 

9\10_267183852_ce52f4236d.jpg
400 266
99 76 374 192; 72 80 398 202; 74 79 398 201; 74 78 399 202; 82 79 388 198; 74 79 400 199; 74 78 399 202; 74 78 399 202; 74 78 399 202; 

9\10_267283020_efc5754cec.jpg
400 260
37 72 358 237; 35 72 355 237; 36 71 352 223; 36 72 354 238; 34 70 351 229; 35 71 353 236; 36 72 354 238; 36 72 354 238; 36 72 354 238; 

9\10_267294594_3ac14453d8.jpg
400 300
92 62 362 258; 93 65 363 262; 91 67 359 251; 91 66 360 262; 89 61 363 250; 90 66 362 261; 91 66 360 262; 91 66 360 262; 91 66 360 262; 

9\10_267300600_05f6c6fee6.jpg
400 303
38 42 278 271; 43 42 275 238; 42 43 275 264; 42 42 276 263; 33 46 275 251; 42 44 276 262; 42 42 276 263; 42 42 276 263; 42 42 276 263; 

9\10_267300813_22fcf61089.jpg
400 297
49 141 385 266; 51 146 390 267; 51 149 394 255; 50 147 394 254; 58 138 370 254; 50 147 378 266; 50 147 394 254; 50 147 394 254; 50 147 394 254; 

9\10_267303537_2872e24990.jpg
285 400
102 147 186 274; 104 152 186 261; 106 153 184 253; 105 151 186 257; 98 150 194 262; 104 152 185 258; 105 151 186 257; 105 151 186 257; 105 151 186 257; 

9\10_267303541_20c1da051c.jpg
400 388
34 77 250 294; 29 82 250 296; 34 81 248 294; 36 81 248 294; 27 81 254 298; 34 79 247 295; 36 81 248 294; 36 81 248 294; 36 81 248 294; 

9\10_267311260_f18be257e2.jpg
300 400
56 80 234 346; 57 83 234 349; 58 85 236 350; 58 84 236 351; 60 83 246 348; 56 83 234 350; 58 84 236 351; 58 84 236 351; 58 84 236 351; 

9\10_267393563_c72e472e3c.jpg
400 300
90 86 342 240; 96 81 344 258; 94 81 341 258; 96 79 341 258; 85 90 342 253; 94 79 341 258; 96 79 341 258; 96 79 341 258; 96 79 341 258; 

9\10_267412727_1727822888.jpg
400 266
73 52 302 226; 77 53 299 222; 75 59 300 223; 78 59 300 223; 78 60 304 215; 74 58 301 224; 78 59 300 223; 78 59 300 223; 78 59 300 223; 

9\10_267451067_221b5decc7.jpg
400 299
64 42 356 247; 67 42 357 246; 138 68 292 198; 66 42 358 245; 78 46 346 240; 90 42 358 232; 66 42 358 245; 66 43 358 245; 66 42 358 245; 

9\10_267463817_50230632ce.jpg
400 300
84 40 260 258; 102 39 259 255; 163 42 207 182; 101 39 258 254; 103 41 282 246; 102 39 260 254; 101 39 258 254; 101 39 258 254; 101 39 258 254; 

9\10_267466377_0af5d33261.jpg
400 342
52 46 312 294; 48 46 317 301; 51 50 314 298; 49 46 318 301; 54 46 311 294; 50 47 318 298; 49 46 318 301; 49 46 318 301; 49 46 318 301; 

9\10_267466379_f8bbb5fcc8.jpg
340 400
104 48 294 354; 126 50 297 365; 123 50 297 358; 125 50 296 366; 107 49 306 352; 126 50 298 364; 125 50 296 366; 125 50 296 366; 125 50 296 366; 

9\10_267496810_ea8700bc19.jpg
400 256
136 76 226 172; 139 78 226 171; 140 78 226 168; 142 77 226 169; 134 73 235 178; 141 78 226 170; 142 77 226 169; 142 77 226 169; 142 77 226 169; 

9\10_267551886_bddb4ac4b6.jpg
400 300
134 53 350 238; 27 52 355 299; 135 69 355 252; 135 52 286 201; 106 73 362 278; 135 52 286 204; 135 52 291 202; 26 54 354 300; 135 52 352 254; 

9\10_267558735_68fd4bd891.jpg
400 300
148 34 338 190; 149 39 336 204; 150 41 337 202; 149 39 338 203; 139 33 354 200; 150 40 336 203; 149 39 338 203; 149 39 338 203; 149 39 338 203; 

9\10_267561242_d29d940853.jpg
400 300
106 47 294 257; 109 49 298 270; 159 48 222 182; 158 47 222 177; 102 46 312 265; 109 48 298 266; 158 47 222 177; 110 47 297 266; 158 47 222 177; 

9\10_267640333_d68dd4aa2e.jpg
400 266
24 80 371 217; 25 81 368 223; 131 23 194 100; 24 82 368 222; 19 75 370 225; 24 80 366 222; 24 82 368 222; 24 82 368 222; 24 82 368 222; 

9\10_267661663_55aa54cc71.jpg
400 266
58 75 354 222; 90 79 354 210; 89 80 352 212; 58 79 353 241; 86 77 352 229; 58 79 353 229; 58 79 353 241; 58 79 353 241; 58 79 353 241; 

9\10_267687096_fc062d2623.jpg
268 400
62 97 208 322; 58 96 206 334; 115 96 183 181; 59 98 206 337; 58 95 215 335; 59 98 202 334; 59 98 206 337; 59 98 206 337; 59 98 206 337; 

9\10_267687692_468e936114.jpg
400 266
4 38 200 188; 36 39 202 179; 37 40 192 170; 36 39 200 181; 31 39 206 177; 37 38 199 178; 36 39 200 181; 36 39 200 181; 36 39 200 181; 

9\10_267687863_2b911db6b9.jpg
400 232
46 58 258 194; 48 58 258 166; 46 58 257 166; 47 58 258 169; 42 56 258 175; 48 59 258 166; 47 58 258 169; 47 58 258 169; 47 58 258 169; 

9\10_267688089_a88a46dd9d.jpg
400 266
30 66 235 223; 30 63 230 206; 44 95 229 201; 45 94 229 206; 43 92 241 206; 46 94 230 205; 45 94 229 206; 45 94 229 206; 45 94 229 206; 

9\10_267688590_6ab2c60659.jpg
400 266
6 25 255 208; 41 23 255 198; 39 28 251 185; 39 27 254 196; 37 29 267 208; 40 26 254 198; 39 27 254 196; 39 27 254 196; 39 27 254 196; 

9\10_267688716_d3bfd5e5ec.jpg
400 266
82 80 310 218; 86 84 314 202; 84 84 314 205; 85 86 314 204; 78 85 319 208; 83 83 314 204; 85 86 314 204; 85 86 314 204; 85 86 314 204; 

9\10_267688742_7cf79bd0bd.jpg
400 266
165 76 336 216; 169 77 336 217; 168 118 294 212; 168 78 337 214; 162 111 311 212; 170 119 294 214; 168 120 294 214; 169 78 337 214; 168 81 337 214; 

9\10_267688939_7a331af52c.jpg
400 266
98 106 358 206; 100 106 361 204; 99 105 358 205; 99 106 359 204; 95 102 366 223; 100 106 359 205; 99 106 359 204; 99 106 359 204; 99 106 359 204; 

9\10_267689043_8ed546e74e.jpg
400 266
74 100 346 208; 76 102 346 208; 74 102 346 206; 74 102 348 209; 72 90 356 225; 74 102 347 207; 74 102 348 209; 74 102 348 209; 74 102 348 209; 

9\10_267689095_cc345739aa.jpg
400 266
20 12 270 206; 38 41 188 193; 37 42 190 195; 38 39 194 199; 39 39 206 200; 38 39 194 198; 38 39 194 199; 38 40 194 199; 38 39 194 199; 

9\10_267689217_5f9b7de27c.jpg
400 278
46 39 310 246; 48 42 310 238; 48 44 310 242; 49 44 310 242; 39 31 306 246; 47 42 311 242; 49 44 310 242; 49 44 310 242; 49 44 310 242; 

9\10_267689464_3dd591c84a.jpg
400 266
54 98 256 220; 54 98 255 218; 54 98 255 216; 54 97 255 212; 40 89 269 222; 54 97 254 213; 54 97 255 212; 54 97 255 212; 54 97 255 212; 

9\10_267690183_224c509150.jpg
400 266
119 116 318 241; 121 116 319 242; 121 118 318 234; 120 116 319 241; 108 111 330 242; 120 118 318 239; 120 116 319 241; 120 116 319 241; 120 116 319 241; 

9\10_267690371_4874327dcc.jpg
400 266
64 102 252 213; 62 106 208 212; 64 108 208 212; 61 106 207 212; 58 102 215 215; 62 106 209 210; 61 106 207 212; 61 106 207 212; 61 106 207 212; 

9\10_267692916_7a63f7888f.jpg
400 328
46 34 358 277; 47 34 294 287; 122 35 220 159; 46 35 370 286; 43 35 354 291; 46 35 370 287; 46 35 370 286; 46 35 370 286; 46 35 370 286; 

9\10_267692977_62b9a260bb.jpg
400 322
34 38 364 280; 34 35 290 285; 109 36 212 154; 36 34 370 284; 42 38 356 280; 35 35 368 283; 36 34 370 284; 36 34 370 284; 36 34 370 284; 

9\10_267693197_b9d8dd822d.jpg
400 323
38 28 330 286; 36 26 300 282; 114 26 208 154; 35 26 374 287; 35 29 374 274; 36 26 375 286; 35 26 374 287; 35 26 374 287; 35 26 374 287; 

9\10_267693240_8ce8970324.jpg
400 315
48 30 322 270; 48 32 298 268; 118 33 210 153; 48 32 366 269; 37 31 358 265; 48 32 362 269; 48 32 366 269; 48 32 366 269; 48 32 366 269; 

9\10_267693798_74248c315b.jpg
273 400
28 33 222 320; 24 34 222 329; 91 34 166 184; 22 34 221 326; 42 22 233 322; 24 34 221 328; 22 34 221 326; 22 34 221 326; 22 34 221 326; 

9\10_267693828_c8c86c50e0.jpg
306 400
46 33 271 328; 39 36 274 346; 102 39 177 193; 39 37 273 349; 25 39 266 314; 39 37 271 345; 39 37 273 349; 39 37 273 349; 39 37 273 349; 

9\10_267744690_ac99310c04.jpg
400 300
100 46 332 258; 86 46 340 267; 130 60 301 251; 130 59 301 254; 87 50 350 265; 128 60 300 250; 130 59 301 254; 130 59 301 254; 130 59 301 254; 

9\10_267767008_59aabbd596.jpg
400 300
9 94 362 272; 9 96 362 267; 9 96 362 252; 8 95 362 272; 6 92 369 269; 9 96 363 272; 8 95 362 272; 8 95 362 272; 8 95 362 272; 

9\10_267778234_50c3b2c18d.jpg
400 300
150 78 280 218; 145 80 284 238; 148 81 281 222; 150 80 281 240; 139 82 290 257; 150 80 281 238; 150 80 281 240; 150 80 281 240; 150 80 281 240; 

9\10_267779210_3d38f9a927.jpg
400 300
170 114 294 263; 167 117 342 261; 170 116 340 258; 167 114 343 261; 171 117 312 250; 167 117 342 262; 167 114 343 261; 167 114 343 261; 167 114 343 261; 

9\10_267780676_e2346e581a.jpg
400 300
102 60 240 240; 106 62 257 242; 104 62 243 242; 106 63 239 242; 94 56 246 229; 106 62 238 242; 106 63 239 242; 106 63 239 242; 106 63 239 242; 

9\10_267781157_7f33392f45.jpg
300 400
79 140 268 283; 80 140 266 282; 81 142 265 282; 80 143 267 280; 78 142 277 288; 81 142 265 279; 80 143 267 280; 80 143 267 280; 80 143 267 280; 

9\10_267781192_ae29cb453b.jpg
300 400
62 140 209 300; 62 142 213 303; 63 142 210 301; 62 141 210 303; 63 142 214 313; 64 141 211 302; 62 141 210 303; 62 141 210 303; 62 141 210 303; 

9\10_267781224_2039c2b3fb.jpg
300 400
42 115 192 281; 40 118 190 281; 42 120 189 278; 42 117 189 278; 50 115 194 285; 42 118 190 278; 42 117 189 278; 42 117 189 278; 42 117 189 278; 

9\10_267781270_9648a04e83.jpg
300 400
62 101 229 360; 62 102 228 366; 64 104 225 360; 64 102 230 366; 59 97 250 358; 63 102 229 366; 64 102 230 366; 64 102 230 366; 64 102 230 366; 

9\10_267781788_2765356aeb.jpg
300 400
42 158 178 301; 45 163 176 304; 46 165 174 305; 44 164 175 306; 50 162 184 313; 46 165 174 302; 44 164 175 306; 44 164 175 306; 44 164 175 306; 

9\10_267782373_d2cbfb0560.jpg
400 300
55 93 319 214; 58 93 314 218; 58 96 314 216; 58 92 314 218; 45 85 289 225; 57 93 314 218; 58 92 314 218; 58 92 314 218; 58 92 314 218; 

9\10_267782444_2e0050ebd9.jpg
400 300
8 106 330 294; 1 107 327 298; 0 108 328 289; 1 108 328 299; 4 103 343 283; 2 106 329 299; 1 108 328 299; 1 108 328 299; 1 108 328 299; 

9\10_267782578_6f209f0815.jpg
400 265
148 72 224 245; 148 73 223 246; 150 73 223 245; 150 72 223 247; 138 73 237 238; 150 72 222 245; 150 72 223 247; 150 72 223 247; 150 72 223 247; 

9\10_267787440_0399594cbe.jpg
285 400
82 128 186 256; 67 129 183 374; 68 132 179 375; 69 130 181 378; 49 123 183 314; 69 130 177 374; 69 130 181 378; 69 130 181 378; 69 130 181 378; 

9\10_267787613_cd71b51421.jpg
262 400
0 96 252 295; 21 97 168 249; 20 98 258 244; 22 98 258 258; 22 93 162 252; 25 97 256 248; 98 98 169 156; 22 98 260 262; 22 98 258 258; 

9\10_267795560_bcae5fb9db.jpg
400 265
148 16 268 220; 148 18 269 236; 147 18 269 218; 147 18 267 234; 141 18 279 230; 147 17 268 236; 147 18 267 234; 147 18 267 234; 147 18 267 234; 

9\10_267800563_c521d904fa.jpg
400 267
162 92 230 263; 162 94 231 267; 160 94 235 264; 160 95 233 267; 14 7 378 254; 162 95 232 263; 160 95 233 267; 159 95 233 267; 160 95 233 267; 

9\10_267803933_d803fdcaea.jpg
320 400
106 32 248 343; 114 32 260 384; 114 34 237 292; 117 32 237 306; 105 29 275 338; 115 32 234 304; 117 32 237 306; 117 32 237 306; 117 32 237 306; 

9\10_267849716_999316bd5f.jpg
265 400
72 44 228 394; 74 51 228 400; 74 52 230 302; 75 50 230 398; 60 52 225 375; 73 52 230 400; 103 50 182 153; 75 50 230 398; 103 50 182 153; 

9\10_267907104_92b81c94cd.jpg
400 266
51 66 291 240; 19 67 294 186; 67 67 291 187; 19 66 293 184; 62 58 273 221; 18 66 292 188; 180 66 293 132; 19 67 293 184; 19 66 293 184; 

9\10_267920434_fbb13ef558.jpg
400 266
51 74 321 198; 51 78 321 193; 46 78 319 194; 46 78 320 194; 38 67 327 207; 44 77 321 194; 46 78 320 194; 46 78 320 194; 46 78 320 194; 

9\10_267921452_ed232ffb29.jpg
400 266
35 90 311 215; 36 90 313 212; 35 92 313 210; 35 91 314 213; 42 93 334 218; 37 91 314 214; 35 91 314 213; 35 91 314 213; 35 91 314 213; 

9\10_267923236_a7d4c3971f.jpg
400 300
66 96 204 186; 65 94 205 184; 66 97 203 184; 66 95 205 186; 57 96 219 198; 66 95 204 188; 66 95 205 186; 66 95 205 186; 66 95 205 186; 

9\10_267935839_30e321dbe5.jpg
266 400
6 18 173 166; 6 22 93 218; 6 22 92 148; 6 21 94 218; 5 27 110 169; 5 22 94 154; 6 21 93 153; 2 2 93 242; 6 21 94 218; 

9\10_267942018_4013a57095.jpg
400 300
46 56 386 274; 49 56 384 279; 45 58 382 278; 46 56 385 281; 42 51 374 277; 46 56 386 280; 46 56 385 281; 46 56 385 281; 46 56 385 281; 

9\10_267960073_30075b5290.jpg
400 361
108 75 355 277; 110 82 359 270; 110 82 358 268; 109 83 362 321; 100 81 350 267; 110 81 359 266; 109 83 362 321; 109 83 362 321; 109 83 362 321; 

9\10_267974667_352a19b37e.jpg
315 400
52 110 215 336; 51 174 218 337; 66 216 209 333; 64 218 208 335; 37 85 230 325; 52 185 218 336; 64 218 208 335; 64 218 218 335; 64 218 208 335; 

9\10_267974673_5cd8c01d05.jpg
280 400
6 126 184 320; 3 128 144 275; 6 125 145 276; 3 125 143 276; 10 126 208 307; 2 125 142 275; 3 125 143 276; 3 125 143 276; 3 125 143 276; 

9\10_267975486_b9cd08a46f.jpg
400 364
112 71 282 276; 111 72 353 338; 111 74 352 338; 110 74 352 338; 98 66 345 332; 109 73 351 338; 110 74 352 338; 110 74 352 338; 110 74 352 338; 

9\10_267976432_b4e9429cff.jpg
400 266
2 16 262 262; 135 1 262 141; 134 4 260 142; 135 3 262 138; 18 22 262 246; 136 2 262 138; 135 3 262 138; 2 3 262 266; 135 3 262 138; 

9\10_267976435_62994d7dbe.jpg
400 266
34 43 302 255; 105 52 318 228; 154 54 252 166; 11 37 255 178; 9 37 306 226; 9 39 254 178; 11 37 255 178; 2 37 255 178; 11 37 255 178; 

9\10_267987584_e90efadcf1.jpg
400 300
108 52 276 234; 106 53 276 237; 110 54 275 236; 106 53 277 237; 106 54 282 238; 107 54 276 236; 106 53 277 237; 106 53 277 237; 106 53 277 237; 

9\10_268001653_da15cc1bb1.jpg
400 266
52 46 258 182; 41 48 258 212; 47 48 258 204; 42 47 259 212; 41 48 260 200; 42 47 259 211; 42 47 259 212; 42 47 259 212; 42 47 259 212; 

9\10_268001846_db119074c8.jpg
400 266
78 16 312 226; 77 17 313 227; 78 18 314 226; 78 18 313 223; 75 24 317 227; 78 18 313 224; 78 18 313 223; 78 18 313 223; 78 18 313 223; 

9\10_268008679_05d9f1e40f.jpg
400 266
70 32 248 252; 66 30 263 266; 64 34 254 265; 63 30 255 266; 66 35 262 238; 65 33 258 266; 63 30 255 266; 63 30 255 266; 63 30 255 266; 

9\10_268012766_eba8915621.jpg
400 300
80 129 272 218; 73 129 274 216; 74 131 271 219; 77 129 272 217; 74 121 285 225; 76 127 273 217; 77 129 272 217; 77 129 272 217; 77 129 272 217; 

9\10_268012886_472fbedb54.jpg
266 400
104 156 190 266; 106 154 183 306; 106 155 182 243; 104 154 184 245; 89 144 203 303; 108 154 182 242; 104 154 184 245; 104 154 184 245; 104 154 184 245; 

9\10_268014269_0353776d28.jpg
400 266
136 76 254 188; 138 76 246 185; 138 76 244 183; 138 75 245 184; 134 77 252 185; 136 76 246 184; 138 75 245 184; 138 75 245 184; 138 75 245 184; 

9\10_268014760_9676395938.jpg
400 300
122 14 368 296; 157 13 374 243; 157 14 373 242; 157 12 373 242; 134 17 371 238; 157 14 373 242; 157 12 373 242; 157 12 373 242; 157 12 373 242; 

9\10_268014977_b47bfb117d.jpg
400 290
162 58 286 170; 159 58 288 172; 161 60 288 172; 161 58 287 171; 162 62 300 182; 161 59 286 171; 161 58 287 171; 161 58 287 171; 161 58 287 171; 

9\10_268015474_2bd515353c.jpg
400 397
89 38 226 346; 86 26 240 390; 88 26 238 350; 89 27 240 394; 98 23 262 352; 87 25 240 393; 89 27 240 394; 89 27 240 394; 89 27 240 394; 

9\10_268023025_784a1ec774.jpg
400 300
92 0 236 244; 125 5 239 240; 85 0 238 240; 84 1 238 242; 105 7 237 242; 85 1 238 244; 84 1 238 242; 84 1 238 242; 84 1 238 242; 

9\10_268026286_c48d28c944.jpg
400 270
54 24 228 264; 38 18 228 264; 55 21 226 155; 46 25 230 265; 45 32 244 262; 40 19 230 265; 58 25 229 154; 46 25 230 265; 58 25 229 154; 

9\10_268032800_bfc9cd4caf.jpg
400 300
120 4 262 262; 119 10 265 270; 119 6 265 268; 120 7 263 267; 119 8 282 273; 119 8 267 270; 130 7 258 98; 120 7 263 267; 130 7 258 98; 

9\10_268033410_d278ddd024.jpg
400 295
126 56 258 163; 118 54 289 171; 118 56 286 170; 118 53 288 171; 110 55 285 178; 118 54 286 171; 118 53 288 171; 118 53 286 171; 118 53 288 171; 

9\10_268037364_97cb639b9e.jpg
400 266
32 18 262 230; 28 19 263 214; 30 21 262 217; 27 20 262 258; 14 18 258 250; 27 21 261 262; 27 20 262 258; 27 20 262 258; 27 20 262 258; 

9\10_268050666_fd8484795a.jpg
266 400
26 42 210 310; 22 39 214 356; 26 41 210 353; 24 39 212 354; 18 39 204 351; 26 39 213 354; 102 39 158 111; 24 39 212 354; 102 39 158 116; 

9\10_268051804_e75c8bd959.jpg
400 298
72 8 337 255; 74 1 345 295; 75 2 340 294; 75 2 340 298; 70 6 330 286; 75 0 341 298; 75 2 340 298; 75 2 340 298; 75 2 340 298; 

9\10_268067924_c212238b2b.jpg
400 300
27 67 376 219; 26 66 375 215; 31 66 374 207; 26 64 374 219; 34 58 375 234; 28 66 375 219; 26 64 374 219; 26 64 374 219; 26 64 374 219; 

9\10_268077139_f4250e6df3.jpg
400 266
66 27 234 258; 66 22 236 262; 102 22 234 163; 67 22 236 260; 70 31 235 259; 68 22 235 261; 101 22 236 170; 67 22 236 260; 101 22 236 198; 

9\10_268087093_7d2ebb8690.jpg
400 266
38 84 182 191; 38 87 186 189; 37 87 186 166; 38 88 185 188; 38 82 191 188; 38 86 186 187; 38 88 185 188; 38 88 185 188; 38 88 185 188; 

9\10_268090450_7103d5475d.jpg
400 266
134 37 350 184; 137 38 353 170; 137 40 351 178; 135 38 351 186; 130 42 342 182; 135 38 351 185; 135 38 351 186; 135 38 351 186; 135 38 351 186; 

9\10_268092274_58b19335ec.jpg
291 400
66 122 211 280; 65 124 212 284; 66 128 213 278; 64 126 217 281; 57 123 228 274; 62 123 215 279; 64 126 217 281; 64 126 217 281; 64 126 217 281; 

9\10_268095200_956217bde8.jpg
400 266
54 62 312 214; 55 64 311 211; 54 64 309 201; 55 64 311 210; 58 60 316 210; 53 65 311 213; 55 64 311 210; 55 64 311 210; 55 64 311 210; 

9\10_268096162_0b812ff56c.jpg
400 266
90 57 349 202; 93 70 351 199; 93 70 349 198; 92 70 350 199; 85 64 342 208; 93 70 350 201; 92 70 350 199; 92 70 350 199; 92 70 350 199; 

9\10_268101001_cb023c75dc.jpg
400 266
130 66 262 262; 132 67 260 266; 132 67 258 266; 133 66 259 266; 118 64 258 250; 133 66 259 266; 133 66 259 266; 133 66 259 266; 133 66 259 266; 

9\10_268113688_6486df5217.jpg
400 266
58 82 262 196; 58 81 259 202; 60 82 258 184; 61 82 256 188; 54 77 263 189; 62 82 259 188; 61 82 256 188; 61 82 256 188; 61 82 256 188; 

9\10_268118418_3053caa1d7.jpg
400 266
110 98 230 214; 114 102 230 210; 114 100 229 210; 113 100 230 210; 104 98 231 211; 113 100 229 213; 113 100 230 210; 113 100 230 210; 113 100 230 210; 

9\10_268121720_f0d8c64b88.jpg
400 266
114 90 254 158; 113 87 256 160; 115 89 255 158; 114 87 255 158; 110 87 262 170; 113 89 256 158; 114 87 255 158; 114 87 255 158; 114 87 255 158; 

9\10_268122508_c361b4db6c.jpg
400 300
76 96 226 190; 109 106 227 190; 110 106 225 189; 109 106 226 190; 94 94 238 198; 109 106 226 190; 109 106 226 190; 109 106 226 190; 109 106 226 190; 

9\10_268127478_dfb1265d0a.jpg
266 400
74 65 206 375; 80 67 206 372; 59 68 206 374; 70 66 205 372; 70 73 222 359; 70 68 206 373; 70 66 205 372; 70 66 205 372; 70 66 205 372; 

9\10_268129990_04e858de05.jpg
400 300
98 51 346 246; 93 54 338 229; 128 56 340 218; 93 57 338 222; 20 65 352 253; 93 58 338 225; 126 57 232 152; 93 57 338 222; 93 57 338 222; 

9\10_268131111_8fbe13baef.jpg
400 300
64 53 398 244; 61 49 400 266; 63 50 399 264; 61 50 278 214; 70 61 393 257; 63 50 400 264; 61 50 276 213; 61 50 400 262; 61 50 276 213; 

9\10_268132722_ee1448d776.jpg
300 400
132 47 282 263; 128 47 282 348; 130 50 281 348; 130 50 280 348; 119 42 281 344; 131 47 281 348; 130 50 280 348; 130 50 280 348; 130 50 280 348; 

9\10_268136909_f2dc3bee43.jpg
400 300
16 64 311 220; 3 62 308 248; 1 66 306 247; 2 61 308 247; 8 59 306 243; 4 59 309 247; 2 61 308 247; 2 61 308 247; 2 61 308 247; 

9\10_268139713_919734cac6.jpg
400 300
54 50 226 272; 64 49 227 273; 66 50 226 271; 66 47 228 270; 49 44 235 269; 67 48 228 271; 66 47 228 270; 66 47 228 270; 66 47 228 270; 

9\10_268139718_1a9192a52e.jpg
285 400
23 94 225 303; 17 97 271 347; 18 96 272 345; 16 96 273 345; 12 87 263 341; 17 95 274 348; 16 96 273 345; 16 96 273 345; 16 96 273 345; 

9\10_268142756_1007aab622.jpg
300 400
130 204 268 388; 131 207 270 390; 131 206 271 390; 131 205 270 390; 126 208 270 382; 132 206 270 390; 131 205 270 390; 131 205 270 390; 131 205 270 390; 

9\10_268145469_9c89086dd8.jpg
400 300
122 85 280 234; 118 87 287 235; 120 86 286 235; 122 87 286 235; 110 80 298 247; 121 87 286 236; 122 87 286 235; 122 87 286 235; 122 87 286 235; 

9\10_268146459_503a3645fe.jpg
400 357
120 96 374 330; 119 97 374 330; 120 99 374 330; 121 97 373 330; 107 103 376 345; 120 98 374 330; 121 97 373 330; 121 97 373 330; 121 97 373 330; 

9\10_268148358_2c990817e2.jpg
400 300
152 54 324 293; 154 59 330 299; 154 61 328 299; 154 58 330 299; 146 59 330 292; 154 60 330 299; 154 58 330 299; 154 58 330 299; 154 58 330 299; 

9\10_268150486_bc129aa419.jpg
300 400
118 140 226 320; 118 138 226 319; 118 139 226 319; 121 139 225 322; 107 135 227 313; 119 136 226 321; 121 139 225 322; 121 139 225 322; 121 139 225 322; 

9\10_268155424_8f0e352947.jpg
400 300
154 68 235 232; 154 70 239 231; 154 69 238 230; 155 69 237 232; 148 71 245 228; 155 69 237 230; 155 69 237 232; 155 69 237 232; 155 69 237 232; 

9\10_268155490_7dbe72fa01.jpg
400 300
109 36 278 225; 105 35 274 230; 107 34 274 227; 106 34 274 227; 97 32 274 224; 106 36 273 226; 106 34 274 227; 106 34 274 227; 106 34 274 227; 

9\10_268158274_128ba8610b.jpg
299 399
42 66 274 266; 44 69 273 269; 42 68 274 269; 41 69 273 269; 38 74 277 288; 43 67 272 267; 41 69 273 269; 41 69 273 269; 41 69 273 269; 

9\10_268167124_b277130727.jpg
400 300
23 96 358 238; 25 97 362 254; 26 98 358 254; 26 98 363 254; 33 88 352 250; 22 98 359 254; 26 98 363 254; 26 98 363 254; 26 98 363 254; 

9\10_268167939_2e6847d767.jpg
400 300
58 20 309 246; 60 22 305 238; 86 22 272 243; 58 22 305 242; 66 17 314 238; 59 23 272 245; 58 22 272 242; 58 22 305 242; 58 22 272 242; 

9\10_268168007_aba64bbe7a.jpg
400 266
74 59 309 248; 70 58 308 250; 71 58 309 250; 69 57 310 252; 74 54 312 250; 70 58 308 250; 69 57 310 252; 69 57 310 252; 69 57 310 252; 

9\10_268168010_d3852a2e6e.jpg
400 300
76 10 293 220; 73 10 334 211; 78 12 332 212; 76 14 332 210; 74 13 337 219; 75 11 236 209; 76 14 332 210; 76 14 332 210; 76 14 332 210; 

9\10_268168390_affe478866.jpg
238 399
22 20 215 220; 22 18 217 238; 24 19 217 225; 22 20 217 221; 17 8 225 242; 24 19 217 222; 22 20 217 221; 22 20 217 221; 22 20 217 221; 

9\10_268169446_590c2cc58e.jpg
400 314
138 68 358 215; 130 71 375 276; 130 72 374 224; 130 71 375 278; 126 66 363 276; 132 72 376 281; 130 71 375 278; 130 71 375 278; 130 71 375 278; 

9\10_268171006_3b22a27896.jpg
300 400
70 122 202 246; 71 122 200 313; 74 124 201 246; 70 122 201 314; 58 116 200 298; 72 123 200 315; 70 122 201 215; 70 122 201 314; 70 122 201 250; 

9\10_268171623_00e193c516.jpg
400 266
148 36 278 230; 137 38 286 234; 138 38 285 235; 137 37 286 234; 141 35 286 226; 134 38 286 236; 137 37 286 234; 137 37 286 234; 137 37 286 234; 

9\10_268172530_e440f57dcb.jpg
400 375
128 68 280 367; 127 70 278 370; 127 71 276 370; 127 68 278 370; 126 62 290 358; 126 70 277 370; 127 68 278 370; 127 68 278 370; 127 68 278 370; 

9\10_268173785_ddf856ecf5.jpg
283 400
98 128 199 284; 102 128 200 313; 101 129 199 310; 98 128 200 311; 92 126 200 310; 98 127 200 312; 98 128 200 311; 98 128 200 311; 98 128 200 311; 

9\10_268179190_1a6efc3d39.jpg
300 400
38 76 216 374; 33 76 218 378; 44 145 216 378; 45 77 215 380; 26 63 238 377; 58 76 216 381; 45 77 215 380; 45 77 215 380; 45 77 215 380; 

9\10_268180917_4556a9bb75.jpg
400 400
102 46 246 346; 102 47 250 368; 102 48 250 365; 102 47 250 366; 104 48 258 364; 103 49 250 366; 102 47 250 366; 102 47 250 366; 102 47 250 366; 

9\10_268181570_6369b8852f.jpg
400 300
8 64 266 232; 1 61 266 232; 0 62 264 231; 1 60 266 233; 9 55 278 226; 2 62 264 231; 1 60 266 233; 1 60 266 233; 1 60 266 233; 

9\10_268184826_e9accb1339.jpg
400 300
108 30 288 204; 110 43 288 206; 110 44 287 206; 110 42 285 206; 97 46 302 206; 113 34 289 207; 130 42 288 158; 110 42 285 206; 110 42 285 206; 

9\10_268185248_9471d517d0.jpg
400 397
98 86 332 346; 28 88 284 347; 100 90 279 346; 98 88 281 348; 98 80 274 314; 27 89 277 348; 178 88 281 181; 30 88 281 348; 178 88 281 181; 

9\10_268186388_89489d8fdd.jpg
400 268
76 18 292 222; 79 17 294 196; 77 18 294 196; 77 17 294 195; 72 18 306 202; 77 18 293 196; 77 17 294 195; 77 17 294 195; 77 17 294 195; 

9\10_268199200_cf412367d9.jpg
400 266
82 15 304 262; 81 18 307 266; 80 18 304 266; 82 20 302 266; 81 16 306 258; 81 18 305 265; 82 20 302 266; 82 20 302 266; 82 20 302 266; 

9\10_268204981_fe60d55f2d.jpg
400 300
142 34 334 216; 144 32 330 214; 146 34 324 214; 142 37 326 213; 139 34 334 228; 145 32 328 211; 142 37 326 213; 142 37 326 213; 142 37 326 213; 

9\10_268207227_f985bd3500.jpg
400 356
58 2 308 286; 55 8 311 278; 57 8 311 300; 56 6 309 274; 50 22 319 288; 54 6 310 273; 56 6 309 274; 56 6 309 274; 56 6 309 274; 

9\10_268210168_c2c0833ec7.jpg
291 400
30 42 243 290; 15 42 246 300; 22 41 241 293; 19 40 243 299; 36 49 251 284; 22 42 241 301; 19 40 243 299; 19 40 243 299; 19 40 243 299; 

9\10_268211018_3b6c9d60fe.jpg
400 300
124 64 280 252; 122 78 286 243; 125 16 284 299; 124 78 282 242; 122 73 283 234; 126 78 284 242; 124 78 282 242; 124 78 282 242; 124 78 282 242; 

9\10_268211019_270132655c.jpg
400 300
118 92 272 216; 131 93 257 218; 121 58 271 284; 132 90 262 222; 118 81 267 224; 123 83 271 226; 132 90 262 222; 123 82 271 222; 132 90 262 222; 

9\10_268212162_6982292e19.jpg
400 266
106 96 294 196; 106 97 307 198; 107 97 306 195; 109 98 306 199; 110 92 308 182; 108 98 301 198; 109 98 306 199; 109 98 306 199; 109 98 306 199; 

9\10_268213254_f293aaba36.jpg
400 266
156 52 262 172; 156 54 313 170; 158 54 298 174; 154 56 301 178; 160 50 297 164; 156 54 295 173; 154 56 301 178; 154 56 301 178; 154 56 301 178; 

9\10_268213338_b07e31403f.jpg
400 266
90 66 206 192; 89 65 205 191; 90 66 205 189; 92 67 205 190; 87 73 206 175; 93 67 205 193; 92 67 205 190; 92 67 205 190; 92 67 205 190; 

9\10_268214583_21290bd084.jpg
400 300
76 20 268 214; 80 21 272 218; 83 21 270 219; 82 19 271 218; 76 22 266 206; 83 21 269 218; 82 19 271 218; 82 19 271 218; 82 19 271 218; 

9\10_268214893_d72f1df309.jpg
400 300
128 38 280 206; 128 40 282 210; 126 39 281 207; 126 38 282 209; 124 42 290 205; 126 41 282 210; 126 38 282 209; 126 38 282 209; 126 38 282 209; 

9\10_268217148_13cbed044f.jpg
400 212
83 29 292 149; 82 32 323 150; 82 30 322 148; 82 31 322 148; 85 30 294 154; 83 32 320 150; 82 31 322 148; 82 31 322 148; 82 31 322 148; 

9\10_268217391_a99ec26edb.jpg
400 300
72 64 384 238; 22 62 384 258; 20 64 383 254; 22 62 383 255; 64 65 373 224; 22 64 382 254; 22 62 383 255; 22 62 383 255; 22 62 383 255; 

9\10_268217543_52a2013e8c.jpg
320 400
106 15 232 296; 104 22 248 384; 104 21 246 296; 106 20 245 384; 93 19 238 284; 103 20 244 382; 106 20 245 384; 106 20 245 384; 106 20 245 384; 

9\10_268227714_a9172f0585.jpg
400 300
28 74 310 246; 25 74 313 246; 26 75 311 246; 26 74 311 245; 95 86 328 244; 25 74 312 245; 250 74 311 146; 26 74 311 245; 26 74 311 245; 

9\10_268231155_a6210a13b7.jpg
400 300
46 146 258 262; 45 142 256 263; 44 149 255 262; 45 146 259 262; 46 133 262 258; 45 146 257 262; 45 146 259 262; 45 146 259 262; 45 146 259 262; 

9\10_268231902_1586ec90e2.jpg
279 400
62 118 274 360; 10 116 241 397; 7 118 278 393; 62 117 238 264; 47 118 270 332; 3 118 278 396; 62 117 240 242; 62 117 238 278; 62 117 238 243; 

9\10_268231974_e051f78f99.jpg
400 309
192 100 366 308; 177 101 399 309; 182 102 400 309; 184 99 400 309; 185 101 354 282; 182 101 398 308; 184 99 400 309; 184 99 400 309; 184 99 400 309; 

9\10_268232243_8022b3ca0a.jpg
400 290
54 56 246 282; 58 59 256 283; 58 63 252 242; 6 6 253 282; 50 64 270 242; 7 5 254 283; 6 6 253 282; 6 6 253 282; 6 6 253 282; 

9\10_268232438_d4c7878070.jpg
400 300
48 79 275 256; 47 77 273 270; 49 75 271 259; 48 75 272 268; 43 70 239 238; 49 76 274 267; 48 75 272 268; 48 75 272 268; 48 75 272 268; 

9\10_268232457_4d016499a5.jpg
400 284
86 4 344 258; 128 82 305 276; 79 4 392 276; 77 6 393 275; 100 6 358 270; 77 6 394 278; 77 6 393 275; 77 6 398 275; 77 6 393 275; 

9\10_268232543_47709ca249.jpg
400 300
96 36 312 274; 180 30 314 276; 46 30 318 274; 46 30 314 277; 43 31 333 270; 47 31 315 275; 194 30 289 115; 46 30 314 277; 46 30 314 277; 

9\10_268233109_174ef0fd9b.jpg
400 300
2 22 296 232; 1 24 298 234; 24 26 295 234; 2 28 295 233; 24 40 302 230; 1 29 296 234; 223 28 295 126; 2 28 295 233; 2 28 295 233; 

9\10_268239670_5f96290ab3.jpg
400 315
160 94 364 314; 150 92 398 313; 158 94 397 314; 157 94 400 315; 158 100 388 306; 158 93 400 314; 157 94 400 315; 157 94 400 315; 157 94 400 315; 

9\10_268242883_22851fd122.jpg
400 296
122 42 344 262; 124 41 353 265; 125 42 352 266; 126 41 356 267; 133 44 354 259; 125 43 355 266; 126 41 356 267; 126 41 356 267; 126 41 356 267; 

9\10_268246654_5600cde952.jpg
400 266
111 79 356 228; 103 81 356 228; 104 82 354 226; 104 82 354 226; 105 79 348 227; 103 81 354 228; 104 82 354 226; 104 82 354 226; 104 82 354 226; 

9\10_268252475_3716432836_m.jpg
180 240
49 77 148 229; 49 77 147 223; 50 80 147 226; 52 77 147 223; 45 70 150 221; 52 77 146 220; 52 77 147 223; 52 80 146 223; 52 77 147 223; 

9\10_268253251_48e9b94730.jpg
300 400
54 134 246 360; 54 134 248 362; 54 136 246 362; 52 134 247 362; 54 125 229 359; 53 135 246 361; 52 134 247 362; 52 134 247 362; 52 134 247 362; 

9\10_268256903_3b133255f4.jpg
400 300
2 106 278 256; 25 107 278 248; 23 108 276 248; 0 106 278 248; 23 109 279 261; 1 108 277 248; 198 106 278 162; 0 106 278 248; 0 106 278 248; 

9\10_268257348_58c33fa2d3.jpg
400 300
114 54 256 167; 113 42 233 173; 112 45 229 165; 114 43 230 167; 102 38 230 165; 113 43 231 166; 114 43 230 167; 114 43 230 167; 114 43 230 167; 

9\10_268257878_a7f3698218.jpg
400 300
74 85 306 260; 76 86 301 262; 77 86 297 258; 78 82 294 261; 81 78 312 266; 77 84 300 260; 78 82 294 261; 78 84 292 261; 78 82 294 261; 

9\10_268260683_84238c97a4.jpg
400 267
75 146 262 226; 80 162 240 230; 82 163 238 226; 83 162 239 231; 69 142 247 243; 82 162 239 230; 83 162 239 231; 83 162 239 231; 83 162 239 231; 

9\10_268262004_d06aebbcd6.jpg
300 400
80 38 224 336; 74 42 222 334; 73 42 222 336; 72 42 222 338; 83 38 227 340; 73 41 222 335; 125 42 178 110; 72 42 222 338; 125 42 178 121; 

9\10_268262571_a713359657.jpg
400 300
67 34 223 220; 62 36 223 299; 63 38 219 292; 62 36 223 299; 60 32 233 292; 63 38 222 296; 62 36 223 299; 62 36 223 299; 62 36 223 299; 

9\10_268262591_b9821c9af8.jpg
300 400
126 150 198 295; 126 151 210 326; 126 152 208 330; 125 151 210 329; 121 148 208 329; 124 150 208 326; 125 151 210 329; 125 151 210 329; 125 151 210 329; 

9\10_268262614_2621f16475.jpg
400 300
196 96 285 172; 170 94 289 261; 173 94 286 262; 170 96 286 263; 167 94 278 258; 171 94 285 262; 170 96 286 263; 170 96 286 263; 170 96 286 263; 

9\10_268262624_e2c6dfa278.jpg
400 300
76 36 256 216; 77 35 258 218; 77 37 256 217; 77 34 258 218; 81 36 262 225; 79 35 258 218; 77 34 258 218; 77 34 258 218; 77 34 258 218; 

9\10_268263570_c28d1e707b.jpg
400 300
126 130 322 256; 122 131 321 259; 129 134 319 256; 125 134 322 259; 130 118 319 269; 126 132 322 258; 125 134 322 259; 125 134 322 259; 125 134 322 259; 

9\10_268272471_95133f344c.jpg
400 266
32 12 304 204; 26 14 304 231; 24 14 302 230; 25 12 303 232; 42 8 306 230; 23 13 305 230; 25 12 303 232; 25 12 303 232; 25 12 303 232; 

9\10_268273406_d54a0783ee.jpg
400 266
40 108 184 166; 38 103 185 166; 40 106 182 167; 39 104 183 166; 28 100 206 181; 40 106 182 166; 39 104 183 166; 39 104 183 166; 39 104 183 166; 

9\10_268276931_3412319482.jpg
400 299
164 30 366 247; 166 30 371 247; 167 30 371 247; 173 30 373 246; 166 32 369 246; 167 30 372 246; 173 30 373 246; 173 30 373 246; 173 30 373 246; 

9\10_268278759_66f39a7eb8.jpg
400 265
200 56 340 176; 199 55 345 178; 201 57 343 174; 199 56 343 176; 204 48 340 186; 201 57 343 174; 199 56 343 176; 199 56 343 176; 199 56 343 176; 

9\10_268283312_da35ac9f4c.jpg
400 300
84 48 332 268; 86 46 335 269; 85 46 334 270; 85 47 335 270; 87 46 327 263; 85 46 334 268; 85 47 335 270; 85 47 335 270; 85 47 335 270; 

9\10_268283436_b55b7f7190.jpg
400 300
124 74 260 210; 127 75 260 212; 127 77 260 209; 126 77 261 211; 133 73 258 213; 127 76 261 211; 126 77 261 211; 126 77 261 211; 126 77 261 211; 

9\10_268283665_4ef68e1d4d.jpg
400 300
122 16 352 250; 110 11 365 254; 115 15 361 298; 108 14 363 254; 122 29 329 286; 106 14 362 299; 108 14 363 254; 108 14 363 254; 108 14 363 254; 

9\10_268283673_7b0903063a.jpg
400 300
154 110 250 198; 154 112 252 199; 152 111 250 200; 153 110 249 199; 142 109 263 196; 154 110 250 200; 153 110 249 199; 153 110 249 199; 153 110 249 199; 

9\10_268283692_95ce1b1fb3.jpg
400 300
150 92 282 230; 153 93 282 231; 151 94 282 232; 151 94 283 232; 152 99 298 236; 152 94 282 234; 151 94 283 232; 151 94 283 232; 151 94 283 232; 

9\10_268283809_06f7e47848.jpg
400 300
154 90 300 220; 154 91 300 222; 155 92 301 222; 154 90 301 220; 154 90 302 214; 153 92 301 222; 154 90 301 220; 154 90 301 220; 154 90 301 220; 

9\10_268283974_7a8c597b0e.jpg
400 300
136 72 288 256; 140 130 263 232; 139 130 261 230; 138 129 264 231; 135 126 279 225; 139 130 262 230; 138 129 264 231; 138 129 264 231; 138 129 264 231; 

9\10_268284017_749118c309.jpg
400 300
184 118 358 256; 186 118 359 256; 186 121 358 256; 185 121 358 255; 181 119 362 247; 185 121 359 258; 185 121 358 255; 185 121 358 255; 185 121 358 255; 

9\10_268284434_26bb088f22.jpg
400 300
136 92 256 226; 140 94 255 219; 139 94 255 218; 139 94 255 218; 133 96 271 224; 138 94 256 218; 139 94 255 218; 139 94 255 218; 139 94 255 218; 

9\10_268284540_ff074283d2.jpg
300 400
70 62 288 272; 119 64 258 198; 121 62 260 197; 71 63 291 274; 69 58 292 282; 73 64 292 276; 71 63 291 274; 71 63 291 274; 71 63 291 274; 

9\10_268284552_7906464eeb.jpg
300 400
26 82 294 362; 26 79 299 364; 26 78 298 363; 26 78 298 364; 29 81 292 359; 26 77 299 364; 26 78 298 364; 26 78 298 364; 26 78 298 364; 

9\10_268284576_f631047f15.jpg
300 400
110 172 280 318; 110 173 282 319; 109 173 281 319; 109 174 280 319; 104 171 294 325; 110 174 281 320; 109 174 280 319; 109 174 280 319; 109 174 280 319; 

9\10_268284865_e4bc4109fe.jpg
400 300
120 60 280 200; 105 62 287 222; 119 61 285 200; 105 59 285 223; 105 58 293 209; 104 62 286 222; 105 59 285 223; 105 59 285 223; 105 59 285 223; 

9\10_268284889_853fac59b5.jpg
400 300
118 52 360 282; 118 52 364 283; 120 52 361 284; 118 53 362 286; 114 54 350 263; 118 51 362 286; 118 53 362 286; 118 53 362 286; 118 53 362 286; 

9\10_268285156_43e66d3ffd.jpg
400 300
132 17 342 248; 135 10 342 251; 135 11 342 249; 135 11 342 250; 133 25 345 244; 135 10 341 250; 135 11 342 250; 135 11 342 250; 135 11 342 250; 

9\10_268289886_b23a2eb6a4.jpg
400 300
114 82 252 254; 125 83 253 254; 125 82 253 251; 125 81 253 252; 124 80 266 234; 125 82 254 252; 125 81 253 252; 125 81 253 252; 125 81 253 252; 

9\10_268302285_c68ec99f56.jpg
400 266
142 28 299 244; 99 28 321 258; 101 28 320 258; 102 29 320 258; 131 35 310 250; 102 29 321 259; 154 29 253 154; 102 29 320 258; 154 29 253 171; 

9\10_268304754_2c3987b247.jpg
400 266
152 82 372 216; 150 84 375 266; 154 85 366 217; 153 83 374 266; 145 68 385 229; 152 84 373 266; 153 83 374 266; 153 83 374 266; 153 83 374 266; 

9\10_268307429_6d09236528.jpg
400 300
148 24 382 232; 170 66 384 232; 171 66 383 231; 170 66 385 233; 156 67 383 238; 170 66 383 232; 170 66 385 233; 170 66 385 233; 170 66 385 233; 

9\10_268330988_399015a7aa.jpg
300 400
45 68 170 190; 14 22 170 189; 76 93 170 185; 15 21 169 187; 21 25 173 188; 14 22 170 189; 15 21 169 187; 15 21 169 187; 15 21 169 187; 

9\10_2719989.izfennel_p320001972.jpg
266 399
33 95 201 346; 31 98 205 357; 33 99 201 354; 34 98 203 356; 41 89 200 344; 32 98 203 355; 106 114 182 204; 34 98 203 356; 106 114 181 207; 

9\10_28113685.growl.jpg
284 399
24 79 231 328; 64 82 230 223; 65 81 227 222; 65 80 229 224; 19 73 227 354; 66 82 230 224; 65 80 229 224; 27 81 228 377; 65 80 229 224; 

9\10_28242550.img_5000.jpg
266 400
24 70 196 330; 8 67 196 332; 6 68 196 330; 6 68 197 334; 37 64 202 334; 6 69 195 333; 6 68 197 334; 6 68 197 334; 6 68 197 334; 

9\10_28664556.moe.jpg
319 400
44 44 264 291; 46 45 259 290; 43 48 260 285; 43 43 257 290; 34 38 265 292; 43 47 257 287; 43 43 257 290; 43 43 257 290; 43 43 257 290; 

9\10_29187800.img_5050.jpg
400 266
104 26 314 181; 191 26 317 137; 189 27 316 136; 1 27 316 267; 10 29 315 259; 189 27 317 161; 1 27 316 267; 1 27 316 267; 1 27 316 267; 

9\10_29421652.pict1700.jpg
400 300
118 62 282 288; 118 62 279 287; 118 62 279 282; 118 62 280 287; 120 58 286 290; 118 62 280 288; 230 62 280 156; 118 62 280 287; 118 62 280 287; 

9\10_29475162.fuzhou620fupeixi1.jpg
400 267
84 20 298 266; 83 19 294 267; 83 21 295 250; 82 18 295 266; 95 24 302 257; 83 22 296 267; 122 18 241 159; 82 18 295 266; 122 18 241 159; 

9\10_29566017.littledave.jpg
300 400
50 172 168 395; 50 174 168 396; 58 174 118 325; 52 173 168 394; 60 168 170 388; 60 174 121 328; 61 173 120 328; 52 173 168 394; 61 173 120 328; 

9\10_29665117_112d6360cd.jpg
400 300
130 29 299 258; 118 19 295 259; 126 22 297 244; 128 21 298 246; 121 18 301 232; 128 28 297 255; 128 21 298 246; 128 21 298 246; 128 21 298 246; 

9\10_29912710.xcountry.jpg
267 400
86 116 263 322; 87 116 267 305; 141 116 213 218; 86 160 130 232; 92 109 262 279; 89 116 266 305; 86 162 122 232; 86 117 267 304; 86 160 130 232; 

9\10_29912713.stream5sm.jpg
400 267
142 38 286 247; 139 32 292 257; 174 33 240 186; 138 84 179 165; 138 26 295 243; 140 32 297 256; 138 84 166 164; 138 32 300 256; 138 84 173 164; 

9\10_30169653.kazi.jpg
371 399
108 44 324 240; 112 42 324 237; 108 50 324 236; 114 51 323 240; 10 48 307 239; 114 45 324 239; 114 51 323 240; 114 51 323 240; 114 51 323 240; 

9\10_30169659.rosco1.jpg
400 316
42 12 295 273; 42 14 284 269; 46 25 298 269; 40 14 288 270; 62 15 306 286; 40 14 300 270; 40 14 288 270; 40 14 298 270; 40 14 288 270; 

9\10_30589357.1kid.jpg
400 320
76 24 234 316; 84 24 208 189; 84 27 208 222; 84 23 208 187; 60 26 258 316; 82 23 208 185; 84 23 208 187; 84 24 208 187; 84 23 208 187; 

9\10_33152466.catlamp.jpg
400 322
61 43 304 277; 87 46 206 222; 28 46 205 219; 105 46 205 218; 46 46 234 230; 3 46 283 322; 105 46 205 218; 0 46 304 323; 105 46 205 218; 

9\10_34312677.foalhead.jpg
264 399
49 45 183 373; 49 44 184 372; 50 47 182 371; 49 44 182 372; 42 52 246 378; 50 47 181 372; 49 44 182 372; 49 44 182 372; 49 44 182 372; 

9\10_34312982.naavah.jpg
274 399
34 80 236 396; 78 38 194 315; 79 42 201 315; 79 38 198 318; 71 38 255 342; 78 38 199 315; 79 38 198 318; 79 38 200 318; 79 38 198 318; 

9\10_36687635.gpzoo_przewalski.jpg
399 286
4 89 318 253; 6 87 318 261; 30 91 316 255; 1 89 317 259; 22 97 317 266; 4 89 318 260; 1 89 317 259; 1 89 317 259; 1 89 317 259; 

9\10_38136691.kleinekater.jpg
400 393
118 115 254 340; 108 113 255 356; 113 113 250 352; 112 110 252 355; 120 117 276 338; 110 110 254 356; 173 110 243 187; 112 110 252 355; 112 110 252 355; 

9\10_38139938.pbdogs10.jpg
399 275
68 72 314 245; 67 70 319 249; 67 75 314 247; 66 73 320 248; 73 76 320 252; 67 72 318 247; 66 73 320 248; 66 73 320 248; 66 73 320 248; 

9\10_38173560.pbcats02.jpg
400 316
205 66 392 246; 204 66 399 247; 205 68 387 246; 204 67 396 247; 199 65 396 246; 204 68 400 248; 204 67 396 247; 204 67 396 247; 204 67 396 247; 

9\10_38173647.pbcats06.jpg
400 300
137 8 234 246; 136 5 234 246; 136 65 234 245; 138 66 235 247; 130 64 242 244; 136 66 235 246; 138 75 198 143; 138 66 235 247; 138 66 235 247; 

9\10_38527623_0542f07e1c.jpg
400 300
20 110 127 282; 15 112 124 276; 17 111 122 274; 19 109 123 274; 14 103 141 286; 17 110 123 281; 19 109 123 274; 19 109 123 274; 19 109 123 274; 

9\10_39452112.img_0488.jpg
266 400
23 8 239 271; 94 67 212 271; 50 58 207 268; 22 2 225 270; 34 6 238 263; 22 1 228 271; 101 70 210 270; 22 1 225 270; 51 31 225 270; 

9\10_39459084.img_0498.jpg
266 400
22 36 227 370; 30 35 229 372; 36 58 227 341; 22 36 228 374; 31 41 227 355; 22 37 228 372; 67 36 162 100; 22 36 228 374; 67 36 163 124; 

9\10_39881820.b91u0017.jpg
400 281
124 72 369 209; 124 73 370 212; 125 73 369 192; 125 73 370 211; 122 70 354 196; 126 73 370 212; 125 73 370 211; 125 73 370 211; 125 73 370 211; 

9\10_39898384.img_0501.jpg
400 266
44 12 332 252; 195 16 332 228; 1 0 332 258; 184 17 331 186; 24 8 329 256; 194 16 332 185; 199 15 331 186; 163 16 331 186; 186 15 331 186; 

9\10_40677597.img_1543.jpg
266 400
72 34 259 272; 72 32 242 272; 74 72 248 265; 75 38 242 248; 64 43 251 268; 71 37 242 270; 75 38 242 248; 75 38 240 248; 75 38 242 248; 

9\10_40682501.img_1575.jpg
266 400
2 86 224 280; 36 93 198 200; 36 91 210 252; 37 92 210 236; 5 80 224 336; 2 86 214 334; 37 115 88 167; 37 92 210 266; 37 92 210 229; 

9\10_40837312.dsc_0800.jpg
400 266
122 60 280 220; 123 58 282 220; 122 60 282 217; 122 58 281 224; 114 50 282 224; 124 60 280 220; 122 58 281 224; 122 58 282 220; 122 58 281 224; 

9\10_40837349.dsc_0822.jpg
400 266
42 16 280 248; 112 52 284 254; 164 52 272 136; 42 15 284 254; 112 56 302 252; 112 51 282 253; 42 14 284 254; 42 15 284 254; 42 14 284 254; 

9\10_41100185.dsc_5762a.jpg
400 266
78 48 314 234; 119 46 272 174; 80 47 315 234; 80 45 316 236; 86 43 312 236; 80 47 314 234; 80 45 316 236; 80 45 316 236; 80 45 316 236; 

9\10_41105485.05_0226_aabbspoth2.jpg
400 300
104 30 278 230; 97 27 309 251; 102 36 289 244; 104 40 301 242; 102 36 292 239; 100 32 298 254; 104 40 301 242; 104 40 301 244; 104 40 301 242; 

9\10_41491048.streakedspiderhunter.jpg
257 400
20 55 251 329; 12 62 206 292; 14 63 207 293; 14 62 206 300; 15 49 222 293; 13 62 205 294; 92 62 206 118; 14 62 206 300; 14 62 206 300; 

9\10_42230402.p1010014_x.jpg
400 262
80 54 304 220; 82 54 308 224; 82 54 308 222; 82 54 308 225; 90 48 302 220; 82 54 308 222; 82 54 308 225; 82 54 308 225; 82 54 308 225; 

9\10_43047581.ds20050506_0127awfcat.jpg
400 284
184 107 373 237; 226 108 369 241; 225 108 356 236; 140 108 368 242; 224 102 364 238; 226 108 370 236; 224 108 368 242; 140 108 368 242; 224 108 368 242; 

9\10_43047908.nandaihe.jpg
400 283
104 20 324 253; 125 75 287 192; 225 74 287 163; 126 74 333 273; 117 17 337 247; 125 74 333 250; 225 74 287 164; 126 21 334 273; 225 74 287 164; 

9\10_43097193.p5050256.jpg
400 299
143 35 255 142; 153 37 252 141; 152 37 253 138; 152 37 252 141; 154 34 250 148; 153 35 251 141; 152 37 252 141; 152 37 252 141; 152 37 252 141; 

9\10_43137038.copyofds20050507_0056awfairliegallop.jpg
400 284
182 59 355 238; 182 58 360 242; 182 57 325 238; 182 58 358 242; 180 52 361 239; 180 56 358 244; 182 58 358 242; 182 58 358 242; 182 58 358 242; 

9\10_43642598.pasqueflowerpasque6.jpg
400 300
38 28 248 190; 41 26 251 189; 39 27 250 191; 38 26 251 190; 37 24 267 203; 40 27 250 190; 38 26 251 190; 38 26 251 190; 38 26 251 190; 

9\10_43642599.pasqueflowerpasque7.jpg
336 400
52 120 247 226; 51 118 229 229; 53 121 233 227; 53 117 232 228; 55 101 253 251; 52 120 227 227; 53 117 232 228; 53 117 232 228; 53 117 232 228; 

9\10_43642600.pasqueflowerpasque8.jpg
370 400
34 94 254 220; 33 93 248 223; 35 93 249 223; 35 91 250 223; 39 90 273 234; 35 89 251 223; 35 91 250 223; 35 91 250 223; 35 91 250 223; 

9\10_43642601.pasqueflowerpasqueflowerearlyeve.jpg
400 368
68 56 242 235; 69 62 241 236; 66 63 242 237; 68 60 241 237; 59 57 257 242; 67 61 240 236; 68 60 241 237; 68 60 241 237; 68 60 241 237; 

9\10_43642602.pasqueflowerpasqueflowerearlyeve2.jpg
300 400
80 110 174 212; 79 110 178 212; 81 113 181 213; 79 111 180 213; 73 106 181 230; 80 110 183 213; 79 111 180 213; 79 111 180 213; 79 111 180 213; 

9\10_43900979.may25_05_129.jpg
400 265
112 60 286 222; 112 59 287 221; 114 59 289 222; 116 58 285 220; 101 59 284 218; 114 60 288 222; 116 58 285 220; 116 58 285 222; 116 58 285 220; 

9\10_44399460.pinkflower.jpg
400 266
134 58 282 198; 136 56 284 202; 138 58 282 202; 136 58 282 202; 136 58 284 204; 136 58 283 203; 136 58 282 202; 136 58 282 202; 136 58 282 202; 

9\10_44859864.1.jpg
334 400
26 120 256 344; 90 118 254 344; 130 126 243 262; 91 118 245 342; 84 117 264 345; 92 118 252 344; 130 126 246 264; 91 118 245 342; 91 118 245 342; 

9\10_44859870.4.jpg
400 300
58 56 332 260; 58 147 278 274; 59 148 276 272; 60 146 276 272; 60 148 288 271; 60 146 276 272; 60 146 276 272; 60 146 276 272; 60 146 276 272; 

9\10_44859872.5.jpg
331 400
100 28 265 370; 98 132 231 372; 99 132 232 332; 100 133 230 372; 101 132 248 368; 99 132 231 372; 148 133 224 222; 100 133 230 372; 100 133 230 372; 

9\10_44859874.6.jpg
305 400
78 54 235 383; 83 126 213 383; 86 128 212 332; 84 128 208 383; 80 128 232 384; 81 127 210 382; 126 128 208 214; 84 128 208 383; 84 128 208 383; 

9\10_44859876.7.jpg
400 300
72 40 364 270; 75 43 365 274; 76 46 358 272; 75 76 179 184; 62 59 364 250; 77 46 362 272; 75 76 179 184; 75 46 364 270; 75 76 179 184; 

9\10_44859877.10.jpg
400 291
25 45 354 228; 24 46 354 230; 47 48 355 227; 24 135 124 226; 33 40 397 232; 23 48 398 228; 24 135 124 226; 24 48 400 226; 24 135 124 226; 

9\10_44859879.11.jpg
272 400
49 86 170 316; 50 90 192 312; 48 90 193 296; 49 88 192 309; 46 97 198 308; 50 88 192 316; 110 88 167 153; 49 90 192 309; 49 88 192 309; 

9\10_45873784.happychap.jpg
300 400
144 38 258 390; 143 40 262 392; 144 67 255 332; 144 40 264 392; 142 37 276 386; 144 42 263 390; 182 40 225 102; 144 40 264 392; 182 40 226 114; 

9\10_46084071.commontern1.jpg
400 266
62 62 368 184; 31 64 384 204; 66 65 288 182; 30 64 382 204; 32 61 378 208; 32 64 384 206; 30 64 382 204; 30 64 400 204; 30 64 382 204; 

9\10_46084290.commontern2.jpg
400 266
121 0 316 166; 119 0 321 166; 121 0 318 164; 120 1 320 165; 120 0 318 174; 120 0 321 164; 120 1 320 165; 120 1 320 165; 120 1 320 165; 

9\10_46084614.commontern5.jpg
400 266
131 58 263 262; 132 60 269 266; 133 61 268 239; 133 59 268 266; 130 64 271 258; 132 60 268 266; 133 59 268 266; 133 61 268 266; 133 59 268 266; 

9\10_46642384.roadingjuly02006.jpg
399 340
62 42 321 298; 61 44 324 303; 166 44 236 232; 166 44 236 234; 53 36 334 291; 63 44 342 302; 166 44 236 234; 63 44 345 313; 166 44 236 234; 

9\10_46642386.roadingjuly02008.jpg
400 317
46 32 291 230; 46 32 291 241; 157 33 212 206; 155 32 216 205; 43 35 303 252; 48 34 292 254; 155 32 216 205; 49 32 295 288; 155 32 216 205; 

9\10_46642387.roadingjuly02009.jpg
400 317
44 42 325 265; 42 43 324 260; 205 44 281 226; 207 44 280 224; 41 32 319 276; 43 44 321 288; 210 44 280 224; 43 44 324 297; 210 44 280 224; 

9\10_46642874.roadingjuly09001.jpg
400 347
78 36 332 298; 72 37 328 300; 180 39 253 202; 67 38 327 304; 46 31 337 296; 72 38 328 301; 182 38 253 202; 67 38 327 304; 182 38 253 202; 

9\10_4869984_22f1e00917.jpg
400 312
104 60 334 246; 103 62 282 243; 105 64 281 240; 107 63 282 242; 104 71 314 254; 105 62 283 242; 107 63 282 242; 107 63 282 242; 107 63 282 242; 

9\10_49513253.0509180001.fsn.jpg
400 300
104 38 308 266; 104 34 309 266; 106 37 309 266; 106 34 309 266; 103 30 310 267; 104 35 309 264; 106 34 309 266; 106 34 309 266; 106 34 309 266; 

9\10_49513256.0509180004.fsd.jpg
400 300
120 60 320 266; 121 58 321 271; 119 58 321 268; 119 59 322 269; 128 61 326 269; 119 61 320 269; 119 59 322 269; 119 59 322 269; 119 59 322 269; 

9\10_49513257.0509180005.fsdp.jpg
400 300
116 46 308 234; 117 46 299 237; 118 48 299 236; 117 47 299 235; 125 48 302 244; 118 48 298 234; 117 47 299 235; 117 47 299 235; 117 47 299 235; 

9\10_49513258.0509180006.fsdm.jpg
400 300
102 34 286 238; 103 41 286 241; 102 41 286 240; 102 41 288 240; 107 39 277 241; 102 41 285 240; 102 41 288 240; 102 41 288 240; 102 41 288 240; 

9\10_49930782.initiationjunior1123.jpg
269 400
56 88 194 340; 50 87 203 347; 50 89 192 343; 53 87 198 343; 51 90 193 341; 51 88 195 349; 107 87 152 141; 53 87 202 347; 53 87 198 343; 

9\10_49930784.initiationjunior1125.jpg
269 400
26 72 195 353; 1 72 201 361; 0 73 197 361; 0 73 200 360; 18 70 191 346; 3 72 197 361; 112 73 165 130; 0 73 200 360; 112 73 165 130; 

9\10_49930787.initiationjunior1127.jpg
269 400
19 98 178 335; 18 99 187 334; 19 101 184 330; 19 99 186 332; 18 98 189 325; 19 99 188 332; 91 99 132 145; 19 99 186 332; 91 99 132 145; 

9\10_49930789.initiationjunior1130.jpg
400 266
81 43 281 213; 84 45 273 214; 84 43 267 209; 84 45 275 213; 85 46 280 217; 83 43 277 212; 84 45 275 213; 84 45 275 213; 84 45 275 213; 

9\10_49930792.initiationjunior1134.jpg
269 400
39 36 190 260; 41 37 193 261; 41 38 189 257; 44 36 189 260; 41 36 193 264; 41 35 189 256; 77 36 112 82; 44 36 189 260; 44 36 189 260; 

9\10_49930794.initiationjunior1140.jpg
400 266
67 38 291 247; 65 40 290 245; 68 39 292 244; 67 41 291 245; 69 35 296 249; 64 40 289 245; 67 41 291 245; 67 41 291 245; 67 41 291 245; 

9\10_49930795.initiationjunior1141.jpg
400 266
67 44 305 262; 58 41 303 265; 69 43 302 264; 58 43 303 265; 66 43 305 256; 57 43 303 265; 58 43 303 265; 58 43 303 265; 58 43 303 265; 

9\10_49930796.initiationjunior1142.jpg
400 266
56 40 289 239; 53 39 290 237; 53 41 289 238; 54 40 289 239; 56 33 285 235; 55 38 288 241; 54 40 289 239; 54 40 289 239; 54 40 289 239; 

9\10_49930797.initiationjunior1143.jpg
400 266
65 42 273 219; 63 43 278 224; 65 45 278 222; 65 45 277 223; 67 43 279 219; 66 43 279 225; 65 45 277 223; 65 45 277 223; 65 45 277 223; 

9\10_49930798.initiationjunior1144.jpg
400 266
43 40 271 235; 38 40 279 253; 38 41 277 250; 41 39 280 251; 33 46 281 248; 39 40 277 251; 41 39 280 251; 41 39 280 251; 41 39 280 251; 

9\10_49930799.initiationjunior1145.jpg
400 266
67 52 267 235; 59 52 277 252; 59 53 277 247; 59 54 277 251; 63 51 277 248; 57 53 277 252; 59 54 277 251; 59 54 277 251; 59 54 277 251; 

9\10_49930800.initiationjunior1146.jpg
400 266
6 44 202 239; 3 47 209 245; 0 48 209 244; 0 48 209 243; 11 49 203 239; 1 49 207 243; 0 48 209 243; 0 48 209 243; 0 48 209 243; 

9\10_49930801.initiationjunior1147.jpg
400 266
78 38 294 221; 78 36 302 217; 78 38 300 220; 79 37 303 217; 80 39 306 229; 79 35 301 225; 79 37 303 217; 79 37 303 225; 79 37 303 217; 

9\10_49930803.initiationjunior1149.jpg
400 266
83 48 287 242; 84 48 291 246; 84 49 291 244; 83 49 293 245; 80 45 289 239; 83 48 293 245; 83 49 293 245; 83 49 293 245; 83 49 293 245; 

9\10_49930804.initiationjunior1150.jpg
400 266
43 66 258 242; 43 68 259 241; 44 67 259 241; 45 67 259 245; 42 67 267 232; 43 67 257 242; 45 67 259 245; 45 67 259 245; 45 67 259 245; 

9\10_49930805.initiationjunior1151.jpg
400 266
117 42 335 245; 114 46 335 246; 114 46 333 247; 115 46 335 248; 112 45 341 253; 115 45 333 250; 115 46 335 248; 115 46 335 248; 115 46 335 248; 

9\10_49930806.initiationjunior1152.jpg
400 266
43 10 260 226; 36 9 279 235; 37 11 277 235; 35 9 277 240; 45 13 283 227; 35 10 280 243; 35 9 277 240; 35 9 277 240; 35 9 277 240; 

9\10_49930807.initiationjunior1153.jpg
400 266
71 22 265 202; 66 25 271 204; 66 27 270 203; 68 28 270 203; 69 23 271 205; 69 29 268 203; 68 28 270 203; 68 28 270 203; 68 28 270 203; 

9\10_52202391.dscn0138.jpg
399 307
124 45 338 279; 121 45 354 294; 238 45 289 190; 123 45 348 291; 122 43 340 283; 123 45 347 293; 123 45 348 291; 123 45 362 291; 123 45 348 291; 

9\10_52202392.dscn0140.jpg
400 385
80 54 332 331; 78 53 368 337; 172 54 237 246; 71 54 370 342; 72 54 348 329; 79 53 364 333; 71 54 370 342; 71 54 370 342; 71 54 370 342; 

9\10_52202419.dscn0189.jpg
386 400
100 74 276 356; 95 74 290 363; 98 74 197 265; 97 73 290 363; 92 73 273 337; 99 75 283 359; 97 73 290 363; 97 73 290 363; 97 73 290 363; 

9\10_52202423.dscn0194.jpg
399 379
54 72 332 349; 55 71 335 355; 175 72 252 290; 55 70 335 354; 57 67 348 346; 56 72 335 351; 55 70 335 354; 55 70 335 354; 55 70 335 354; 

9\10_52202425.dscn0197.jpg
400 336
16 58 159 301; 53 63 161 299; 55 65 124 196; 13 63 162 299; 59 61 176 291; 51 65 158 299; 13 63 162 299; 13 63 162 299; 13 63 162 299; 

9\10_52202426.dscn0202.jpg
399 334
96 83 284 277; 90 81 285 280; 170 81 230 206; 95 81 288 282; 96 77 283 290; 95 81 285 284; 95 81 288 282; 95 81 290 282; 95 81 288 282; 

9\10_52202427.dscn0203.jpg
399 223
112 67 164 192; 112 70 166 196; 130 69 166 143; 112 69 166 195; 105 66 177 196; 112 70 166 194; 112 69 166 195; 112 69 166 195; 112 69 166 195; 

9\10_52202429.dscn0205.jpg
400 348
96 120 188 302; 93 120 187 313; 125 121 179 223; 95 120 189 320; 95 117 181 289; 100 121 186 272; 95 120 189 320; 95 120 189 320; 95 120 189 320; 

9\10_52202430.dscn0206.jpg
399 334
44 48 336 297; 41 52 335 335; 145 53 214 233; 41 53 336 335; 45 45 337 335; 40 54 336 335; 41 53 336 335; 41 53 336 335; 41 53 336 335; 

9\10_52202431.dscn0209.jpg
387 400
66 96 291 360; 64 95 298 358; 194 97 276 251; 62 95 294 360; 65 101 308 354; 63 96 297 364; 62 95 294 360; 62 95 295 360; 62 95 294 360; 

9\10_52202441.dscn0222.jpg
373 400
213 225 319 347; 212 235 323 355; 211 238 318 352; 212 236 322 352; 213 238 323 358; 211 236 323 349; 212 236 322 352; 212 236 322 352; 212 236 322 352; 

9\10_52202442.dscn0223.jpg
255 400
109 243 180 379; 114 246 188 373; 115 246 182 368; 114 243 185 372; 104 227 183 365; 116 246 186 373; 114 243 185 372; 114 245 185 372; 114 243 185 372; 

9\10_52202444.dscn0225.jpg
400 310
84 84 340 222; 18 84 336 272; 19 84 336 270; 16 82 337 271; 20 78 338 272; 16 82 337 270; 16 82 337 271; 16 82 337 271; 16 82 337 271; 

9\10_52202445.dscn0226.jpg
400 301
205 130 336 276; 202 134 340 276; 203 134 336 276; 205 134 337 278; 196 135 338 266; 203 133 339 277; 205 134 337 278; 205 134 337 278; 205 134 337 278; 

9\10_52202446.dscn0227.jpg
400 338
126 84 323 272; 77 87 323 299; 83 86 323 297; 78 86 322 299; 76 82 327 283; 81 86 322 303; 78 86 322 299; 78 86 322 299; 78 86 322 299; 

9\10_52202447.dscn0228.jpg
271 400
72 134 141 370; 58 133 150 370; 74 133 149 368; 72 131 154 372; 71 133 148 366; 70 131 153 371; 72 131 154 372; 72 131 154 372; 72 131 154 372; 

9\10_52202449.dscn0230.jpg
261 400
84 62 195 370; 81 58 196 371; 87 61 194 368; 82 58 200 372; 85 59 202 361; 92 58 200 368; 82 58 200 372; 82 58 200 372; 82 58 200 372; 

9\10_52202451.dscn0240.jpg
400 310
26 114 264 274; 25 116 277 278; 27 116 270 269; 26 116 269 277; 19 116 273 289; 26 114 273 276; 26 116 269 277; 26 116 269 277; 26 116 269 277; 

9\10_52202452.dscn0241.jpg
399 377
48 72 330 288; 50 75 346 326; 50 75 346 328; 48 75 345 331; 59 67 350 333; 47 74 345 329; 48 75 345 331; 48 75 345 331; 48 75 345 331; 

9\10_52202453.dscn0243.jpg
323 400
60 82 273 366; 56 82 279 381; 115 85 181 266; 58 84 275 368; 48 85 281 368; 60 84 276 368; 58 84 275 368; 58 84 275 368; 58 84 275 368; 

9\10_52202457.dscn0251.jpg
400 309
34 60 250 301; 35 67 248 309; 103 68 186 240; 36 69 248 309; 36 74 251 301; 34 66 248 306; 36 69 248 309; 36 67 248 309; 36 69 248 309; 

9\10_52202459.dscn0256.jpg
271 400
60 59 215 350; 44 57 218 375; 44 58 189 372; 41 58 217 375; 49 54 220 361; 44 59 176 375; 41 58 217 375; 41 58 217 375; 41 58 217 375; 

9\10_52202465.dscn0265.jpg
400 321
56 74 317 284; 39 76 318 303; 80 80 149 219; 41 78 318 305; 50 74 325 303; 42 78 318 305; 41 78 318 305; 41 78 318 305; 41 78 318 305; 

9\10_52202466.dscn0266.jpg
265 400
50 73 208 367; 53 75 206 379; 127 77 191 276; 48 78 204 378; 68 73 212 370; 51 78 208 376; 48 78 204 378; 48 78 204 378; 48 78 204 378; 

9\10_52202467.dscn0267.jpg
355 400
89 42 266 386; 84 41 268 387; 158 42 249 266; 84 42 269 389; 82 30 276 383; 84 42 268 389; 84 42 269 389; 84 42 269 389; 84 42 269 389; 

9\10_52202479.dscn0285.jpg
399 358
126 117 266 231; 124 117 276 236; 182 117 237 204; 122 118 276 243; 118 104 276 233; 124 117 274 239; 122 118 276 243; 122 118 274 243; 122 118 276 243; 

9\10_52202492.dscn0308.jpg
400 231
14 58 268 186; 9 60 272 213; 49 60 272 212; 9 60 272 213; 10 55 275 209; 9 60 272 211; 9 60 272 213; 9 60 272 213; 9 60 272 213; 

9\10_52523077.horse_of_horse_shoes_079.jpg
293 400
126 106 228 302; 126 106 226 302; 158 106 212 232; 126 107 224 302; 128 105 236 304; 127 106 226 302; 126 107 224 302; 126 107 224 302; 126 107 224 302; 

9\10_54628916.jan8_06_536.jpg
400 264
72 92 264 210; 66 81 268 212; 68 86 263 206; 64 90 264 208; 56 75 268 216; 61 84 266 207; 64 90 264 208; 64 90 264 208; 64 90 264 208; 

9\10_54628917.jan8_06_537.jpg
400 264
68 78 318 232; 66 79 321 234; 71 79 319 229; 67 79 319 232; 65 76 322 232; 65 79 318 232; 169 79 319 208; 67 79 319 232; 169 79 319 208; 

9\10_54628920.jan8_06_540.jpg
400 264
149 76 274 210; 152 76 283 211; 150 75 282 205; 151 74 282 211; 145 73 281 220; 151 76 279 210; 151 74 282 211; 151 74 282 211; 151 74 282 211; 

9\10_54628932.jan8_06_552.jpg
400 264
82 58 269 229; 76 63 269 240; 88 63 261 234; 83 62 268 241; 88 61 268 231; 86 61 269 239; 83 62 268 241; 83 62 268 241; 83 62 268 241; 

9\10_54628934.jan8_06_554.jpg
400 264
93 98 289 248; 91 98 288 238; 92 100 283 240; 93 101 285 245; 85 98 287 240; 94 99 283 241; 93 101 285 245; 93 101 285 245; 93 101 285 245; 

9\10_54628935.jan8_06_555.jpg
400 264
133 34 268 238; 129 35 263 236; 129 38 261 232; 131 38 262 234; 124 36 269 229; 130 37 259 236; 131 38 262 234; 128 34 262 234; 131 38 262 234; 

9\10_54646369.1ethansillykid.jpg
291 400
88 36 196 375; 91 23 192 391; 89 59 192 340; 91 24 193 393; 84 20 211 389; 88 24 193 390; 113 24 161 94; 91 24 193 393; 113 24 161 107; 

9\10_55488101.bitsy.jpg
399 300
6 70 305 234; 167 73 306 222; 162 75 303 220; 160 75 301 221; 10 70 304 229; 162 74 304 221; 167 75 301 221; 164 74 303 220; 167 75 301 221; 

9\10_55651847.carlystreetweballey2.jpg
320 400
139 77 212 370; 143 77 217 385; 141 78 213 347; 142 77 215 384; 138 79 228 381; 142 76 217 384; 144 77 196 128; 142 77 215 384; 144 77 195 139; 

9\10_55651852.carlystreetweballey6.jpg
266 400
82 98 184 396; 78 100 176 400; 84 101 176 333; 83 101 176 400; 83 100 182 392; 84 100 176 400; 112 101 158 166; 83 101 176 400; 112 101 158 190; 

9\10_55651903.carlystreetwebstreet9.jpg
266 400
76 100 222 383; 62 101 234 400; 72 105 221 333; 62 103 219 400; 74 103 226 379; 69 102 220 400; 80 103 150 196; 62 103 219 400; 80 103 166 236; 

9\10_55657233.dsc_3867_y_jp.jpg
400 265
152 72 290 198; 156 72 289 197; 154 72 289 196; 155 72 290 197; 152 68 302 192; 155 72 289 198; 155 72 290 197; 155 72 290 197; 155 72 290 197; 

9\10_55768607.bitsy111.jpg
400 256
12 32 263 200; 126 41 261 196; 125 43 258 196; 127 42 254 196; 6 31 260 202; 127 41 258 196; 127 42 254 196; 126 42 254 196; 127 42 254 196; 

9\10_55768641.checkers22.jpg
400 266
136 100 288 184; 134 104 288 186; 136 103 286 187; 136 102 288 192; 134 98 294 190; 137 102 286 187; 136 102 288 192; 136 102 288 192; 136 102 288 192; 

9\10_55974006.arabfillycanter.jpg
399 292
28 32 300 218; 36 27 367 267; 34 28 363 267; 35 27 140 102; 34 35 363 266; 34 29 369 268; 35 27 138 126; 30 27 369 272; 35 27 160 143; 

9\10_57572381.cutesofss.jpg
400 266
36 76 266 195; 135 79 256 158; 137 79 255 158; 135 78 256 158; 131 69 258 162; 135 78 255 157; 135 78 256 158; 135 78 256 158; 135 78 256 158; 

9\10_58229768.20060405022_object_of_fancy.jpg
400 266
154 100 306 234; 164 100 310 266; 186 100 309 188; 160 101 310 266; 164 92 306 260; 166 102 310 266; 198 101 310 194; 160 101 310 266; 160 101 310 266; 

9\10_59242003.img_4193.jpg
266 400
102 76 194 333; 104 77 192 336; 102 78 190 332; 104 77 192 336; 98 70 198 336; 104 78 190 336; 117 77 162 134; 104 77 192 336; 104 77 191 240; 

9\10_59271034.127_2729.jpg
400 266
88 60 286 266; 160 58 258 174; 159 59 258 172; 160 38 258 189; 76 46 306 258; 158 36 262 172; 160 38 258 174; 73 38 305 266; 160 38 258 189; 

9\10_59271038.138_3822.jpg
400 266
135 46 286 246; 134 42 294 266; 133 42 294 174; 134 42 294 266; 122 43 306 258; 133 41 296 266; 186 42 236 95; 134 42 294 266; 186 42 236 96; 

9\10_59271039.140_4028.jpg
400 266
133 30 326 266; 136 32 237 170; 136 32 236 168; 136 32 343 264; 120 30 349 254; 136 34 344 266; 136 32 237 168; 136 32 343 264; 136 32 237 168; 

9\10_59271042.140_4092.jpg
266 400
73 18 218 319; 84 22 214 223; 85 66 212 221; 74 20 218 400; 80 12 226 396; 76 22 214 400; 116 20 204 127; 74 20 218 400; 116 20 204 134; 

9\10_59271063.img_0605.jpg
266 400
62 50 180 386; 60 48 180 232; 61 67 180 231; 61 50 179 387; 64 48 192 380; 60 48 180 387; 98 50 150 124; 61 50 179 387; 98 50 150 132; 

9\10_59271070.img_1436.jpg
400 266
116 44 390 200; 110 44 390 198; 111 44 356 199; 112 44 390 198; 109 38 390 194; 110 46 390 198; 112 44 172 100; 112 44 390 198; 112 44 390 198; 

9\10_59271073.img_1750.jpg
400 266
102 32 258 226; 102 34 257 228; 102 34 256 228; 102 32 256 228; 102 28 265 232; 101 32 256 230; 160 32 230 112; 102 32 256 228; 160 32 230 124; 

9\10_59271075.img_1787.jpg
266 400
30 106 176 244; 30 108 176 250; 32 108 173 248; 33 108 174 252; 26 102 185 258; 32 110 176 249; 120 108 172 174; 33 108 174 252; 120 108 172 174; 

9\10_59271089.img_3385.jpg
400 266
90 30 260 246; 133 30 260 256; 132 31 260 248; 133 31 272 259; 133 32 266 254; 132 30 272 256; 176 31 228 98; 133 31 272 259; 176 31 228 106; 

9\10_59271094.img_3692.jpg
400 266
58 22 241 266; 134 24 236 176; 134 25 236 176; 53 24 246 266; 72 24 260 266; 52 24 253 266; 134 24 236 178; 53 24 246 266; 134 24 236 192; 

9\10_59271105.img_9130.jpg
266 400
22 24 223 288; 126 27 204 138; 126 66 203 135; 16 26 218 288; 14 36 235 288; 14 27 218 288; 124 26 202 136; 16 26 218 288; 124 26 203 152; 

9\10_60607682.rosebreastedgrosbeak.jpg
400 399
98 70 286 284; 95 68 290 315; 166 69 273 140; 56 68 287 344; 72 68 294 328; 60 70 288 343; 166 68 272 138; 56 68 287 344; 56 68 287 344; 

9\10_60607759.rosebreastedgrosbeakfemale.jpg
400 300
88 93 324 230; 90 93 373 269; 89 94 212 158; 89 94 189 157; 94 88 353 237; 89 94 372 272; 89 94 198 148; 89 94 372 271; 89 94 203 163; 

9\10_60666278.easterncottontail.jpg
400 266
26 30 292 234; 194 26 292 192; 194 28 291 142; 16 28 292 234; 38 32 295 232; 37 28 290 236; 198 28 292 136; 16 28 292 234; 16 28 292 234; 

9\10_60866179.americanrobin.jpg
400 265
12 62 305 254; 166 60 302 223; 199 65 300 221; 6 58 302 254; 38 54 308 254; 10 63 302 254; 6 58 302 254; 6 58 302 254; 6 58 302 254; 

9\10_60866226.cedarwaxwing.jpg
400 298
158 82 293 255; 160 85 296 259; 161 85 296 259; 159 85 298 259; 155 74 298 262; 167 85 297 260; 159 85 298 259; 159 85 298 259; 159 85 298 259; 

9\10_60866705.butterfly.jpg
400 265
74 98 319 213; 74 78 316 214; 73 78 316 214; 72 77 316 214; 68 74 324 219; 73 77 318 213; 72 77 316 214; 72 77 316 214; 72 77 316 214; 

9\10_60866769.turkeyvulture2.jpg
400 266
58 62 258 197; 57 64 259 198; 58 65 257 197; 42 62 258 197; 60 57 260 211; 57 63 257 201; 182 62 258 111; 42 62 258 197; 42 62 258 197; 

9\10_61749596.jpvis3ea.redtailedhawkjuvenile.jpg
400 300
148 68 226 220; 149 69 227 288; 149 70 227 282; 148 69 228 289; 146 65 254 297; 148 69 226 289; 148 69 228 289; 148 69 228 289; 148 69 228 289; 

9\10_63193989.iibp3dda.fritillary.jpg
400 299
58 51 336 286; 58 50 339 287; 57 51 339 282; 58 12 338 288; 54 37 332 282; 58 11 338 286; 58 12 338 288; 58 12 338 288; 58 12 338 288; 

9\10_63359627.mq7fmcxg._mg_4055editfromrawsized.jpg
267 400
28 103 193 329; 22 103 188 328; 42 103 158 278; 25 105 189 335; 36 100 178 327; 23 102 190 330; 25 105 189 335; 25 105 189 335; 25 105 189 335; 

9\10_63451013.9howa94v.turkeyvulture.jpg
400 299
138 76 376 292; 140 78 378 296; 139 76 354 281; 140 75 380 296; 133 76 372 284; 140 76 380 293; 140 75 380 296; 140 76 380 296; 140 75 380 296; 

9\10_63827110.laoeb6po.jpg
400 270
256 4 346 264; 258 4 346 261; 260 4 344 260; 258 4 346 260; 258 4 364 258; 259 4 346 261; 258 4 346 260; 258 4 346 260; 258 4 346 260; 

9\10_64229307.utd1927n.jpg
266 400
140 22 214 246; 144 23 213 204; 143 66 214 202; 142 24 212 202; 142 25 222 201; 145 24 212 201; 142 24 212 202; 142 24 212 202; 142 24 212 202; 

9\10_64386031.3qqfbtes.housefinch.jpg
399 400
161 86 358 378; 161 87 358 377; 162 87 345 352; 160 87 359 376; 156 82 364 377; 162 88 359 376; 160 87 359 376; 160 87 359 376; 160 87 359 376; 

9\10_65345059.baxlulsq.img_7128_editsrgb.jpg
399 300
169 15 397 252; 167 71 399 233; 179 35 371 231; 162 0 399 231; 158 10 395 223; 160 3 400 230; 162 0 399 231; 162 0 399 231; 162 0 399 231; 

9\10_66471406.msmbvpwh.jpg
400 266
34 26 222 196; 28 23 226 196; 54 27 224 195; 40 26 225 218; 36 24 214 216; 36 24 224 216; 40 26 225 218; 27 26 225 218; 40 26 225 218; 

9\10_66830581.uvuxhte2.sept10_06_701.jpg
400 264
122 10 332 208; 124 8 337 202; 123 12 328 202; 122 14 330 206; 124 16 344 208; 124 8 328 212; 122 14 330 206; 122 8 330 206; 122 14 330 206; 

9\10_66830582.bxg9hxcr.sept10_06_702.jpg
400 264
70 24 384 224; 68 5 394 219; 68 8 354 220; 70 18 388 221; 88 16 386 211; 66 6 389 218; 70 18 388 221; 68 0 388 221; 70 18 388 221; 

9\10_66830583.sdhhngr2.sept10_06_703.jpg
400 264
234 118 348 244; 233 114 346 245; 236 116 344 242; 238 116 344 242; 229 122 350 239; 238 116 346 244; 238 116 344 242; 238 116 344 242; 238 116 344 242; 

9\10_66830584.jsnb9pmi.sept10_06_704.jpg
400 264
184 108 344 230; 186 109 347 235; 188 110 344 236; 188 110 346 238; 186 107 348 253; 185 109 346 240; 188 110 346 238; 188 110 346 238; 188 110 346 238; 

9\10_66830586.6whtssec.sept10_06_705.jpg
400 264
88 66 250 262; 87 64 253 249; 88 66 251 244; 88 64 250 246; 79 72 247 233; 88 63 251 249; 88 64 250 246; 88 64 250 246; 88 64 250 246; 

9\10_66830587.j2qal6cp.sept10_06_706.jpg
400 264
66 110 308 238; 65 107 312 242; 68 110 309 238; 68 110 310 240; 54 112 308 236; 67 105 311 240; 68 110 310 240; 68 110 310 240; 68 110 310 240; 

9\10_66830612.jwrzvoka.sept10_06_728.jpg
264 400
50 226 176 361; 37 229 185 359; 49 231 177 355; 51 231 175 357; 51 217 177 355; 49 229 177 360; 51 231 175 357; 51 231 175 357; 51 231 175 357; 

9\10_66830630.sejklgec.sept10_06_746.jpg
400 264
134 68 274 190; 133 72 283 190; 138 72 271 188; 138 72 273 187; 140 80 280 192; 137 72 275 188; 138 72 273 187; 138 72 273 187; 138 72 273 187; 

9\10_66830631.ag3y7hqi.sept10_06_747.jpg
400 264
137 42 272 192; 138 43 272 187; 140 44 271 185; 138 44 270 185; 138 50 264 180; 139 42 272 186; 138 44 270 185; 138 44 270 185; 138 44 270 185; 

9\10_66830632.ncrvs2io.sept10_06_748.jpg
400 264
32 33 292 237; 27 37 300 234; 45 40 296 237; 38 40 294 234; 31 46 296 238; 36 43 292 238; 38 40 294 234; 38 40 294 234; 38 40 294 234; 

9\10_66830633.6hispsw2.sept10_06_749.jpg
400 264
133 60 297 250; 113 60 294 246; 114 62 288 241; 117 62 300 245; 118 58 302 244; 115 58 288 250; 117 62 300 245; 117 62 300 245; 117 62 300 245; 

9\10_67151572.bn0308dt.jpg
264 400
44 28 152 318; 46 26 213 309; 46 67 154 305; 48 24 213 340; 43 24 214 334; 46 26 213 338; 84 24 213 83; 48 24 213 340; 48 24 213 340; 

9\10_67444.jpg
266 400
32 8 137 297; 32 6 133 293; 32 6 132 293; 32 7 133 294; 28 6 154 288; 30 5 130 295; 32 7 133 294; 32 7 133 294; 32 7 133 294; 

9\10_68285988.3ddkraxw.toughtimeskid.jpg
399 293
144 34 344 289; 124 34 346 293; 128 36 347 292; 131 33 345 292; 124 32 350 282; 129 37 346 293; 245 33 345 171; 131 33 345 292; 245 33 345 174; 

9\10_73754853_140eb787dd.jpg
400 373
106 143 278 282; 104 146 277 294; 104 145 277 290; 105 144 276 295; 108 136 293 288; 102 147 279 292; 105 144 276 295; 105 144 276 295; 105 144 276 295; 

9\10_75671582_152bf239ef.jpg
400 292
81 63 174 289; 77 59 174 291; 79 65 174 290; 80 61 172 291; 71 65 179 284; 78 61 171 291; 98 64 160 131; 80 61 172 291; 98 64 160 134; 

9\10_8168705.izcenoadj_p7070026640.jpg
400 300
73 86 312 290; 72 61 378 300; 69 98 267 300; 69 64 283 274; 78 71 378 294; 68 65 382 300; 89 64 244 191; 69 64 283 299; 89 64 244 191; 

9\10_93082635_7f4aa15eed.jpg
400 292
26 94 362 234; 3 99 368 253; 8 98 366 243; 2 93 365 242; 28 78 369 234; 4 93 365 242; 294 93 365 174; 2 93 365 242; 2 93 365 242; 

9\10_95071511_4720e4e540.jpg
400 350
194 74 320 312; 194 62 322 322; 193 67 322 319; 194 68 321 328; 178 58 346 311; 192 66 321 324; 248 91 317 227; 194 68 321 328; 194 68 321 328; 

9\10_96835757_c609dbaa80.jpg
400 280
78 70 329 254; 19 76 326 258; 17 76 300 227; 18 74 302 231; 24 65 318 238; 19 76 333 253; 18 74 302 231; 18 74 302 231; 18 74 302 231; 

9\10_97146107_ddc8084759.jpg
400 287
38 42 326 231; 38 46 330 231; 40 46 326 231; 39 46 328 230; 45 40 331 238; 40 46 328 232; 39 46 328 230; 39 46 328 230; 39 46 328 230; 

9\10_97320358_cc615b9019.jpg
400 300
21 62 195 270; 22 60 198 265; 21 61 196 265; 20 61 196 267; 28 56 212 272; 21 58 195 266; 20 61 196 267; 20 61 196 267; 20 61 196 267; 

9\10_98048098_af08c0f2df.jpg
400 321
82 44 281 318; 58 49 291 322; 72 47 267 322; 116 46 262 162; 95 46 277 305; 71 48 288 322; 116 46 262 147; 87 46 281 321; 116 46 262 162; 

9\10_98053912_88fec4b17c.jpg
400 294
108 105 282 290; 93 106 291 294; 101 106 278 294; 112 107 262 221; 100 97 270 282; 95 104 283 294; 112 107 262 221; 112 107 270 294; 112 107 262 221; 

9\10_99533452_3c0e47e42d.jpg
400 304
40 72 299 242; 46 72 299 256; 53 74 295 253; 41 71 299 255; 54 63 304 242; 41 74 297 256; 255 71 299 160; 41 71 299 255; 41 71 299 255; 

